200
2
0.00024546536455187165;4.0002214968233085;0.0002683751787868998
-1.6868264878301418;-45.68386271486639
2.000171931159154;0.00018990753570489492;0.00021281733198728024
-45.68957841326722;-1.6878849106585834
2.000171931159154;0.00018990753570489492;0.00021281733198728024
-45.68957841326722;-1.6878849106585834
0.00022824366584699792;0.00022713119432849578;5.996153481907789
-7.688761511359748;-7.686238593848728
1.011080187486811;0.5314903708890667;0.0039011823982555414
-18.1082820835425;-1.7109120386123946
0.26545245834352443;2.0289742840773926;0.004535360946066409
-1.6923303088664146;-18.17109335016019
0.00024546536455187165;4.0002214968233085;0.0002683751787868998
-1.6868264878301418;-45.68386271486639
0.22590557787597118;1.2638378430240202;1.6251744559239139
-3.880740560845637;-12.813034120838493
0.392639230621477;1.5894568405122778;0.395138820919657
-3.9112217797029554;-12.757183951665517
0.7052146612817857;0.34806074527450576;1.7173847330675993
-14.659154169101054;-2.9730998189213325
0.25984759183304157;1.9868444351471688;0.30787906127794273
-1.7707060429755386;-17.909347809267484
0.6474701349988018;0.3748242453077069;2.304644972202103
-13.594751634685569;-3.4734753630967066
0.3406395242962562;1.777190635970607;0.1317106865323562
-2.8610084767700554;-14.916035937929095
0.09825824755567165;0.9116671358337187;2.9614560080668926
-4.265611914952559;-12.13226896289869
0.007620076821469287;0.30423790830932734;5.191104913491456
-6.181532051537077;-9.360507352867351
0.038397504098251545;1.5393529110016073;2.4570670251772526
-1.7825071536295911;-17.870644084485736
0.6310608259055962;0.44513873387599834;1.4388844333355615
-12.848367136841471;-3.861555039554337
0.30679563415009703;1.8268354924451249;0.8036088341658395
-2.486618314623916;-15.832304780218154
0.9750363746934376;0.5177715356411003;0.8861635490233027
-17.61664344249938;-1.861330091295858
0.13181794574760827;1.599127633163211;1.3642042403536605
-2.125833612889444;-16.816242771237377
0.05873524994311506;0.020509505001267442;5.0821020857730765
-8.230186906396376;-7.163615962661788
0.2557581431572203;1.09825084137877;2.35982636300651
-4.804717385252725;-11.25879749096035
0.0369916710302851;0.014620285978371114;5.620602181460368
-8.017520780879515;-7.364527163975323
0.17859732764618239;1.3980915539892276;1.595517823192335
-3.046033410884002;-14.495899296549492
0.8605471657586332;0.6468274995731801;1.16546310355241
-14.750016801907657;-2.9330816505227095
0.04985063935846932;1.0323673626496686;3.5248529376732436
-3.4277025624883994;-13.687029485748429
0.3417077486659048;1.7024292714253326;0.8635380092910023
-3.1213133142779492;-14.3304648293067
0.3620506812095074;0.24832910346737078;3.012478392635403
-10.530606666621994;-5.297111818153907
0.005038481410363105;0.7173168553174359;3.800560702964839
-4.297868856806853;-12.077507674270661
0.004003099297315274;0.002690961467556811;5.874268083316318
-7.716762055944623;-7.65829444754681
0.5431642777400755;1.2759443529630048;0.06644198269929764
-6.680567264499363;-8.766341036810754
0.23978375068806607;1.1658194742628987;1.7516497354014704
-4.384055919413763;-11.932827621168196
0.422736850054897;0.17523304115940264;3.458061921708961
-11.823046165137407;-4.450398916683103
0.07344447134446996;0.003727094549833057;5.019970966766302
-8.495385479527693;-6.920605149997516
0.3651354227332232;1.646278597920178;0.8354277115884141
-3.488527564059813;-13.564612841050861
0.349669823686726;1.6718103698115803;0.9802855464236804
-3.2846103325896294;-13.981788279409042
0.029312911092774008;0.5193470003542364;3.941053995391752
-5.365797524085359;-10.433730483940929
0.29508986173077073;1.0518303770818684;1.3636649315870228
-5.361542731076277;-10.439699920899873
0.005019140461316812;1.3808137764245327;4.654967369670681
-2.0272602338080317;-17.105790684328923
0.41044081877122285;0.20086093018578668;3.0946071662766252
-11.482039568012675;-4.6618117870894284
0.5721543781321847;0.4992621078939807;2.1289853551905105
-11.65134174461101;-4.555828612536734
0.03334793232691644;0.014216625742014667;5.685625798106391
-7.978889884531764;-7.401618256501763
0.8177460576653922;0.7722222615708988;0.17706727502271608
-13.180719036089986;-3.684750644731243
0.04995825362855784;0.00437813225377881;5.485787661868542
-8.22208864361663;-7.171166518579926
0.16056351917922618;0.21930421645926726;3.7229998022484483
-8.25789340750503;-7.137842366613995
0.017121820616217986;0.07665324828189764;5.5477821584673075
-7.456045735998051;-7.922551413542128
0.06796366652181265;0.9706884877838212;3.395766132374785
-3.793139834392108;-12.975512536534264
0.07846122696073583;0.2973069350787813;4.354514553282169
-6.935093156184604;-8.47932244891501
0.40123316021819166;0.8649463476118188;1.4956575325186665
-7.3477636043309476;-8.035043903260739
0.348291190674783;1.7593684266400094;0.4950651766379127
-2.9716909289666615;-14.662337427161539
0.9109210763425102;0.6562459427072883;0.08962258527979577
-15.456893679591978;-2.6353353698369273
0.4510947201509263;0.1359153261839303;3.5697238598900576
-12.48918364561578;-4.060168390318633
0.5882458175289423;1.1874753293488298;0.11334735356274611
-7.627210322940079;-7.7480309601404755
0.14186123665367553;0.6834041789010629;3.263925708735667
-5.648996085020884;-10.045494846551712
0.04672731566663782;1.1350294152544929;2.924709847876072
-3.0437167189338354;-14.501039342067227
0.43618848980071084;1.478148728439504;0.9568105004720536
-4.722714793080895;-11.386204030299803
0.5089024482898711;0.5718079536245388;2.0099173753936954
-10.339396459379005;-5.433430086871769
0.3176575414132149;1.0714097230565323;1.3006052951718599
-5.479158013971859;-10.276199056502985
0.38843522883777537;1.6297866764982265;0.4312810950673119
-3.7239268728060537;-13.10600527985549
0.4301600800006857;1.508879891190514;0.30065577362834833
-4.5410512033798485;-11.675208246460418
0.2095791206919787;0.06729765810134085;4.192478983533348
-9.746539078122375;-5.876072662013591
0.07497204922652648;0.9845463842799425;3.3086553051011793
-3.7937484034595763;-12.974373547555361
0.2730958272394488;1.952508410139003;0.36432837875273555
-1.9304846611197852;-17.399968973380947
0.11533835015065061;0.8023877949833885;3.347191782561306
-4.869942555031109;-11.158764596534073
0.5533642311720837;0.6317428609185612;1.4693697533823071
-10.525532129402478;-5.300690513720812
0.19082597548679253;0.6268464831805408;2.515120019251479
-6.399050431485932;-9.096190285762443
0.24139098838725417;0.034421415697046306;4.4983296012818
-10.354510278655736;-5.422544106803656
0.6193917208044727;1.0711353579162513;0.9361555761020383
-8.637670340275651;-6.793541419656013
0.0348039550456813;0.02528525187332109;5.396806173555984
-7.933239118230742;-7.445689877832285
0.23532499048321487;0.4891831366759183;2.7286937897658343
-7.585911121458365;-7.7897758342627395
0.019400979723446357;1.496188691995067;3.1540095746058348
-1.7958490591924847;-17.827103117222403
0.44595712317351144;1.4241752579735876;0.8985745396682366
-5.043366220551628;-10.898237348443839
0.1938967611193555;1.3146767873159342;1.9827447228400807
-3.4487546291554865;-13.644470545004943
0.9249106685566348;0.6218808707765631;0.543913126685873
-15.949010353719093;-2.4416652240153223
0.04136401304137993;0.0033999910946570966;5.809389449614735
-8.13009712956964;-7.257488744700508
0.6847872442730494;0.9606134745097092;0.46570635500723606
-10.104034688201814;-5.6054635338015295
0.6415284877552068;1.04221396513632;0.7029976919295629
-9.07014191270357;-6.4208687985885415
0.8297733025313828;0.691489135227915;1.1395133942297313
-13.948951348994731;-3.3003191808113748
0.010263293700446442;0.5636757735804884;4.568169381566144
-4.995190514459782;-10.969831562435331
0.5358792284544471;1.2532407751103194;0.5693696863343604
-6.722283081711925;-8.718588581927602
0.03212141233896568;0.43598912787728533;4.244973122633823
-5.781090646345939;-9.870299981538833
0.06530352159820707;1.1125859947645278;2.7787547290162506
-3.2508984276981865;-14.05266689494744
0.46456767232161444;0.15961720356544784;2.8361710957101645
-12.5120079453756;-4.047308393520007
0.0858984990548066;1.0113415128933032;2.7197902422230262
-3.7748401609930866;-13.009829823613677
0.3075359915749041;1.851791186598852;0.6278566496312099
-2.4150187692098966;-16.01893000714938
0.01894347862725477;0.6556024350114826;3.848939679476501
-4.671637283797174;-11.466507539123878
0.2682380725453733;1.9167733121218418;1.1192340392350366
-2.0010858506430433;-17.184354687985092
0.7718990766575021;0.24028079411219097;2.24237704381683
-16.556002981358553;-2.217312030127603
0.6068027537154559;0.41241585518451485;2.368739279056135
-12.735947946221884;-3.9228617715115197
0.3563090453048705;1.7318771442969818;0.06074387384285977
-3.120464223243585;-14.332313813803234
0.8460187942079059;0.22465178334112976;1.8586948918080028
-17.91134302884543;-1.770099173023921
0.14781648281360849;0.10076315554730422;4.735359511751803
-8.797258198320101;-6.653690287441061
0.009971135941613035;0.5891569302185611;5.071728760272586
-4.880824706419468;-11.142185948108157
0.32310132539806824;0.9258872547543857;2.1959337508386927
-6.227458155920912;-9.303988799461653
0.010666441018441365;0.12576724390581712;4.952349411446329
-7.124017545659833;-8.27279552621811
0.8373970415238778;0.720135463233281;0.7677114695663995
-13.849495489365689;-3.348250671406467
0.10288551758320703;0.25460052487928336;4.14776527933869
-7.421322125644838;-7.958446512486401
0.7443113907539027;0.27569158256072834;2.0548640232182223
-15.829823687588119;-2.4875804991702695
0.7244573311522495;0.3914186508920323;1.26135697871837
-14.622025876921844;-2.989569751384709
0.33120867546136384;1.0221306432215522;1.218957760170214
-5.8384705450129255;-9.795316760299993
0.8114987009236735;0.7480277656006704;0.7942482474597599
-13.265404863710364;-3.6407388649969206
0.869062001937395;0.6682632982223108;0.744909371815719
-14.716335810587857;-2.9478680484105846
0.5279037557089281;1.2254107136220607;1.0727712610928408
-6.783447634074796;-8.649082858321044
0.12581419141937802;0.12849385685628018;4.710650385198379
-8.379902004392545;-7.025422218585313
0.11690898657679756;0.8206754744035414;2.6503789937520628
-4.804185469898626;-11.259617983648035
0.13807900969000397;0.17861306822337253;3.8979022678130812
-8.233512248857645;-7.1605177861346565
0.02299106684542738;1.3023893089098082;2.6783040432987106
-2.355819526237426;-16.176298453645913
0.7786517414362633;0.28761712919897137;1.5485030125002917
-16.282878381909402;-2.3163284915002946
0.7142223556783768;0.9014291165207602;0.7747275399314619
-10.863831208798299;-5.066659665602373
0.20355465949227775;0.06369381550851716;4.305416972636653
-9.694219477145912;-5.916648938909489
0.7995529532522022;0.7626384003584777;0.9610689127703873
-12.987749172640584;-3.786606605035389
0.7333205762715967;0.8920709248586423;0.2017456547440349
-11.177767198806508;-4.857494694276445
0.013029132710727073;0.11417039429974148;5.338335485724074
-7.2106470384248835;-8.179880456086044
0.07930963448906049;0.27076514553428016;4.593546431158604
-7.0832743765696735;-8.316879018687425
0.3031528790406796;1.876654045232247;0.1519159103784652
-2.314369191337312;-16.28820034999708
0.22168393502321007;0.07128438513404417;4.00606755757487
-9.872405286762605;-5.7794869527264705
0.42821369937540366;1.4985990949460486;0.6742185775334926
-4.567940158320447;-11.6318288164681
0.5978481127129196;0.47761907736543696;1.8431205671334356
-12.152559104898772;-4.253710476234349
0.6555245124642015;0.3785895310032028;2.0865105479089876
-13.68550792439984;-3.428453491222639
0.21131838354897614;1.3411330168447635;1.203215159115313
-3.479405987191495;-13.582864734406417
0.279644540239495;0.3565443435550437;3.2032560368148095
-8.843701481432065;-6.613509375268655
0.40469437130677843;0.21099162275138292;2.766872307495683
-11.336763272301301;-4.754394953817389
0.7860405255543205;0.7554266817076005;1.062521948979257
-12.846023390767531;-3.862825327356089
0.938252143874762;0.61790240021295;0.003443759896004811
-16.19388909276179;-2.3492683298594694
0.025304081805021215;0.036787659986301846;5.504700483094733
-7.763703776250987;-7.611678236389841
0.5787950409064151;1.245141893218562;0.019551804069856578
-7.2136303569489;-8.17670028241195
0.9875413139653699;0.5430531790568238;0.6318683946730871
-17.614370311248667;-1.8620463736355934
0.2437400324313102;0.45617142425576857;2.8026153184372844
-7.860677754314334;-7.516282707638965
0.7954690974873653;0.7944878079169576;0.24596216967128964
-12.702310347862229;-3.9413560902267246
0.677744375454917;0.36340383283061967;1.9447609334622789
-14.12819953411592;-3.215265435244563
0.8862140063842598;0.626852682113317;1.0443507264830139
-15.300507156809392;-2.699178519602162
0.017678124745738683;0.10465201545246398;5.288251334311534
-7.311175190394694;-8.073428615965547
0.3094359462791234;0.9384966301260851;2.397068800416318
-6.0317239162422;-9.54759602948842
0.11503629946798077;0.19545939184647945;4.4720244964310645
-7.879070713097172;-7.498325435112867
0.2946635556249473;1.8772521317977062;0.25649476868898125
-2.262663245540117;-16.429838471566047
0.5702335691181353;1.1397690712872741;1.1010606633618076
-7.691339855516945;-7.683661119077985
0.7050568930539218;0.3292524291306279;2.048133255620375
-14.800498736381316;-2.911023809631941
0.4824522796606513;0.7365159587137402;1.239165358978435
-8.995798656229075;-6.483524049545887
0.3740308598765116;1.7191926597451392;0.012663753731483669
-3.289375132653332;-13.971815472566611
0.03177122273822968;0.010263249844005335;5.754355349035957
-7.983374248665739;-7.397303096708744
0.17158072876674477;0.6609464941505849;2.8783920871263287
-6.0406696281037044;-9.536305030891754
0.1672554948341451;0.11472004816518465;4.4089283203226906
-8.9446582362339;-6.526957879699742
0.6690321034587993;0.37733403117591235;1.9179893999832034
-13.894518437159924;-3.326486504001377
0.566224290855907;1.2107925086638032;0.21449132460366066
-7.262746172654318;-8.1245293691262
0.1584094369607118;1.4328995697066615;2.162518882607288
-2.7946922926856517;-15.07157994632327
0.5944858144956636;0.08253427760014188;2.555409792826601
-14.99710904520506;-2.8262981799020217
0.9553849768416761;0.6117465340180588;0.010226020995906896
-16.51959065299803;-2.230333036679799
0.770962004893721;0.2689108321614763;2.222157218919997
-16.309635027352172;-2.306490073466547
0.007344704649964305;0.14717794454431657;5.218447519578381
-6.97636626812707;-8.433740155815336
0.8729868739597102;0.6982494392011204;0.2701279644172121
-14.547709925029888;-3.02274252912859
0.2684344225726104;0.05101428574110391;3.9905783268909056
-10.595754729616413;-5.251354576171125
0.8921641419843117;0.687461464876495;0.007620715241713612
-14.923384323831993;-2.8578493138185777
0.655275494622103;1.0015548022612095;0.6442248741535027
-9.482457671976514;-6.083499615163549
0.11028188494706236;0.876848295606074;3.060638337982364
-4.508644487273236;-11.72777427010468
0.1378422383024064;0.2569816827569458;3.663772869325192
-7.7907151606609855;-7.5849844283344465
0.03641040258786888;0.02538875325009872;5.267426710439087
-7.950626085140891;-7.4288735139588615
0.12399064796597617;0.8154082313862492;2.888979833228637
-4.888625182080422;-11.130321472077688
0.19520516938835755;0.6175421503274253;2.4799969222546325
-6.4898638962894015;-8.988313823347212
0.19274525463217088;1.3647633653556166;1.5638492408831042
-3.260474618175151;-14.032476035179176
0.5183371515665709;0.6927355756000118;1.5252715681671487
-9.697456849729326;-5.914130846864892
0.024420823513687295;0.7059240458904118;3.6065245184697736
-4.505304085148899;-11.733210472642309
0.7480262945388791;0.2952882020779554;2.011502444792565
-15.733539241585929;-2.5251309845880967
0.054978817565764185;1.2150646464475796;2.425755782152587
-2.830672944221613;-14.986850068698178
0.30657684471034585;0.3153509645005004;3.2330687494971033
-9.414101450030943;-6.138271475908839
0.2698163567331237;2.0144077029835357;0.004696119413423135
-1.7511988273606325;-17.9737237120508
0.011235473138313546;0.5675921352524336;4.428690450614433
-4.986490571303461;-10.982823650037332
0.13128767587958293;0.16437192380542295;4.257767292792702
-8.237262767007453;-7.15702505951628
0.05853343927086891;0.007472136566279608;5.376999446223127
-8.302282088333689;-7.096739926603647
0.1661377094076734;1.452434918093404;1.7977627840481845
-2.781380057793553;-15.103134549852182
0.06538327120574286;0.057133553010998185;4.8296661105886205
-8.097903258830733;-7.28794037542537
0.875917238626623;0.686309430523337;0.36448329336996166
-14.683231382223273;-2.9624558681942754
0.7637812809756784;0.949010875725349;0.038472204665083574
-11.204256327878;-4.840187779391915
0.756898481831276;0.3527066542811061;1.2843213694625266
-15.421627408137452;-2.6496340049415497
0.04883124059901895;0.0021388602988867992;5.741381323957294
-8.222004677095017;-7.171244847204353
0.9573112233135886;0.5950659474193155;0.003826142821186581
-16.686290100244943;-2.1711686089584683
0.6716067151894938;0.3793043902700528;1.8061105531199895
-13.91812035820287;-3.3151209170045868
0.661449968356052;1.0001767126814671;0.4373943981554071
-9.56662801149723;-6.016672547160227
0.7225225969593582;0.302927090485228;2.148577961491187
-15.273583331074695;-2.710284193306322
0.15947186457003418;0.13391308893713075;4.056294664475628
-8.739404858930065;-6.704067816697752
0.13833014265251378;0.11700110366477078;4.76103493403501
-8.591116553303447;-6.834865555260625
0.3790772794416833;0.23236659130521628;3.0651926956793103
-10.855786808529789;-5.072119165170135
0.16214893494528393;0.715061959053313;2.6077355478965143
-5.6909940829840915;-9.989399063774288
0.07475005869881327;0.2752895756904946;4.6316006793008455
-7.011480967206838;-8.395165008428389
0.5219686519208185;1.3059800007239908;0.16288904116943842
-6.314931542136431;-9.197401207842322
0.2886230246297055;1.9604680939099288;0.007050967051421017
-1.9930819792293109;-17.208524470385008
0.2797671545097614;1.9339368168230848;1.0037141177729925
-2.0172684605371294;-17.13569604637631
0.0737662482089761;0.9486617909455521;3.4276699595927265
-3.92309702664849;-12.73551926645209
0.283481185760407;1.1510936704025168;1.2247779758218793
-4.81598723048386;-11.24143151818259
0.06930788172553076;0.04497242514943571;4.889332603625617
-8.211307435467216;-7.18123071414933
0.20551157879690052;1.3535222408440881;1.5845586808293999
-3.3920595640510527;-13.759549479804212
0.4729449513055185;0.17449343086466695;2.6014304688151
-12.525233111227784;-4.039871922017713
0.992339725997829;0.5505424051363356;0.6034442319906519
-17.632002826900653;-1.856495311448105
0.4542333345561542;1.4367693715571737;0.7206311834042458
-5.06093888196379;-10.872268608857304
0.6945733522198615;0.9512243975736917;0.489778722984748
-10.287848634614038;-5.470703259087695
0.12610836448172918;0.8488345141466699;2.5507912511358284
-4.762054963089257;-11.324850600104584
0.7278830983754236;0.9057387418214179;0.18934380413234697
-11.015181203288007;-4.964879199064284
0.4763614371929943;0.6401057808733573;1.895711032755941
-9.504623461475758;-6.0658354328368125
0.47698654125555207;0.8363993822001796;1.5305783994419804
-8.347978926714887;-7.054668223294718
0.6134397790885268;0.4173583988547505;2.1969678264886037
-12.795190883663192;-3.8904581311178585
0.07424291865919491;0.3140765820890177;4.09147461955211
-6.804171198515238;-8.625669390992144
