200
2
4.093856780931268e-5;4.000016970026565;6.384838204434081e-5
-1.6873377364402997;-45.68662375824072
2.0002641173065827;0.0002820936831332779;0.0003050034794156632
-45.69082296314079;-1.688115412910437
4.093856780931268e-5;4.000016970026565;6.384838204434081e-5
-1.6873377364402997;-45.68662375824072
4.031019051423138e-5;4.031019051423138e-5;6.000040310190514
-7.687721707672741;-7.687278295577082
4.031019051423138e-5;4.031019051423138e-5;6.000040310190514
-7.687721707672741;-7.687278295577082
0.26321700436946394;2.025146628432143;0.0019476300574786133
-1.6907201081150163;-18.176558924740384
1.0134395449193898;0.5274306747202245;0.003262878767110606
-18.182811832753604;-1.6888792664494934
0.48985283874468033;1.3384841850350846;0.5063101132597214
-5.842940225975257;-9.789503808978218
5.167139070633291e-5;0.0008585099372734898;5.926383983695835
-7.683347150920198;-7.691653989634669
0.20348625790714336;0.5313371782057394;2.9296303238942634
-7.01896092609875;-8.38697221240473
0.6342685996663897;1.0483798102776438;1.160713348283107
-8.94683491575882;-6.525103636152329
0.9368015139129525;0.5953593431651435;0.4684772862432957
-16.35174718300931;-2.2910666517409317
0.31838179424232443;1.8716297585442476;0.15314908117421708
-2.420630522629869;-16.004158393285454
0.42550507056033515;1.5035404037899622;0.38796689398631296
-4.524379299018149;-11.702212188380361
0.08269713837728238;0.30564063725239293;3.979310924885932
-6.935814058894831;-8.478524024370943
0.1986517595001485;0.5174188577141158;3.3800710199921222
-7.0412933316683315;-8.36256205752034
0.4062939810388165;1.5376646872589503;0.4255010978284445
-4.225314268902419;-12.201158245896908
0.06175178079346777;0.3510892804105864;4.050334824572057
-6.487573805882398;-8.991016712942557
0.7045786287222215;0.32653870144899216;2.385798711375639
-14.813964995760653;-2.9051608798106954
0.15415067164844096;1.4479436993050696;1.6819991424969447
-2.718251741562861;-15.254317657652924
0.006222791245971336;0.10017948669756807;5.580693493708339
-7.2126607648162215;-8.177733711078103
0.034428678790436325;0.0791259486964131;4.981757863719628
-7.631128192828026;-7.744082695098971
0.8227093065949762;0.2311114224540559;1.9156406257129202
-17.466454378814692;-1.9090752807198326
0.4445295250416935;1.4243537785499818;0.6575283131858783
-5.029919439757853;-10.918161452890399
0.10886645850063857;0.19814755872747436;4.5141949513925965
-7.795603056764628;-7.5801641157527975
0.4722154049015867;1.4174037008714455;0.3466653432144629
-5.309852454809984;-10.512554256560975
0.5095413017067959;0.6043555131357735;1.8447562868515344
-10.140497555938305;-5.578499562882306
0.7266655878003909;0.03671966120068869;2.7781934355853637
-17.485651511931444;-1.9029248535304126
0.007966075667675722;0.6132055153355632;3.9229542649842104
-4.759231969342965;-11.329238973345294
0.2948887519043387;0.43182296724497604;2.5858651609622716
-8.58119958672141;-6.843699684520697
0.009624318777423002;0.07718790537290238;5.642414296858495
-7.372190985755982;-8.009522931754603
0.4786203110253996;0.7218661327940343;1.5210442107472988
-9.03746084110509;-6.448341459280675
0.6099751388660262;0.162907486077618;2.4526754717087393
-14.618574817487989;-2.9911041092892114
0.29022355975893854;1.9649790222499475;0.08136141856995789
-1.9895031246565;-17.219354054709274
0.054233192130836196;0.31491338608291514;4.677454816714634
-6.594661854544146;-8.865578874577814
0.1020442025695664;1.6776318381737605;2.0193317542048783
-1.7543413673490238;-17.963319130729932
0.3907737985601719;0.8769903144033436;1.4795314587372945
-7.171674367225863;-8.221544257338863
0.5525175354562464;1.1757365625205407;0.732474373793197
-7.303640497071338;-8.081356904759868
0.5244108643543843;1.2675879017332679;0.7922521022745563
-6.532144686825039;-8.93857259009453
0.002039002828554863;0.01078883559915593;5.846130492999769
-7.650635470557257;-7.724454599919765
0.1859616245058983;0.593834001937048;3.4354446492513397
-6.51623524117497;-8.957253523352733
0.2854915129211736;1.9248272341873194;0.31311750707767416
-2.0742509945718774;-16.96653728636657
0.35910636591926;1.6954709216664046;0.33868764107048677
-3.2676135255323087;-14.017453613639038
0.19486825820284734;1.3820276774848845;1.311437335808938
-3.2145403624203426;-14.12974313429143
0.11595610934353232;1.6306796756030573;2.151022752161795
-1.9508293854892738;-17.33727141156519
0.653065085543286;0.4130473770662116;1.9856608403604514
-13.397052244087195;-3.573141509863231
0.9213773073416436;0.5893789083369885;0.8476791030157219
-16.152017046163728;-2.36488427635444
0.11135268098607365;0.22231773159495727;4.263616011930871
-7.689632117331854;-7.6853681831827645
0.7575686607337216;0.8571134960644581;0.13735080672327563
-11.739626394514396;-4.5013643150815605
0.7810828385900497;0.8030702519223837;0.9991162084266618
-12.438750703564628;-4.0887010257297565
0.31359822966863005;1.828476072774197;0.2502526719037519
-2.523534835756043;-15.737610583562352
0.9812664438674222;0.5394014870158926;1.0153753919906363
-17.54002568766652;-1.8855802797580505
0.1510684378265661;0.12038513728526168;4.718481057012008
-8.720168255423031;-6.720899133376454
0.7750639230320904;0.26279780628112953;2.110829942499816
-16.425033850134614;-2.264403412521051
0.3636618526258624;1.7397484177454492;0.010266553897937167
-3.144167879752517;-14.280839717183483
0.2707365565473091;1.148532395228775;1.7507815412213452
-4.717194920287377;-11.394847023763099
0.3383919510837681;1.0195818002937826;1.391144903716603
-5.919621959265418;-9.690398838654128
0.04105553944214767;0.049459771765632946;5.3506427847676905
-7.868148297009201;-7.508983918703914
0.398450673261072;1.5673900031409702;0.6239556911522944
-4.0434651585747385;-12.518840381381828
0.20939465520454065;0.11688286247912648;4.172860210169187
-9.439132966916434;-6.118162039686932
0.45066418304144806;0.8407185522842546;1.3339589669523089
-8.024527525421233;-7.357819573636179
0.3773892370844409;1.6037073010218337;0.5731568433431062
-3.739071605370694;-13.077288700753163
0.6386762306857164;0.052532662554968704;2.70645180720999
-15.924192433063357;-2.4511746460822508
0.970422220540475;0.5472428644093532;0.6897244753937295
-17.294434026195344;-1.9648166828077782
0.4987507929864579;0.6526531087231734;1.639427447182903
-9.70308709713505;-5.909753847387882
0.02477366291045913;0.08262414407665267;5.2760109253588565
-7.506671575499382;-7.870516576312463
0.5760903597773946;1.1335187644562565;0.8625140022885467
-7.790489021610028;-7.585207515526171
0.3310507186645071;1.7587981587846135;0.3253768046645996
-2.858411730845664;-14.922075666857257
0.2455533331750376;0.47797062208983354;2.826496836350372
-7.7599207990901355;-7.6154243122274785
0.2277133824770532;1.249617165346157;2.2268439882198576
-3.9501911899186073;-12.686285594231164
0.002809752158618055;0.21615277569786334;4.773766240823506
-6.57389126576478;-8.889757250951678
0.9549472351583883;0.623725484646276;0.015316546365507838
-16.41566008088844;-2.2678012385129307
0.3484503340869985;0.9306692727419946;1.796383189740106
-6.456420435357681;-9.027875085605658
0.03088894594371104;0.08225870001951024;5.056325707708392
-7.57527501877526;-7.800563908228227
0.23242764284838208;0.06127577265341005;4.448689375207884
-10.070063745086758;-5.630689101609863
0.08017429275698895;1.0335907291309294;2.8569403458247944
-3.6472200514954953;-13.252883631281962
0.38784512462254783;0.23925900593137667;3.528291734986577
-10.925630317028556;-5.024886640577648
0.38264345922012744;1.6048988575473753;0.3784760892786728
-3.7745825432020568;-13.010313873380383
0.3008258827998428;1.0012803507277905;2.056688192220647
-5.649245787846914;-10.045160224256069
0.25330161401451584;0.3791291603109632;3.585463163553526
-8.404857010389966;-7.002642265491215
0.3617626828675852;1.654333927330268;0.5488438056963276
-3.434457489565698;-13.67335166711177
0.1528272790087046;0.14765968505631608;4.115859613608588
-8.581434181168005;-6.843490578595979
0.3736049876211409;0.896975549963303;1.7139750240836271
-6.8862190664059;-8.533640388337135
0.56218102755149;1.144450817043941;0.9352358526292184
-7.577415367681036;-7.798391749031605
0.06951757109116585;0.46392522486618043;3.7151029414711187
-6.006158111065151;-9.579949020587485
0.8364029530669784;0.220783479629467;1.9534665741327744
-17.78199247284668;-1.8097457812972924
0.41300922604263507;0.7924266310309043;1.5699669702153645
-7.8733834262407605;-7.503873394642737
0.8161064076659532;0.7432189290284555;0.6345638751096104
-13.367276504553892;-3.5883437552159334
0.36174047838470835;0.01082261542039728;3.876015269586025
-12.115002788913943;-4.275761034074728
0.12434628583387614;0.1800204151106495;4.359455768085166
-8.069912726150267;-7.314519004022139
0.5849390955956829;0.08505632851428223;2.5084262456804147
-14.830858718466136;-2.8978182290182173
0.6258138098383383;0.49746876591266215;1.6135616873849
-12.404129272412732;-4.108381881008572
0.5018386210739204;1.3031557697227576;0.8387213795873446
-6.130055486816398;-9.424319290140483
0.46211602603588;0.6872324138167718;2.3230070738047344
-9.047166838935432;-6.440170818130559
0.1668370800914861;1.5146892686508977;1.255152215414935
-2.5867135898559157;-15.577879783003098
0.30739156596787004;1.0289590294035713;1.8794245094241688
-5.581074237970211;-10.137009110116356
0.6824020124309834;1.0371366625268286;0.13173683011361784
-9.597036393182927;-5.992695407496407
0.026197352064426693;0.06930508933275364;5.24381098328495
-7.594778842506294;-7.780793079749195
0.024915448534236162;0.04154162288938701;5.705346182924231
-7.733159720051384;-7.641977704081447
0.8565457517348676;0.7024129360959219;1.0787761584378206
-14.267703287104757;-3.150239045992811
0.7439083215808222;0.2866821023594117;2.294730880303618
-15.736464159520471;-2.5239842106959105
0.2383587341875543;0.4553292802991113;3.2564425406585578
-7.80559248900716;-7.5703224201711885
0.10602531837768545;0.3184755983450497;3.694546072320335
-7.113488983706132;-8.284163561192598
0.24288076819662216;1.2069229148429306;2.359154412683202
-4.241186152294177;-12.173961315240726
0.8123267719061854;0.7603500479880192;0.7600588821611965
-13.18818975992813;-3.680851305860261
0.3023516017077288;1.1661047175469796;1.6027692495015524
-4.914963332345793;-11.090379987792538
0.2402290007728766;1.2861916389596708;1.4596937039150317
-3.905171688683715;-12.76824170023681
0.11091034524798067;1.6461762548417722;2.1843030272666337
-1.8823331697809138;-17.550244377584836
0.24084962175107108;0.4614245744105216;2.9791538908567703
-7.799421742210687;-7.576400382202862
0.7189404986040808;0.9398908597057212;0.17443395677700518
-10.67443993331312;-5.196548420786278
0.08978810819251216;0.9635347792744277;3.4807256476759347
-3.9903189324359007;-12.613863124219336
0.8510312200657734;0.7668219453144439;0.18848913617479546
-13.705997504639804;-3.418352061651674
0.8349024675400563;0.2401966223150466;1.7863589288017563
-17.59412564813484;-1.8684342077191163
0.14975650806503982;0.14554772904772356;4.254130514833509
-8.558014388579311;-6.864396230673394
0.16328710925483575;0.6692972992860063;2.6747602351657074
-5.919982165826981;-9.689936054366663
0.042951754049877104;0.05972692636543102;5.1168273383426985
-7.832156412970072;-7.544214013892515
0.4754068656430236;1.5512803325124414;0.06343547675442021
-4.74549383244321;-11.350626445933544
0.2611955926469497;1.9942125321252242;0.2706321027129498
-1.7587406694160885;-17.948775484560663
0.10357280701371124;0.827125459234948;3.1125600698630667
-4.661985859822157;-11.481764157104939
0.25054056060268776;1.3238407065182531;1.271490422401296
-3.839255616003391;-12.889611054445046
0.7061746381202295;0.32959438243128025;2.085624355812706
-14.815010076018208;-2.9047062441172433
0.5398306777530241;0.09392935448537834;3.0788878806404494
-14.080693583449898;-3.23764157222253
1.0001986306759083;0.5851797811046799;0.02282185176406363
-17.474036657756304;-1.906644375037803
0.79529238693056;0.8942616565316784;0.034302980383384724
-12.00214302903932;-4.342588738415462
0.8854018806815733;0.6299389648274816;1.0985388755474776
-15.263828864920523;-2.7143161030282066
0.08483892785641164;0.2516997343868697;4.3875232149429975
-7.243107255873964;-8.145347921288476
0.04120740643025546;0.03540992108567869;5.525965185682867
-7.94823636461234;-7.431182555089188
0.9019739793845741;0.6363314583484035;1.0925175203579283
-15.472719044368882;-2.6289375397406913
0.6916663106352142;0.34259547962682535;2.2049707100341958
-14.494688077036313;-3.04657951895668
0.22331801162306203;0.4849907823226834;3.21489448633868
-7.478019912622744;-7.899922262464898
0.5148427703280887;1.2722344364260618;0.79131871168309
-6.412311040104827;-9.080348893573554
0.33052496823637295;1.0800174894893166;1.365073462200459
-5.558712268889554;-10.167355352071832
0.08997880043966484;0.24327680238293736;4.347977617279051
-7.343253713009213;-8.039764929548895
0.3053492560315103;1.845973874834254;0.8413741435194436
-2.4193907266278187;-16.007419717111382
0.13666144793803317;0.29241702413105786;3.6462612468326885
-7.582846880331365;-7.792882291136271
0.7918481022918396;0.7911765914814601;1.0194918740922214
-12.674445209213896;-3.9567294650894866
0.3269277223621926;1.7815377986404146;0.2194905904849684
-2.756914544795435;-15.16142043787176
0.01060992230518568;0.19091362494690947;4.878038177087118
-6.782980187233945;-8.649611770935865
0.28230716947767087;1.9293462110843707;0.20534887337741425
-2.043967786095145;-17.056018379514466
0.5917897094720787;0.45562167373801876;2.267437485651558
-12.221190077439367;-4.213654880171843
0.13057100441311742;0.7865490679073932;2.5877604342083917
-5.0738137527859415;-10.853291402678682
0.5433793243930914;0.0910545873438067;3.3173366788888203
-14.155298915905915;-3.202554240039774
0.09174927354108278;0.3991713329542156;3.630092123158759
-6.547814428269535;-8.920215072862087
0.7196487923422514;0.037327738375050296;2.7221383529855316
-17.363853604662935;-1.942185295258961
0.8893961744973599;0.7116616931401571;0.29363532314893653
-14.69548644386468;-2.9570492294644946
0.04674833479544767;0.015720290179557558;5.807318772502768
-8.121319251956695;-7.265779078431978
0.08151841906932736;0.2549050579026526;4.420859904767617
-7.1906645611006175;-8.201214978504595
0.625549793077934;1.0887924455092155;0.7015918287164964
-8.606532881461483;-6.821154334348302
0.7363672745391754;0.9141694406438597;0.11704479024068823
-11.071603076750135;-4.927386883970734
0.8798044028426367;0.6557168850572963;1.0523937094394018
-14.9774829358816;-2.83467180897385
0.1388102781364518;0.19227448774917202;4.2073099639077896
-8.16418732829298;-7.225380574531934
0.17825571856485345;0.08837963456398741;4.5859677252285875
-9.2341195776586;-6.284669749435684
0.6646682062910209;0.9896568308044867;0.3085119060543061
-9.671119918053126;-5.934644518500023
0.4951063067657225;0.6918320367909165;1.5707543886286262
-9.417624140648917;-6.135437796503103
0.26725301098401427;1.989295033413829;0.14005581337271822
-1.8025715048715463;-17.805250630775355
0.1914081664340555;0.5536519788622947;3.0359595502926213
-6.7770887649742395;-8.65628087091026
0.2323273083874897;0.48962144431029797;3.1418661046336744
-7.550805791032927;-7.825440893921431
0.502997972513143;1.3675940273416118;0.0061866165503015064
-5.829463720399828;-9.807042625868414
0.8686846831077046;0.6829894701871791;0.890846150170049
-14.598306393303767;-3.000127536993235
0.165155633467419;1.4838700443712354;1.2845993060503897
-2.6736245771003704;-15.362771128900741
0.13482308583515404;1.5660569124301633;1.9400547651699365
-2.2379217345783124;-16.49843988293672
0.5336365545142421;1.2185553974554155;0.8988088763776029
-6.878333744443567;-8.542438917139812
0.012319423582251226;0.12888110249706305;5.491263933271564
-7.1250340434677355;-8.271698852125901
0.12075753182333168;0.29631698606612833;3.7521339635240616
-7.389092677393811;-7.991913824007927
0.32287526047342546;1.8055377503687804;0.6066690153303513
-2.6537766557095828;-15.411436179350808
0.45779392605190916;0.7255699039953007;1.4193003278844123
-8.768705535200217;-6.678508106006524
0.3923091416500329;0.8149242477753265;2.252134947309409
-7.521735646868842;-7.85510125609671
0.7636555845474791;0.27443062454220174;2.084698082223279
-16.148052653958967;-2.366366663878651
0.6696225437366605;1.0568473035019879;0.015577381334076101
-9.320436320234252;-6.214060696549587
0.041297281111292286;0.05831583253409018;5.187251678666343
-7.821622470002006;-7.554556443428568
0.023602202821594927;0.04325666852927769;5.732498281427214
-7.709228138754838;-7.665803030501803
0.2804229111675113;1.0989359845431121;2.3157098830201246
-5.017545130520635;-10.93653691480962
0.012966156765068158;0.11027127172670281;4.928601855689479
-7.230748789788567;-8.158477329950797
0.8983547188919021;0.6397615986006318;1.0877986331418075
-15.389241418098061;-2.6628151870831633
0.6577066211901115;0.44112786876704696;1.2219503532897729
-13.260444469386398;-3.643305359641463
1.003339098610763;0.5559937258131386;0.5679248440912752
-17.770750028331566;-1.8132208428393009
0.01845241425660574;0.11722052460383986;4.836686801042162
-7.252214282540066;-8.135686939536978
0.005032134309382314;0.09656959642434794;5.757080773286307
-7.219203868808043;-8.170762474669461
0.029181747522801803;0.057892166086229685;5.188326279908284
-7.6900925314275455;-7.68490791287443
0.3097804764141358;0.3643780787058421;2.62327244931537
-9.156124106918746;-6.349112491572021
0.6003051251600869;1.0682235828321625;0.977354847336978
-8.433152900912644;-6.976899558544519
0.5441750288411863;0.08815525738365515;3.314177421026777
-14.188961040187538;-3.186818236901645
0.6559615323620939;1.1202752339506852;0.028931310561170924
-8.778291960294453;-6.670165821785925
0.6905657696523579;0.04005238788067198;3.2758275234952685
-16.861928623216475;-2.110057957551992
0.016811788818148307;0.07542453280213529;5.382455292708353
-7.459342066440664;-7.919152573264889
0.15642819861494592;0.625431860083486;3.4986386751123235
-6.066038374283372;-9.504368465672906
0.3681265741068649;0.00996056356630804;3.784943325179492
-12.209610134074653;-4.220391702953012
0.09585315557316708;0.3227695568819232;3.7740668538546847
-6.983829722837008;-8.425525425928486
0.5610880624411958;1.2041500875937765;0.4174920658667215
-7.243362935649991;-8.145076525475224
0.555638351595157;1.2306381368966186;0.22243618026125997
-7.045259266471748;-8.3582350372411
0.8018606735671193;0.3452448668494794;1.6874079503429276
-16.192883692996094;-2.34964240986374
0.7291361642494354;0.9160809965179808;0.12376937354166498
-10.963523766370106;-4.999419114580318
0.01411974237010338;0.5151204150124894;4.196678264263101
-5.246707923765249;-10.602398156760357
0.2206451944977433;0.5206919003695014;2.6460109919659702
-7.257096287451396;-8.13051291256556
0.055112002843095156;0.061180456766587246;4.7910009637509345
-7.959644788748448;-7.420165750632812
0.30766317841252266;1.7946190756383709;1.1980807068066184
-2.592121363172835;-15.564341270119415
0.14225752726218122;0.6667241782091402;3.205342372242025
-5.731433633961609;-9.935733994494163
0.9744465025862171;0.5466958298282713;0.9509263259891375
-17.365741382936047;-1.9415724541502533
0.6210634384060897;0.07436109094297408;2.465303510128166
-15.473888752927353;-2.6284651083660937
0.2990973371018276;0.04220750698280827;3.831987994150222
-11.05455114982892;-4.938692310399603
