200
2
2.0001561280458824;0.00017410442243282785;0.00019701421871521317
-45.68936506662187;-1.6878453982592136
2.0001561280458824;0.00017410442243282785;0.00019701421871521317
-45.68936506662187;-1.6878453982592136
0.0002968597799517574;4.000272891238708;0.0003197695941867855
-1.686698032127824;-45.68316892059468
8.297836660359869e-5;8.297836660359869e-5;6.000082978366604
-7.687956387901729;-7.687043625869089
8.297836660359869e-5;8.297836660359869e-5;6.000082978366604
-7.687956387901729;-7.687043625869089
0.2634543144872598;2.024755094113869;0.002045744709388495
-1.692888474864023;-18.169199591396865
1.0162346196793213;0.5328548841836551;0.007286518842077333
-18.184222167709326;-1.6884642607844624
0.456847996840782;1.41970059034689;1.189448558818465
-5.160515370187147;-10.726565933505732
0.7439739531736802;0.336148211864868;1.349104702911036
-15.349040855863672;-2.6792442165562544
0.2397561551817367;1.1856472010972094;1.368747906832521
-4.3023845848759965;-12.069868382947094
0.7904644306069646;0.8007138917279397;0.3705989585519966
-12.587417730782963;-4.005053066437082
0.7053304980489274;0.3581682662871239;1.4695545105842394
-14.583950960263465;-3.006530932345424
0.0017776991220063779;0.0009223225178652763;5.898094698579808
-7.701988849581591;-7.673025016593969
0.2749136365312329;1.1519341887493562;1.4363558857794378
-4.738444701640083;-11.361620774195877
0.05320800041353195;0.3803770745767786;4.225630579233658
-6.255768764306666;-9.269340575553528
0.03898100124728193;0.02988576156611091;5.406752238842492
-7.9542306500483;-7.425391999835321
0.22102452102687084;1.1742019726640898;2.267989855535262
-4.196706795444407;-12.250389032158235
0.02013016102648102;0.09617515280685354;5.135879079707929
-7.383094899151833;-7.9981580374446395
0.10377648056282829;0.9348949533404087;2.604636646205385
-4.216145416457787;-12.216907330820062
0.08303629514908392;0.27106112866333465;4.506042687492924
-7.1210856321796365;-8.27595955419647
0.7600122400993291;0.06705070421661749;2.875269000987535
-17.789988561592732;-1.8072770257902855
0.6289877976492197;0.414276033235521;1.984447182206694
-13.039676542371211;-3.758981359679109
0.6628395675757013;0.9719693081542801;0.967800021854861
-9.75801469019851;-5.8672065932301605
0.9478553582635029;0.5664427661306262;0.8078325169067531
-16.765427011131084;-2.143479556770904
0.026346493545172545;0.5625775859443051;3.843585078262829
-5.143117010451685;-10.751847597845241
0.4741159160200688;1.4490279637551493;0.056100747434593326
-5.183918041108155;-10.692675489973283
0.7187459758328055;0.8933349329939388;0.92819261558853
-10.97647046366384;-4.990743258275445
0.04715057110732007;0.019447635079409775;5.512886779514952
-8.104797336774212;-7.281408758286677
0.3315851617637757;1.7356707831828737;0.8592181294735796
-2.939004707856605;-14.736509764065152
0.8119789881203731;0.2515776879719486;1.5803678974251592
-17.11901924110713;-2.022836070150362
0.016698954104690723;0.1379176057010624;5.045669134146107
-7.123566030959506;-8.273282703367999
0.8873450098677369;0.7209534257325171;0.13509241988158763
-14.593412076557215;-3.0023095425246895
0.160436306783966;1.5250498585886936;2.049336913701822
-2.514567989811603;-15.760517685039979
0.4448283450108184;0.7512999271986901;2.2433057933706024
-8.467604789345053;-6.9456803982926365
0.21514033365092858;0.5333932338844498;3.117815062817363
-7.13101308518299;-8.26525131759151
0.048033919184831776;0.006323624620702464;5.691626334151492
-8.189147199520706;-7.201960848282132
0.9829145668617837;0.5861696947866298;0.14675636312446996
-17.179087081600944;-2.0028332532946287
0.8267150846436336;0.7675036953843788;0.391617400618151
-13.344961323627892;-3.599770110696119
0.8038985250323042;0.8168476002987478;0.2236577742564471
-12.66332300579715;-3.962879058372685
0.02511512713924815;0.08637474542030366;5.313458058754114
-7.490011722959959;-7.887601125519841
0.3472722591193939;0.29615449975929303;2.989043388741321
-10.037359708461313;-5.65506950518687
0.13746335358935133;0.18192010314590834;4.293160079678363
-8.207686550574081;-7.184613906213344
0.638763138663913;0.41914842281863773;1.6522465467170513
-13.145390740912333;-3.7032343413112616
0.1659486616412505;1.4874143120125414;1.6073436863306563
-2.667376073228518;-15.378062949258963
0.1509934680052639;0.15837301839327794;4.56467871439996
-8.498001504228249;-6.918248410438499
0.6339732816440377;0.5248307608635672;1.2917033672399063
-12.326858009147815;-4.1525841824782255
0.27859534575956213;1.9242797120566504;0.7520874704661783
-2.037442777117859;-17.07542200303065
0.04594964780067716;0.403232931820082;4.172351362594444
-6.072093633838172;-9.496763632244178
0.9241102275127882;0.5990358144344393;1.144664211969151
-16.118477789540062;-2.3774467430375545
0.4812985167932754;0.6246227576558799;2.168608087509432
-9.66058512880955;-5.942868093572172
0.09823145561849811;0.28932180415990766;3.9808741734485933
-7.1853988629188565;-8.20684668507088
0.5274401658142036;1.2655501471883954;0.5206684548285511
-6.573197785608144;-8.890565756768014
0.16199874445252918;0.607393367839143;3.199451486309114
-6.209135890059357;-9.326490558334289
0.0806141302421792;1.213981526246931;2.46186309305976
-3.005646476879613;-14.58593240026791
0.8607275042719322;0.689299680269614;0.5927237466410568
-14.429698927193302;-3.0759903161765485
0.9748131865362986;0.5814741925970631;0.2745937726332988
-17.084177381555392;-2.0345033963245216
0.5490161449451256;0.09099758296044314;3.565895989507207
-14.240309789075148;-3.16292801284726
0.17496972551952597;0.18368109008296135;3.7111408122498797
-8.629562827846305;-6.800720857329306
0.6205745344935802;0.03282675290459059;4.330811232475125
-15.79331555799728;-2.501770081089012
0.19852877004776145;1.3760451633319015;1.2307051093170314
-3.2614848386499316;-14.030348694250096
0.33612152731046013;0.9249122322214998;1.8116280132536045
-6.3616612365061656;-9.14102219011254
0.5233931574957315;0.09432273856017989;3.4582342020384025
-13.833236534800326;-3.356137194056214
0.3233739625415234;1.7745997939438296;0.6825419060853914
-2.756364559358455;-15.162735116827067
0.56548661503321;0.5019772625364932;2.0200631548440917
-11.542613748583504;-4.623658105754312
0.8193060906224231;0.27718495891171047;1.5181028631540958
-17.028833804541964;-2.053134358877471
0.16887052753270637;0.6547622362688262;2.782534301750551
-6.044385932712832;-9.531618925950383
0.5927680510341211;0.07756275219149568;3.419069853299766
-15.008958368359206;-2.8212515197149934
0.4268604798889887;0.7319224016455448;2.3664920201109987
-8.37222695849152;-7.03244281903476
0.7980539335050761;0.230451303779324;2.1898829942058735
-17.063628946464995;-2.0414067509258818
0.02166223350971972;0.6158442946954429;4.431334768812611
-4.866419900864141;-11.16413800530018
0.9052082174662194;0.621611406982376;0.7223475700845209
-15.639185048204693;-2.562329740754005
0.2280186578158287;0.4962397094942489;3.1574301257073007
-7.468003066228031;-7.910229398716535
0.7758241482823015;0.8616632031276744;0.4683089844576978
-11.958497443068273;-4.368661415262061
0.6865447135444068;0.045960900249137536;3.2446227571218014
-16.747977024369867;-2.14956322913343
0.9407883470705424;0.6168357802082997;0.30359503403328375
-16.243144606005856;-2.330994552745218
0.39406471069056404;1.5550138707723309;1.0215111123778542
-4.057747287066433;-12.493476230369662
0.43891032200634594;0.28258048342794206;2.707391325423593
-11.315631731989084;-4.7679899655568345
0.07087185837987355;1.0467111553797093;2.5467893754617243
-3.5291451525525828;-13.483786977372167
0.3084302348368766;1.8584178518195995;0.4365899461324643
-2.400399131358692;-16.057530334963
0.5453656073170278;0.5290748730365011;1.9050100151430889
-11.092067724843298;-4.9138479672702
0.0409328917375037;0.40295596907244724;4.637266656818083
-6.024602886501079;-9.556594928072919
0.12476669853717944;0.7800296953813258;2.736196736485879
-5.051196681829076;-10.886655963205714
0.010086877147143854;1.3333526853891713;3.287410254499283
-2.1894547840496412;-16.634423026093362
0.3482047957112265;1.7028689328392306;1.090606331966537
-3.164934028132817;-14.23598678371737
0.4076345621671836;1.58042494874853;0.429023260201138
-4.064606401357022;-12.481320469912813
0.01879295309044558;0.08930932812041847;5.5728464270954206
-7.405696491709734;-7.974654133044535
0.42610148408817544;1.469667075408526;1.1709757123325688
-4.672709333943064;-11.464814513496991
1.0019371383245461;0.5066039078734014;0.6971660305787823
-18.164305585479998;-1.694331528947394
0.35299082202972015;1.6854138036295816;0.6395786987180893
-3.259910477564454;-14.033664232836006
0.26495114914864143;0.4410247021517038;3.5278539851106654
-8.184226005897303;-7.206572448295931
0.6116466395935362;1.1211041817529812;0.33735980311751745
-8.259982647521895;-7.1359025757468935
0.2342509991993706;1.1832100825666256;1.8470939461503493
-4.267413182651563;-12.129202108498292
0.1296813196300994;0.1771689270420976;4.642274083734872
-8.146321223527748;-7.242190389128636
0.08498476707390232;0.30776954362723336;4.106512154044186
-6.9485887904756725;-8.464388894749389
0.03504318560654168;0.04974389339591626;5.760432103905683
-7.799797444398161;-7.576030188409323
0.7255546972478921;0.9518697776069859;0.1894634203078918
-10.682558087959666;-5.190922302182883
0.012614663386076183;0.7083348124475914;3.9205969989697516
-4.3970529333449635;-11.911213275774791
0.3404930913031217;0.9197063208529872;1.7738509577340564
-6.431526544047454;-9.057448064761635
0.5596809001582083;0.6262744068941729;1.327944124563574
-10.642615841374283;-5.218654513729602
0.8796678603062696;0.7056630742341441;0.18253432081577547
-14.592925600807222;-3.002526490644877
0.5562450619342871;1.2486072675921354;0.5439879774329266
-6.957383586335874;-8.454672167295046
0.6446263951767427;1.0359597006183197;0.8358561577438257
-9.144769382850999;-6.3585453957641755
0.5024684139239891;0.11727200900445274;3.38155402162509
-13.357605334251899;-3.5932923269731187
0.07264964284823654;0.32312232496235543;4.058957228175165
-6.741094317331403;-8.697147749256107
0.08369274064063519;0.013724291653329447;4.818206469319508
-8.556248304151548;-6.865975218244198
0.11341989999796412;0.874438764222393;2.5099335886721894
-4.545090115221634;-11.668678721712746
0.1162856459773841;0.2049086214666383;4.53376144809463
-7.840409911023248;-7.536120535653821
0.8482283024631734;0.2445825327284187;1.545610376357024
-17.780745718609197;-1.8101309244319903
0.3575598016346558;0.8765195630492613;2.316318216571099
-6.825850168227246;-8.601249725806692
0.2863005493040429;0.493269601666001;2.463171179971309
-8.130116719588537;-7.257470253225606
0.04313710041813648;1.0513109534408345;3.507967199345773
-3.311093794552469;-13.926498073202644
0.4207814935611573;1.5009580549831987;0.6610894997571568
-4.495628982284398;-11.748974728754122
0.29369821682337405;1.951571474559098;0.6518711004337905
-2.045510817230287;-17.05143626726614
0.7014599575878879;0.9551445593810578;0.5775278943537202
-10.350767226128037;-5.425238312386137
0.6287323094685369;1.05813742117802;0.6087526153944988
-8.823530919441273;-6.630931744091681
0.49127270124053674;1.345953770005195;0.5597691934639215
-5.820819620203879;-9.818311662969215
0.6248310601663272;0.05363909713132809;3.356224108590076
-15.696097699634937;-2.539844444420346
0.6174247678724085;0.4407715147559625;1.684464997605923
-12.685489018856275;-3.950630787978876
0.15612651406242278;0.14055389427483456;4.714285925958462
-8.661325828739903;-6.772635356389784
0.2742882195076768;1.972788091619546;0.502748013727146
-1.8827147420905068;-17.549042920736625
0.6886186493143336;0.944964228032339;1.027973961974783
-10.251861895842584;-5.496858119282972
0.0907937730954009;0.2870208287771075;4.130092353785681
-7.118733122852243;-8.278499231301604
0.7535667185017578;0.9000578225816608;0.20648653652762264
-11.394956680945874;-4.717124922305471
0.50878516399296;0.5823471762995575;2.2148215515182277
-10.270646526038806;-5.483191857488816
0.27918446737524294;1.9107669711259654;0.6822035856256339
-2.0782912487271155;-16.95466964885739
0.06998396059557112;0.9937673447034668;2.9447623439276294
-3.720576626272192;-13.112370284907763
0.029102349404474176;0.47731222265999335;4.259147594162744
-5.558059735367806;-10.168242497729302
0.2041810877487872;0.5601037732377404;2.8299173703526277
-6.875946724913825;-8.545104300055652
0.013191410124430963;0.5377965244407786;5.61244083973774
-5.136268603779756;-10.761819349890837
0.5871056114084074;1.125726661707731;0.9081516195728631
-7.956515838765902;-7.4231856665659794
0.12638114740165776;0.1946672113751148;4.411710815199149
-8.010397997573634;-7.371352079863426
0.1742418115109358;0.6462056755071369;2.6364999268982183
-6.13866713186708;-9.413609709204998
0.24757692968505188;0.48008762413442774;3.021253424681045
-7.7705912852403936;-7.60486269764796
0.3119417369830827;1.8119874589171703;0.5789313363950117
-2.5645191618259306;-15.633662996286986
0.5721399535339816;0.09854859434894961;2.9231351020749994
-14.532576198355605;-3.0295317584464567
0.29458839519514;1.9750930411721057;0.014999719616291185
-1.9857244748811111;-17.230803233481193
0.22741321116436167;0.5470867461421873;2.673763707134659
-7.188580186376113;-8.203443748324217
0.839017492578918;0.20798229596648965;2.098682716901608
-17.933844699551116;-1.7632651184463042
0.404429769043848;1.6070449771352173;0.09866976474417419
-3.934580080346117;-12.714619909868851
0.2103743035173637;1.2953758630346988;2.1262043851850683
-3.6420229289381973;-13.262922744937882
0.31392048438155296;1.8374116927902289;0.08749036891305575
-2.4979223542743223;-15.803200318572674
0.11231866735954296;0.248552280287455;4.024913143697383
-7.556539723995509;-7.819604125247567
0.6417056574483201;1.0257652253774443;1.0492810735122406
-9.17093499980011;-6.336828015088956
0.36048423907595695;0.916699546685698;1.7174654793982662
-6.649289774253563;-8.80233152812519
0.8696250057329274;0.6756942199860545;0.4842245084631966
-14.668207774729126;-2.9690940684513225
0.19024238820127798;1.3542924481268408;1.8983874172849058
-3.2798591870255054;-13.99174357599264
0.3700093930517195;1.6369915344286852;0.7731258253928414
-3.558709995449292;-13.425410227027
0.3542268153552401;0.04517527181658204;4.680921266625793
-11.775469155293424;-4.479407207460543
0.020292220794125744;0.07575415386345691;5.648484363511643
-7.495303491147892;-7.8821703261751495
0.5145816411540513;1.3944382985589174;0.022413167009747447
-5.811913248117551;-9.829938426876515
0.011537316244930143;0.7275430247935588;3.788383677709252
-4.309199558084617;-12.058351873425298
0.5831433883197725;1.1306628471835125;1.1063437260621753
-7.884700676358066;-7.4928374523417105
0.9655145712602886;0.5995125556844743;0.09836268837970091
-16.78377764861823;-2.137095193421099
0.5799137790446051;1.143332294902586;1.0880281302660757
-7.77849604123403;-7.597048146181161
0.07953734358748137;0.0070903933053642915;4.996423743621387
-8.546512841865832;-6.874685609300249
0.03797289867424792;0.10653889587272006;4.961106479494431
-7.520173895794079;-7.856697979560547
0.019396216254132747;0.08451004610175172;5.454898337997004
-7.43814322542851;-7.941036974956856
0.5418445225024325;0.11106847177960219;2.9092709356306052
-13.982903932199985;-3.2840776267220932
0.46835837756717436;0.1589783242807052;3.0588713031295205
-12.569938436521728;-4.014815697131649
0.012745672632573434;0.7376023022637686;3.742398218849231
-4.277991751585073;-12.111212278569912
0.2982472780920204;1.8494700360183254;1.1367694888524007
-2.3660824139773906;-16.14881269215452
0.1856829703953411;0.1136728013145796;4.0510998685143695
-9.171218021251613;-6.336593487014487
0.6782735624275799;1.0053415046422856;0.16772453643993365
-9.742476298839918;-5.879214476498301
0.14585160779015677;1.612023090357321;1.5470495371993285
-2.168985260457632;-16.692503883004715
0.15050721521803917;0.2141471510229479;3.9365265356267978
-8.172815961004858;-7.217275887460421
0.37325043524326934;1.6723437958751748;0.248946151034181
-3.4525490328546886;-13.636821212129687
0.09711760370403627;0.8512305901971454;3.313432333097806
-4.50566832766626;-11.73261753834606
0.2054297504150688;0.5540171156194288;2.8054545474946657
-6.920627221331059;-8.49536098401326
0.32853378690848356;1.796330250085871;0.47064442961091807
-2.7194747260604135;-15.251364165018357
0.25217110330123943;1.1265420599848568;2.3492716743701965
-4.652533463945974;-11.49673185115213
0.03154728521396579;0.07186902771067989;5.193982191119695
-7.63931747604549;-7.735836506155723
0.14492707318306774;0.6710240838223401;3.0578171480615297
-5.736355865211242;-9.929225177229492
0.6520751669887929;1.0829395031117002;0.013402572077068148
-8.953093801454745;-6.519774661930005
0.7741620111786525;0.7792891771467322;1.066663393812649
-12.508606241806199;-4.0492229444899
0.9997288706476939;0.537393290953532;0.19585008479417304
-17.86648693383364;-1.7837779800732265
0.1098926354342382;0.3594492611686414;3.642590766081536
-6.938854083535657;-8.475157976837473
0.31481415942859986;0.4513710414611664;2.4400158786102764
-8.699690682622828;-6.738860631266464
0.681904542468361;0.9856853350947338;0.2471823296995281
-9.9101581943255;-5.750796946063632
0.3667081787007303;0.8725965808639237;1.7117829677528253
-6.941379905559513;-8.47236236364661
0.1939401204815683;1.3063619692477704;2.0650439155804703
-3.479459179627242;-13.582758190758215
0.022599130249822734;0.13430601053795901;4.8648515585691365
-7.205347565906166;-8.185532816327616
0.3281312464631464;1.741323210737499;0.9200891541927622
-2.897022813375336;-14.832690709298605
0.6600847465144538;0.9989664479340432;0.9880684810952446
-9.557288144199967;-6.02405464815646
0.6273330778546576;1.103226916361997;0.31621751779481166
-8.543349659624345;-6.877518026803844
0.06286582992248199;0.03907675117646878;5.016446393089637
-8.17161107087307;-7.218407075519621
0.055522175879374955;0.01624983582150548;5.255443815046532
-8.21785583790662;-7.175116162596932
0.46550843931342684;0.8464809865720498;1.264618224270335
-8.159593723346923;-7.229698910744079
0.1453796499715728;0.1546954734428788;4.7383683830587
-8.454364410633364;-6.957662319130427
0.5350582047656955;1.3203556247747068;0.013748988616787866
-6.373803981007354;-9.126435348683827
0.3854366665627689;0.9077027123198509;1.208985744428936
-6.95366069344198;-8.458783864579422
0.014376099147443104;0.11160113348467994;5.245007246269781
-7.238694802518216;-8.150033089605948
0.024359523818093972;0.636890263035309;3.777203176440569
-4.798503693928913;-11.268387063319246
0.03447356952369057;0.04326155241071306;5.779192209701112
-7.8294304758625435;-7.5468890228591965
0.5155742303941109;1.2789402876336;0.9172524828691312
-6.386045741801789;-9.11175583710095
0.4662365351066288;0.16300395954616967;3.405855257319043
-12.511662820939783;-4.047502603601815
0.6743940322105186;0.9968008690347783;0.48761507307180324
-9.747324560340308;-5.87546541109146
0.5201747299368006;0.7190475108132798;1.2592667870828889
-9.55789566230173;-6.023574222638193
0.6100812167604581;0.46837827770488716;1.6729946451638238
-12.387492273924181;-4.117866559947859
0.5465991576822842;1.2441121069762902;1.1401926217695948
-6.880249118634155;-8.540300826363097
0.6575752910342679;0.03222175250247457;4.379772472506644
-16.38951494434508;-2.277297819118407
