200
2
2.0002309885759995;0.00024896495255018094;0.00027187474883256623
-45.69037571006676;-1.6880325758728196
0.00037471357947971865;4.000350745038236;0.0003976233937147468
-1.6865034536456234;-45.68211795031766
0.0002528978200427237;0.0002528978200427237;6.000252897820043
-7.688891001967543;-7.6861091259470715
0.0002528978200427237;0.0002528978200427237;6.000252897820043
-7.688891001967543;-7.6861091259470715
1.0120572435569215;0.5252576480094893;0.001510869794905315
-18.17778443920384;-1.690359209055949
0.29082138046504397;2.035519741579454;0.02572499419471815
-1.8049348812906032;-17.797581668433633
0.0709264581665677;0.008885889249119441;5.3991364971380404
-8.436498879253648;-6.973861581329475
0.009767104045308372;0.10053487613042159;5.777080581766843
-7.248557434003969;-8.139564782441822
0.05357017289623048;0.010999690690535038;5.502402067127862
-8.22551662862402;-7.167969422502836
0.3121559576963958;1.9033708312172601;0.7794050992414254
-2.288667673115488;-16.358315747184644
0.32460164473953657;1.8597212516765624;0.7436634226132627
-2.495004944716571;-15.810702528888951
0.5699987232641673;1.187239457733278;0.5816368790667414
-7.429900745995499;-7.949562869249877
0.16207957795826589;0.10481293008542115;4.707497772561928
-8.94201700885746;-6.529208524715244
0.3322017682013064;1.8479689270915542;0.17684844085055215
-2.5787173852474887;-15.597936682825845
0.5728286900498364;1.1519065154338162;0.9167538567832388
-7.653168807354636;-7.721909296030213
0.02296607675532114;0.06784304776816102;5.185348637434721
-7.567470168870811;-7.808490005703518
0.02015647315520637;0.14499056851574;4.962461410838888
-7.122730482461261;-8.274184326719862
0.1656713275043242;0.6482746799238499;3.0130041218677963
-6.044819771383242;-9.531072045450458
0.0521529833106052;0.012906240923227515;5.281391105012012
-8.198552401196574;-7.19315541851876
0.060332654349747675;0.019767818514185215;4.906517781243269
-8.2526164995449;-7.14274410750649
0.7909842172714798;0.8064000875816045;0.29066964574529375
-12.554632169095822;-4.023380352520916
0.5022108871799466;0.6857529573886333;1.4092307334913492
-9.541728308251791;-6.036371321567934
0.4608291189356141;0.14713800866735127;3.3142744169680407
-12.54724284606735;-4.027520324824702
0.27018966050568055;2.0160380957777293;0.8876057675836169
-1.7489455583299542;-17.98119208076
0.16749222549703754;0.08119281409650256;4.554498437634309
-9.147764197895798;-6.3560561920225
0.7665870254179599;0.8945389899983367;0.05037384643905364
-11.607847575537729;-4.582861906324317
0.5531671226906979;1.2355714780295928;0.546219941620311
-6.993397482737481;-8.415007041867648
0.023079385124753632;0.10995589818067839;5.079728628856708
-7.340685869910825;-8.042454277153707
0.529063458199548;0.08622700348112776;3.4988024602135623
-13.97753896177878;-3.2866399196811282
0.02660901277681609;0.19558923382737672;4.795162929300424
-6.92472791543973;-8.490811206450921
0.9456128482454348;0.5509042927046834;1.091395680165535
-16.855729186271397;-2.112193744623349
0.12499838074890918;0.1688833221492928;4.6292244639593285
-8.140203306459838;-7.247955473626055
0.0459424260207818;1.0455788585191088;3.4321167649020676
-3.3517152223646933;-13.84234929361769
0.7235494020665209;0.9373291105894667;0.36089128552364985
-10.751098454945172;-5.143631825965848
0.5114951177588887;1.3804351040745964;0.12637082272695105
-5.849320056995097;-9.781213611120107
0.18027848675676023;1.421968656374406;1.9217064368590135
-2.976330504778706;-14.65185901624845
0.3841220945163571;0.01495394105526333;3.803043356052272
-12.39804256157391;-4.11184983382195
0.04439191780165336;0.017979365627340142;5.335817156266791
-8.081937857836394;-7.303088688100762
0.24049096536286874;1.2444668658983695;1.4842912453274733
-4.071242102786082;-12.469576389685033
0.1444335397262125;0.15513257854134402;4.1517550929135165
-8.440924671744883;-6.96984516172299
0.6759716899910161;1.0958754385225482;0.03345769980019662
-9.16144446867046;-6.344697112616136
0.6145917459519773;0.068793125801871;2.9459662434035496
-15.416152815303985;-2.651858788181068
0.49112234779857367;1.3140425512081835;1.1238573234272984
-5.972701611127383;-9.622478022848782
0.08766661017821617;0.2273827422838915;4.5952556134343725
-7.403936782131851;-7.976481523333903
0.20489798822472888;0.07270894858392658;4.095598472395882
-9.655106317615639;-5.947149011094796
0.1471573881442758;1.6869076005939898;1.5330173474815572
-1.967554240627087;-17.28607530798691
0.628629958728771;0.45524523846964055;1.8336224325882944
-12.741808279745523;-3.9196468108786084
0.08120774299334807;0.9862699238215634;2.5783088060472763
-3.835036726648435;-12.897435542831976
0.2456359928219208;1.2026376231640123;1.64045963779268
-4.28103006388354;-12.106052076605417
0.3938547185610382;0.8274003304702391;1.7586674124636001
-7.47077545359988;-7.907375280429671
0.6874814669722021;0.3404539458560442;2.0768049257671715
-14.447508280921584;-3.0679094119496226
0.31029706659370115;0.422886800963883;2.5194777952406557
-8.813978516444296;-6.639197861985585
0.04336031578651158;0.0872239734972874;4.78706960390742
-7.68473187276964;-7.690268633936546
0.8857126823672294;0.6814962232250475;1.0121237452238239
-14.870055811813206;-2.88083525520968
0.4299932545909492;0.18667466118146142;3.3835378872858204
-11.844064008660167;-4.4376336806553605
0.04532815482444481;0.01435633162948399;5.668363451061761
-8.112971565752492;-7.273671807539031
0.42473880172643524;0.1722496494633277;3.464078126872551
-11.870891448607347;-4.421383954722377
0.29926475354201315;1.9488177684128904;0.2684523676309678
-2.084192951373774;-16.93736382599128
0.03649409220362112;0.02100892002827617;5.58209713714034
-7.976087798009692;-7.404315889841065
0.020708962701137777;1.4403642208038896;2.7692315514453223
-1.9503461127090227;-17.338755362126776
0.2572760633280827;0.49365500201347956;2.866928152521829
-7.802870875353106;-7.573002504283559
0.34260499043910375;1.7701800087543451;0.6619543514252566
-2.89732480807079;-14.831995114708304
0.648305067830067;1.0668128176405782;0.88648184139473
-9.004192056476539;-6.476421558261423
0.2796022465983776;1.022086029968284;2.377707700901233
-5.355910864840563;-10.447607769327382
0.9245444526007441;0.6293189504294922;0.8136617159296464
-15.884073493810455;-2.466603991318499
0.051383361524769834;0.37186139646144006;4.317034424355974
-6.279891239493205;-9.23993264702411
0.6813869875922083;0.04951618984037219;2.820500681257026
-16.635063830158987;-2.1892281913745
0.18697644483391565;1.5746142999960977;1.262679724508298
-2.5254500654459964;-15.732725579056929
0.1019759715166056;0.29781033082372;3.868639502889412
-7.180088264110836;-8.21253052980643
0.26273566832134615;0.48001432477618783;2.710027021296632
-7.9395799051936065;-7.439552774662056
0.7221241360042663;0.8942296704953134;0.9646568769208094
-11.015122770333264;-4.964918153687851
0.13435771408185146;0.13346853860947552;4.387387173325376
-8.449649613682345;-6.961933828585842
0.8599217143103793;0.23747987109130755;1.3440002732877037
-18.037901283103352;-1.7319021502793892
0.21830974317336113;1.268157648908823;2.207140961186907
-3.8054958217056005;-12.952415609888709
0.8004694362120852;0.2601617900609202;1.8044397119112916
-16.859457137588382;-2.110909231592634
0.41828103273682093;1.5424023223294807;0.8391602450371966
-4.303589055491202;-12.067831880905432
0.6541698612189082;0.4181360126043704;1.8915804048384435
-13.376083049085182;-3.5838422409172774
0.45008935070602146;0.2178782901078547;2.617273585444539
-11.905686113438898;-4.400381589092829
0.6417432628568251;0.3958146559733224;2.101263513818779
-13.357656631900094;-3.5932660647564862
0.14882623489539654;1.5991587542999603;1.4180732998246557
-2.223134043816438;-16.539703173417276
0.0664004044781861;0.3043061077005049;4.225753242841436
-6.773634924404584;-8.660193210590045
0.2548199586072503;1.287115140350631;1.2552873040121175
-4.015853995341859;-12.568081449839292
0.41292018026945143;0.20868304889879055;3.0629133752907265
-11.462748361331471;-4.674017933290232
0.2782250090790909;1.0261921913099035;2.341741057786069
-5.324575756902834;-10.49173966157177
0.3449661181636856;0.9207672165670653;2.3017440154882047
-6.471192396783943;-9.010377179420578
0.5970758037311955;1.1288157846425981;0.3741063851316198
-8.0511157952524;-7.332421744234678
0.414848622181818;1.4986634667802605;1.0475513872273114
-4.455701583442934;-11.814330030025802
0.0018364252068237498;0.0015486847551853923;5.903411289759704
-7.699187423201288;-7.675821600958202
0.04634991097263413;0.3791232073862065;4.491331884812418
-6.194209735802287;-9.344866975652609
0.017714204044974882;1.34879365494848;3.5508132930406404
-2.188919413933852;-16.635937129377684
0.010806928166475067;0.363729467550635;5.665892969228067
-5.922907229741583;-9.686178953136118
0.6987918420006083;0.960764368814421;0.650396712224089
-10.280817347647638;-5.475804880592885
0.3540639811024701;1.009216652376001;1.691373033770402
-6.122166603408091;-9.434142195289759
0.818699511973045;0.7532218414194223;0.4173424400388037
-13.332243793997469;-3.6062947862041237
0.1510254912561325;0.11601260580859643;4.358151277554852
-8.745321349476713;-6.6988992057363586
0.11788829332576024;1.6528500119532918;2.1722501490819637
-1.9016932535367523;-17.489500931856234
0.31616621395604483;0.35806181605442844;3.349517606875989
-9.27121273374591;-6.25423600331164
0.8646623375950107;0.28519636243204716;1.2353812802889839
-17.715712303878053;-1.830300863540335
0.08933426216391059;0.2900970447073435;4.017108041917172
-7.087059453066598;-8.312773177241342
0.43898835876406406;1.4711800209289085;0.7011822226697103
-4.776771990461306;-11.30200832786989
0.8257821992377147;0.7393266383053084;0.4640667587512023
-13.536985412015863;-3.5023700501445343
0.14056058093800056;1.6391423780692116;1.6167058773809064
-2.0626049345682294;-17.00083831269354
0.7515368539513796;0.9158884158287053;0.015650103386272162
-11.261805673635386;-4.802767460820797
0.0011802838666125687;0.0011552171240239697;5.972313032969259
-7.6941308812206985;-7.680872024519483
0.4172504973295539;0.2055652135084246;2.910469515319776
-11.542207013140377;-4.623913420482863
0.06003866197154534;0.29952258534519455;4.430999954857694
-6.732751664128099;-8.70664953955124
0.16011984661753975;0.12598568729452783;3.9502366705058822
-8.793631651496986;-6.656837586150918
0.903614411287994;0.6599746649269335;0.20146507322135418
-15.313589969312842;-2.693794235173242
0.6040557839554965;0.06651638030030255;2.964948309022314
-15.269513104234683;-2.71196604051709
0.11860499279886375;0.21841096145920808;4.186747095820308
-7.791248036070416;-7.584458770546705
0.28460700923335497;1.98874876688612;0.2102143630209094
-1.8951377856634024;-17.51002001827692
0.02681635607235382;0.01303296230269959;5.816157231995617
-7.912446963818277;-7.465849715556191
0.32954212561115137;0.9497443118541206;1.9781012908451314
-6.173352937371495;-9.37061360432149
0.8572377889934061;0.7277197671758429;0.004392230745705983
-14.088343989629543;-3.2340300707088825
0.8402815324250636;0.768984784691427;0.011469944021252685
-13.532155501729946;-3.5047944199842425
0.057485451834050544;0.37933112699150945;3.723421372749044
-6.303405099396855;-9.21136755595435
0.3744830961908953;0.8435478529853708;2.2538390965273085
-7.17624655720284;-8.216644823842222
0.12751145083913676;0.2951502382889131;3.6683043075615642
-7.468409851784944;-7.909810554501982
0.48153589754700576;0.19402069723158652;2.4395331055143803
-12.508720629366739;-4.049158552880064
0.6570176379179155;0.4265847915802706;1.4976841570200699
-13.356046025411011;-3.5940906985998464
0.5145714186715531;0.6771049468861732;1.291787252933541
-9.7476390738305;-5.875222278804235
0.1562820495219342;0.10846317587860338;4.473637858875911
-8.85171226424587;-6.606602109427955
0.405254228685461;0.7769308264349547;2.220231368076572
-7.873304427447092;-7.503950487151452
0.8216645027625563;0.7911355198878801;0.22018745231401846
-13.100797907967314;-3.726669565957758
0.3450495058069523;1.7981090453251747;0.48218299267550313
-2.8211310493928647;-15.009241420216835
0.9788340849641717;0.568312998471394;0.7176731841423521
-17.259261235467388;-1.9763543494409481
0.662162535831828;1.111448252894024;0.02991668761919637
-8.903639043202455;-6.561994036736502
0.7289394136434089;0.878456589527844;0.9828969956178724
-11.21005243728397;-4.836407821935262
0.908816332287681;0.672223885983913;0.010597722870941845
-15.299209552327323;-2.699712987821386
0.4027621870265092;0.8619932924983648;1.339748736457874
-7.380109687300983;-8.00126779019979
0.30575687019945924;0.36634421644683146;3.2586343721056785
-9.09604047721137;-6.3991757137384155
0.6457391461514514;0.4391010027163609;1.859167636542804
-13.10212213652888;-3.7259719510769185
0.6423124285434404;1.02803414900091;1.1616339333799746
-9.1645876859489;-6.342089897003221
0.017468581171991467;1.2483790972143705;4.2786098137460185
-2.486010687514858;-15.833871971089122
0.4552247627030965;0.843649057286557;1.5669710772727445
-8.059364877199002;-7.3245597278830035
0.634071180042103;0.46411359410045944;1.6525898292147547
-12.756120469439951;-3.91180404361874
0.5818872231753353;1.2292811176407792;0.01646631628498128
-7.331504431887911;-8.052077816079109
0.7776385994566204;0.28244920044743116;1.7257035132045455
-16.308145105240428;-2.3070371221165265
0.7378136626208254;0.33325340603302744;1.1994329400729287
-15.275574726935497;-2.709461615640642
0.16211690997899642;0.12186348776746271;3.9813937038912472
-8.841490578398822;-6.6154169243029886
0.09474704748054723;0.2683900838009289;4.263545707605366
-7.259796638435925;-8.127652515674106
0.4461112399240236;0.16423769664417479;3.1180521657035922
-12.221378152197689;-4.21354553695509
0.3533522951302917;1.7481927847685308;0.4928893933097408
-3.044012589505714;-14.500382729093134
0.06530514040486357;0.01193879131144706;5.128609559909781
-8.354276114660282;-7.0488897301792
0.2078647247629527;0.5811315373247958;2.6774097321265384
-6.805146367754336;-8.624569333542128
0.2039487369658698;0.5399695814737436;3.214384604203358
-6.9785464501095635;-8.431339633071609
0.015584479687622516;0.022701461850174763;5.861169703944519
-7.734142934902224;-7.641000462126449
0.6050402520640071;0.4906509028935198;1.6002962158588894
-12.161941757922143;-4.248216144342704
0.3712330136184391;1.7147890265242387;0.7180499700811743
-3.2851355188626856;-13.98068851102365
0.2193365107301782;1.336169921969933;1.557950478863515
-3.556767733621626;-13.429233639226968
0.9560563926379915;0.5615530159833915;0.808595377838928
-16.939590421540906;-2.083432959322405
0.836573405123246;0.24082379207600207;1.4177103052013227
-17.61682582831871;-1.8612726284433274
0.47826951159871267;1.4050733652990324;0.492492635491625
-5.421744174485683;-10.35562193760336
0.06223480318753587;0.007235946340322893;5.563333003959982
-8.346028861236261;-7.056458600854024
0.4352378260391146;0.18011451749704355;3.0980494924769943
-11.961084736336742;-4.3671122559437014
0.9956989087674308;0.5195974793761452;0.4223073384413399
-17.948598095277056;-1.7587943755311712
0.7450566295105353;0.8596912004082112;0.5164250493354186
-11.552253294356401;-4.617610649614949
0.5366873382763078;0.54188075503751;2.057451421961974
-10.893202356940584;-5.046769220274426
0.2604679102044872;0.44773394983072745;3.2578193239479996
-8.095468802036512;-7.290248225675796
0.13637504709238707;1.610387373317293;1.669855333223186
-2.119768455296194;-16.833778525753903
0.5909484787727116;0.5951961247241446;1.720204236536897
-11.258572447750215;-4.80486328671615
0.8884983277011586;0.7149243458984461;0.5590911350939335
-14.656895292886178;-2.9740998883435954
0.8981425773906395;0.6764955222067155;0.6061251881108105
-15.100271800381574;-2.7825858420613767
0.45240553941835054;0.13723187601163636;3.542632921041358
-12.498363448147417;-4.054992217071706
0.29760435149894177;0.3990875711088613;3.356449909727901
-8.804629723763053;-6.64729727298381
0.18214181708351102;0.7031640178908688;2.4140707947547293
-5.938497803991663;-9.66618202495398
0.9970409080444552;0.5195923412147285;0.3782026810628524
-17.97131132332274;-1.7519270997067402
0.9286113755837337;0.6257247715505395;0.07914819019902546
-15.97732616169368;-2.4308483859074714
0.5441181647886021;1.1976464083557976;1.1002470025959659
-7.0977151320560745;-8.301225998620602
0.08110872673529568;0.31059963070821967;3.9111093270667143
-6.893415295714823;-8.525619245328736
0.263040390701859;0.497724571907004;2.48443981035417
-7.844263226848947;-7.532344922385096
0.7130800254650123;0.9250684616516581;0.9831210987552911
-10.694596521876534;-5.182589039814505
0.19189701377062346;1.5051638701891232;1.2313176477949923
-2.777436189436803;-15.112504458563443
0.20187734446657354;0.5823331695076991;2.655501501790437
-6.73720863056428;-8.701571916884353
0.7864751168968189;0.7970760558175785;0.7839094210457537
-12.556788718918353;-4.022172761181699
0.23163453154671623;0.06118714192301253;3.753519700506454
-10.060620437769405;-5.6377193048947865
0.35720713540171145;0.9465010991880273;1.791168437524944
-6.464886739794301;-9.017841852024949
0.36145779036940834;1.7158513922349383;0.5139417663067527
-3.212274562522793;-14.134568488980129
0.652855020892419;1.03147941362934;0.6163457276016704
-9.270970892273798;-6.25443398256332
0.10049624707516222;0.830666824781453;3.148794628227594
-4.6207809441845535;-11.547198581126965
0.5187161265573998;1.3266918415461217;0.11812593627540548
-6.180243373127188;-9.362098845871728
0.10680740534614107;0.313934683829729;3.6302383503312314
-7.145804774690355;-8.249323379202272
0.4444717204747248;1.5293696711465767;0.012482398824979963
-4.575301490240304;-11.619990022408704
0.23503435300532663;0.5577677532788718;2.465017673576936
-7.212846362916552;-8.177535882866955
0.3278250074248432;1.9469120239838602;0.03402309144704671
-2.2529165259952673;-16.45679862647118
0.35000513612656303;1.8154374923214924;0.019147391999474267
-2.796828172893429;-15.06652759364546
0.019445975062644137;1.4586449214014778;2.769920621731252
-1.894557157428526;-17.511839841466607
0.8088391558718477;0.8008301104277141;0.0664794849758701
-12.847406091231052;-3.8620758767552563
0.4008981893490237;1.5861868139540716;0.8671897466812676
-3.9886209610130017;-12.61691574882927
0.11101513634142601;1.6675962660685921;2.252544393149419
-1.826548077611731;-17.727774004854872
0.7324865594506631;0.33851680744282586;1.1968849141252946
-15.151913534646443;-2.7608941086029377
0.005749549188621669;0.005456172657241712;5.883819304251401
-7.720772608411266;-7.6543004254912494
0.22486078502901743;0.6250246866068476;2.4849159622401897
-6.7540640416532565;-8.682398323690197
0.7162244208850934;0.9471435554469781;0.4615795250554554
-10.5922002957109;-5.253842146155605
0.3020762272881411;1.970166523173786;0.01964207824752881
-2.040417058320035;-17.066571812892576
0.4693851254588625;1.4806695681160227;0.01625836292119865
-5.000708625389343;-10.96160111457062
0.1262426914724523;1.679174917376942;2.132898819937547
-1.876150588281698;-17.569735467034114
0.7072860493863874;0.06116685973855433;2.7027924024450853
-16.962934555733487;-2.075476926357063
0.15029774934270831;1.5530500055179952;1.6553006116911027
-2.3676425041060556;-16.144642079264422
0.1984858608092328;0.5413396218791561;3.1825396059866082
-6.914318639191884;-8.502365542059477
