200
2
0.00012163674886789407;4.000097668207625;0.0001445465631029222
-1.6871360079756226;-45.6855343497844
2.000399135340938;0.00041711171748856624;0.00044002151377095153
-45.69264579130139;-1.6884530426931246
0.00012163674886789407;4.000097668207625;0.0001445465631029222
-1.6871360079756226;-45.6855343497844
0.00018970104087793983;0.00018970104087793983;6.000189701040878
-7.688543391711314;-7.686456680261656
1.013213539527857;0.5284745199760282;0.003630394714449548
-18.17010094419165;-1.6926227943151075
0.264097118824492;2.0274182452088927;0.0031356289491040424
-1.6894405832644956;-18.180904666423487
0.0235366452654426;0.059856070665883006;5.3795637984161635
-7.61735810872549;-7.757968690210468
0.9945747098615155;0.5020622125206593;1.0860530046350922
-18.077908001437994;-1.7199487222119052
0.5918891718287106;0.4502754411373512;2.233620880440427
-12.259792471865751;-4.191260544144983
0.10913394171384976;1.6076737510348449;1.861687005911537
-1.9762163931018646;-17.259680936780462
0.16972466504709455;1.4786549471875188;1.664392876560105
-2.7196585440036807;-15.250920332030308
0.1734415399840036;0.6130331652014057;3.0040139184849015
-6.294510399086053;-9.222161336653437
0.47797089286417627;0.004206282833039048;4.550013826583479
-13.82784573339562;-3.3587552015471704
0.10681859255192666;1.710395920324997;1.705325507541977
-1.6956136677445073;-18.15995975517709
0.01194867212845408;0.07535745209807652;5.322721694363954
-7.407117549572598;-7.973178735825451
0.014811909459173971;0.1054667078301792;4.905487843253002
-7.276116254783419;-8.110388032813566
0.08143016542699129;0.2445568311146958;4.483477849981367
-7.244843566720926;-8.143505069588771
0.39955895804180586;0.25839265307476866;2.8770583209471665
-10.953872756604621;-5.005894863507344
0.21395042491347455;0.4653189823364038;3.489078702079408
-7.483100387838494;-7.894699845442496
0.4868669193850343;1.405037929709524;0.1684963436299419
-5.5013507186941055;-10.245695719028115
0.4718310274698873;0.17416469993501785;2.7322805350751946
-12.511861631885477;-4.047390726833154
0.031747213649570755;1.3280392357562265;3.1955041079901623
-2.3315771260817986;-16.241570019109734
0.06242747497019751;0.01063108255114573;5.539576575903905
-8.328778362522227;-7.072315821240486
0.09888129246137065;0.3652606162612322;3.7414067353975504
-6.7943164181405695;-8.636794762863971
0.8332491599379511;0.1975993240110902;2.3043059591145596
-17.92410873730912;-1.766219782796187
0.14077877900747773;0.7373729471223133;3.063397840960522
-5.388283028856624;-10.402252309037559
0.2971536444840673;1.0065968733294388;1.9298792683369501
-5.589889987385644;-10.125075415359989
0.0884473418604689;0.006547798173055322;4.987645662246327
-8.653425931929217;-6.77961019090251
0.8163973888227973;0.3183031728951804;1.5477491216805115
-16.6450920050866;-2.1856843528320407
0.3731949118577152;1.679194930033709;0.13190208356673158
-3.4271972816229224;-13.688053451123988
0.9835798219743761;0.5182465047609803;1.1666237567569424
-17.755871550443707;-1.8178270193782182
0.5443554226581607;1.2112704663528688;0.546021879085027
-7.028442945007612;-8.376598776409633
0.3815234381242326;1.6548393130608123;0.6276234686731672
-3.577935347887795;-13.38765215282361
0.09417261406288606;0.2311772189345967;4.259812188323431
-7.453758629988113;-7.9249105288851815
0.14933175299427015;0.6855790047965521;3.139623633826111
-5.709168359773787;-9.965238846661919
0.30788178222328294;0.9928168048479205;2.088307904867378
-5.755876323889712;-9.903461968304612
0.09518234056286438;0.21671488028078775;4.335730936505461
-7.543268237642687;-7.8331204283483356
0.11353539868530312;0.7900734871077874;3.3295110690089214
-4.907957235096804;-11.100986822205797
0.29884682139815194;1.8796441816457354;0.8606534288952395
-2.2801692203844746;-16.38162514772822
0.004540494485159503;0.1730640173922885;4.815862401054386
-6.812483777289607;-8.616297089931274
0.1847513183814234;1.3405669703960206;2.172506551952169
-3.2896121050719844;-13.971319775036894
0.03676948946819875;0.3891734152607331;4.414832158551709
-6.0511356976099355;-9.523114497177627
0.6106402620184368;1.0838311279707034;0.887740564008896
-8.46236401484289;-6.950420658115019
0.15922152142294357;0.13647942310867323;4.199578541468039
-8.721410667462546;-6.719810850353192
0.34752185183622486;1.7409708514811573;0.32232970575444375
-3.0288642855753665;-14.534062911471148
0.06134107273867288;0.03222680988452699;5.055802465039671
-8.193186513497713;-7.198177821976706
0.8018736923052951;0.7860955864064797;0.6654008938801946
-12.853139353229023;-3.8589695729838076
0.6986603252882004;0.9152938792772704;1.1197705570027774
-10.570997050394283;-5.268702566103846
0.3926006087272502;0.2058711571132594;3.425357425905837
-11.209438650691812;-4.83680798693816
0.16491666367864563;0.7453875648055527;2.477214824045733
-5.574637018295769;-10.145733630226642
0.19187171104791206;1.3945724605631544;1.4053924506059277
-3.1497156334384706;-14.268835056579105
0.004007205203177121;0.09545147124636824;5.764539332597364
-7.214241404988264;-8.176049074228416
0.08340606515939643;0.251198627084569;4.363127116616115
-7.23049534862463;-8.15874681304817
0.003488476512817115;0.101327696323501;5.697086362036141
-7.177472974622593;-8.215331150899127
0.005325441419202939;0.12394662611508117;5.459937656339628
-7.0772093374229;-8.323462513466328
0.23733011715115537;1.2358217995131868;1.5652452795610765
-4.0804783196944525;-12.453255537014087
0.0413081534042162;0.47882630259305825;3.5949251564366045
-5.665327383944212;-10.023637337575094
0.7066647070182376;0.943343658678851;0.43947747036537144
-10.49330826470601;-5.323464955772143
0.05766411028652825;1.2461927645856958;2.9451085150245464
-2.7465996248353988;-15.18610960897443
0.007933406438592512;0.10376946843187237;5.260878734926201
-7.211762271302784;-8.178691482404348
0.37820062639999186;0.020301470525566617;3.7983167246823615
-12.277891691973737;-4.18079408695515
0.4462181269827155;0.15023793163748175;3.5576158679061716
-12.320449122470144;-4.156267576862701
0.27176086941447447;1.9867094353985375;0.10203444079071983
-1.8327583963970975;-17.707823058662573
0.5944953067339767;1.1291739497392042;0.42974985573926044
-8.020069683767758;-7.362086382751519
0.6775655575309001;0.35526015697804875;2.053582991236476
-14.186532202279952;-3.187951663358686
0.6507223087407011;0.3959942184566339;1.907691735442379
-13.487317619730339;-3.527363230457886
0.29360851999709375;0.0040599683490339595;5.066758438338221
-11.234936064258097;-4.820208276161406
0.03807484655574686;0.10389580377496346;5.141893273884336
-7.535666238007867;-7.840873455306032
0.2574648790545649;1.1540962357635456;1.8050728614344802
-4.580618159057865;-11.611449413256441
0.9744142765393224;0.5745130144988305;0.5851694537392352
-17.13497866177091;-2.0175077373929464
0.8093295408239494;0.8120491406516367;0.4845495144618275
-12.774474272393435;-3.901764921434552
0.6363922523336328;1.0407237855073204;0.5008326612880858
-9.017686132756731;-6.4650182219973304
0.14295242896085084;0.1707012800792138;4.586057166623262
-8.334391542481393;-7.067152186214027
0.262899325807099;1.1616990161776;1.7625895303679389
-4.594417268553157;-11.589321278750578
0.07961215746357964;0.2955376345818839;4.067361880499609
-6.956358063014305;-8.455804579216277
0.30017037920729805;1.853800267236987;0.7612907013382525
-2.364633441734119;-16.15268803878042
0.5776118293837643;1.1742667667336288;0.3101608397523061
-7.583125546147459;-7.7925997337745585
0.28296777749821833;1.920125043145549;0.8303565125846509
-2.073286984993437;-16.969371354633672
0.02876697933702916;1.3766209471973432;2.946160624601535
-2.1725120464133623;-16.682468920169498
0.1879094935715503;0.1175773914037774;3.982091434975599
-9.17451749833627;-6.333859945203715
0.22680758570627954;1.2173418010760169;1.9752342249116877
-4.070281901708087;-12.47127482800612
0.4584490573651874;0.19600037959310612;2.8219802528222164
-12.172131087781022;-4.242256001271065
0.007396150163896345;0.6248100873783073;4.650635927121356
-4.704523871740177;-11.414719529295837
0.7361135515529067;0.30069898560081826;2.0180092104753786
-15.503382776382272;-2.6165734838273242
0.008173009212683713;0.06613978342068268;5.647170879175273
-7.416113711558174;-7.963845126506643
0.0006144085251442855;0.024324461639951177;5.937355667023633
-7.561007363555867;-7.8150594540421565
0.9448394335973339;0.577891122182507;0.5810587456839656
-16.623119685530977;-2.193454490397206
0.16231577339261236;0.12891790181931811;4.161394363814952
-8.802228878138326;-6.649378783513355
0.12866607733466562;0.21827576149718966;3.916040966358193
-7.903835564294395;-7.474215239400839
0.6719848637378597;0.9728088066234956;0.6018524450606368
-9.866645493855103;-5.783875364480639
0.17646989671938773;0.5848140177107951;3.2308313548308805
-6.465957422385643;-9.016573889377858
0.39425944491674053;0.2357521178363134;3.277829565744269
-11.03326835020859;-4.952833858239747
0.05311673870449707;0.04921171204365915;5.561596484233186
-8.004371191234721;-7.377131772216037
0.11847709868020066;1.6904951622929068;1.5930280501903242
-1.8058060296081389;-17.7947566438657
0.7566619185257912;0.8885397855256105;0.21589185754414902
-11.514167394434054;-4.641542827648363
0.3432990564845542;1.7545608948946088;0.8055094389271423
-2.9542492029878016;-14.701839804168307
0.31658129069340946;1.7623605759908036;1.1346907942414177
-2.751999140695745;-15.173177081339576
0.6543333045557711;1.0279599144825264;1.0200341885880106
-9.310183068869135;-6.22240942794996
0.1265922461431775;0.7087423410707585;3.5374110709452773
-5.389464785274854;-10.400601121903293
0.5081862896679985;1.373597990474039;0.08268346320995167
-5.850370233103512;-9.779849755621974
0.17789565698419751;0.214227096375954;3.6839166696222114
-8.486143624460986;-6.9289372309441335
0.3997795957257603;1.5330382867192758;0.9285223621243558
-4.19135655922215;-12.25962660716746
0.6614862099972371;0.368073885042666;2.383471162231007
-13.851273154288055;-3.3473892698181644
0.6118239538274051;0.4487203856795781;2.1181464972343633
-12.55011403517845;-4.025911293450898
0.1348623507581691;0.14890257003127785;4.616970809125332
-8.366619710624423;-7.037576264288762
0.8418411527774732;0.750209255864042;0.4651870816120576
-13.692973707799213;-3.424770161199263
0.9587553578931378;0.5939621670443763;0.004126217601229396
-16.718797778957228;-2.159763742796342
0.7664008774069215;0.8557410733373679;0.3422083055746685
-11.869744914522004;-4.422077418280775
0.6943457157343297;0.33854566680045406;2.2016243370103514
-14.566107832725699;-3.0145044213754404
0.7016804811203736;0.9107408466352938;1.0335939663752824
-10.639585214129125;-5.220763942469135
0.11136907083761287;1.620824752150091;1.7784945314500125
-1.9526698127773388;-17.331622528000857
0.5825362511975168;0.5324497730661181;1.376728725722567
-11.567136528972602;-4.608286506354531
0.25310011636919355;0.05486170027429597;3.879106684606881
-10.37356839943934;-5.408844542334338
0.45689779364433936;1.5057865561426622;0.014633683153950939
-4.782002978507768;-11.29390363590159
0.6448737590300446;0.44036313444506786;1.4732157351763688
-13.080567941011687;-3.737339721246452
0.49623906529188805;0.6612250582677575;1.2300974992439009
-9.619120495656905;-5.975336700180699
0.20165493313219998;1.3532128682354534;1.2859112440199172
-3.365349202312825;-13.814282223994413
0.004944903641633346;0.09422546038742305;5.593428733746684
-7.230766410311644;-8.158458594457365
0.3664397386448317;0.2756584466563473;2.635836489151801
-10.411266739336629;-5.381835402370154
0.19693786734009122;1.440673323883155;1.2730651051506594
-3.0258984521448062;-14.540671933377503
0.6216053865477779;1.139182744292011;0.01286518315723793
-8.270475989196248;-7.126167672357254
0.30336698437366394;1.9436580764571014;0.014510600244704311
-2.1217834773718196;-16.827948662179327
0.008078551493558548;0.07665941718030125;5.47933374792815
-7.358397801960219;-8.023923258085244
0.8343786571224019;0.293061714095246;1.2490765267226662
-17.14636418509342;-2.0137125834482843
0.7698097692553582;0.8610143819524579;0.09200781490993776
-11.88033331957788;-4.415676597437037
0.013553170425296985;0.5402236416225065;4.709315513292886
-5.128644210105935;-10.772934518596973
0.7167226723991525;0.34957400564928576;1.5161426757330114
-14.823569445148294;-2.900984714509082
0.1540465901302392;0.14950919953285804;4.436019814795929
-8.584860772945328;-6.840436984941507
0.2624008909544037;2.0067896892619763;0.8142682274103504
-1.732854667098596;-18.034721647983453
0.1451484376514421;0.6394537747788172;3.4623697786350047
-5.8890475933340145;-9.729773487569279
0.8519558593392127;0.7104795441942059;0.9079917497488628
-14.13828444496365;-3.210530525637238
0.4144262785895963;1.590877472931105;0.008005095062083615
-4.077044935591191;-12.459319008862227
0.24116115391116727;1.2177871327760592;1.6378786479690661
-4.183351971498727;-12.273465045989699
0.20874783736277971;0.09229672713953496;3.951013165245902
-9.581848567234193;-6.004660143787922
0.3286484634606574;1.831996139954382;0.258844481907996
-2.606572569418638;-15.528263912782377
0.36028094038294406;0.434322319101172;2.566644644080097
-9.343750675817947;-6.19511549750607
0.29166287135138697;1.117715323383897;1.6120353731744697
-5.033929530194369;-10.912214917686724
0.32982515609953494;1.8049889956584302;0.11064532776756507
-2.699937940801939;-15.298663458854904
0.6877784691032742;1.0465569444801934;0.04714607567840775
-9.605240961366894;-5.986241030376989
0.003668773669827903;0.30411170349193734;5.2193048913002755
-6.1433170409223505;-9.407832758597447
0.9502779458964559;0.6044566759866221;0.40100100913364145
-16.495918864148276;-2.238827490279086
0.8258831739964985;0.24787873750744976;1.5095592583706419
-17.37978228054533;-1.9370185652043101
0.1606191960824758;1.5698034937188516;1.227858476478255
-2.3793067542718505;-16.11352287136475
0.2770878064751877;1.9637472172054897;0.07402240748285316
-1.921748284119208;-17.427035930925463
0.7470925625780395;0.2985591289140111;2.1364968858585884
-15.692964502221212;-2.5410785435584637
0.4418057893316992;1.4896595916549984;0.7580688447437319
-4.721530122597266;-11.388058265504867
0.1987719831007392;0.15360885930814427;3.6355331947641534
-9.0886474242884;-6.405361248461724
0.9321583678433144;0.5668139411082279;1.2014541161702774
-16.507278872119965;-2.234748131757555
0.25482793319386476;1.1992781633600493;1.5286376108954765
-4.370156279133621;-11.956001545829135
0.8471531664237615;0.7000367805600656;0.9781678786146571
-14.144554480186919;-3.207589405024885
0.6796883235881174;0.3770073704848257;1.8013179276223963
-14.055580417589953;-3.249518373984452
0.3568328011869452;0.8790390079723184;1.70165564479786
-6.805294632487868;-8.624402094070575
0.04248433028970446;0.4071121829006273;4.245497053983221
-6.01948707620682;-9.563065821740222
0.7777395466550905;0.7776322889929336;0.9958657824970661
-12.570703074731414;-4.014388227241694
0.9237603404301145;0.6010133411090042;0.9433173740301953
-16.09707091668541;-2.385490179421939
0.6609520944148431;0.42407692387275436;1.4384139093240595
-13.43164375496317;-3.5555438404369193
0.8920953471922491;0.6737698842334593;0.18522730138489124
-15.027848831447205;-2.813219919785775
0.10104262662514958;0.22205148414256762;4.114760266602842
-7.5780843804685665;-7.79771292028352
0.5556237917163358;0.6156856790296019;1.3508285809282812
-10.65867207531248;-5.207491126878714
0.2113729860968959;0.12759195838972273;3.702565653774034
-9.397962967787032;-6.151268815942273
0.030099772715930853;0.019120575606113126;5.802491911740796
-7.915121815803563;-7.4632531477203266
0.5211922061677979;0.6060620819716175;2.329023904988091
-10.277649992976135;-5.478104358972371
0.5364322261749551;1.3097806761079862;0.011377129757923187
-6.440590066410369;-9.046668527749205
0.93426006234197;0.5969817799940474;0.9629281480123816
-16.297770657811117;-2.310848866222303
0.0729656741106458;0.8901367675832096;3.372971072804589
-4.148211899717099;-12.334471512698197
0.8642055370943115;0.6703208915152641;1.0588224696461632
-14.626550839373218;-2.987558829966268
0.5919148683296966;1.1144246111878688;0.6982059370754016
-8.074045261535103;-7.310588881348334
0.2875197562483361;1.9128726401305276;0.2832798888697701
-2.1192152754083793;-16.835379679380786
0.43235189946216734;1.5463987865902973;0.00858927759837246
-4.402885624046102;-11.90153048837169
0.4378250615060054;1.5274198924277624;0.2812727876178963
-4.527570100537629;-11.697037564110895
0.42074871879042425;0.79075420455307;1.2769212647926216
-7.969162657350894;-7.410987094045329
0.0009247982002182927;0.001034427678100565;5.963341038323237
-7.691984092472893;-7.683017236527198
0.8783978155670605;0.7250719832205432;0.015596450183329969
-14.426433749188778;-3.077473622139422
0.2032557476246741;0.5065626099663728;3.2576701668810193
-7.147229094612484;-8.247791356499754
0.31542146077336536;1.9049734541542827;0.014663178307085648
-2.3031906847812684;-16.318626543464344
0.0754476701136538;1.2462373369790563;2.8288049455314273
-2.8628931077134903;-14.911655071982725
0.1051944869232239;0.22408712379639412;4.010971633992633
-7.612347814587346;-7.763027464036757
0.018075879790667958;0.04925606656443604;5.668882680634096
-7.615598034454457;-7.7597454112685575
0.7868010997122821;0.8261037846352628;0.25580270056917
-12.357495161453675;-4.135012598771361
0.35644483780529407;0.9582762129176107;1.4421152437777578
-6.398088597502905;-9.097340507880157
0.5668058335149356;1.2501854910232308;0.013082871500023508
-7.059933424476957;-8.342245488403913
0.10270178582309833;0.3105088665081151;3.612526974862466
-7.12046800126746;-8.276626244748563
0.19687093639331818;0.6458234240020005;2.409636998385583
-6.364596576778642;-9.137493640147646
0.012741889306197062;0.08119814840798399;5.192958716169473
-7.384175057125976;-7.997033124877463
0.20788393695816101;0.5539661426602779;2.662344316032313
-6.946508283392069;-8.466689239575585
0.4247266066394372;0.20578157494107907;2.687205139447439
-11.642007188858337;-4.561619167142587
0.3529963639957364;1.8237102505338172;0.023447997582474983
-2.789346086215302;-15.08423883418109
0.1201445034356202;0.8403745508394799;2.6018957098642654
-4.747132168254342;-11.348073151904973
0.9081856540112908;0.6315442331193868;0.5997018813564782
-15.607864109391235;-2.5747662854560893
0.339792036190312;1.7896560658871372;0.7141474036071986
-2.814363866481702;-15.025155795053346
0.5230330481817312;1.268061300679571;0.7368191179313056
-6.515808247000753;-8.957755494477949
0.3861820865805527;1.6620383712110454;0.46394750233836984
-3.5858120894011343;-13.372228267950472
0.395060364158567;0.26439438759170175;3.107606641604525
-10.855383059322431;-5.072393311342675
0.410353027462343;0.22630880474301385;2.758650651742812
-11.30999296702273;-4.771623215024337
0.9188538086350729;0.6311043849961065;0.2407479384293655
-15.779709137641376;-2.507073582626943
0.38787651902268666;1.6354752912873203;0.40253354243013756
-3.6981499598887018;-13.15509474555012
0.36938028621479446;1.6369337148454859;0.7161836999262485
-3.5542627104698137;-13.43416727704468
0.009141846386779893;0.120609758136241;5.157084210639361
-7.1351772641578615;-8.260763983147354
0.07283753632050832;0.29472428947793117;4.747883984249944
-6.889944976436668;-8.529486361642727
0.46465630916063005;1.4146380585806806;0.18871992489015776
-5.253750861536187;-10.592330704389813
