200
2
2.000118315242912;0.00013629161946258713;0.00015920141574497245
-45.68885458476377;-1.6877508572337916
2.000118315242912;0.00013629161946258713;0.00015920141574497245
-45.68885458476377;-1.6877508572337916
0.00045047249895995115;4.0004265039577165;0.0004733823131949793
-1.6863141224937916;-45.68109527105155
0.00031880169667308924;0.00031880169667308924;6.0003188016966735
-7.689253510966224;-7.6857466923028195
0.00031880169667308924;0.00031880169667308924;6.0003188016966735
-7.689253510966224;-7.6857466923028195
1.0167194977819596;0.5335960579327623;0.007891103518962236
-18.18616499453342;-1.6878926805906955
0.26702968407968514;2.033174025054793;0.006692325569521297
-1.6897141415938552;-18.179975367443507
0.016912635423983767;0.08289639944162336;5.268567122957444
-7.420016768396348;-7.959799182926562
0.25400517316071186;0.04835637526334963;4.242781157696767
-10.426878613928865;-5.3706849322900485
0.0023266407704893;0.0013135246122408131;5.8849621155118275
-7.705879817084401;-7.669142490868285
0.17373739584327857;1.4108527661505619;1.6519576149407984
-2.969693857023144;-14.666851576127195
0.3563354931820199;1.690941638332041;0.9199119172660875
-3.2640248826778917;-14.025002054325904
0.24408591363197432;0.44512045054945265;3.522092819022867
-7.926135992966743;-7.452570849107285
0.22877099424607514;1.2000383892996218;1.7156874069939025
-4.155070700770955;-12.322531109653145
0.9181534414466216;0.6336047408423648;0.2923501195576029
-15.7488542237736;-2.51913066121394
0.3081470963903713;1.9216753347714048;0.05540637415477118
-2.211923644916203;-16.57111620681349
0.2417275948509391;0.029684400193527617;4.653499744146849
-10.38914727170696;-5.397668587115103
0.11015404880115415;0.8619036290742791;2.931528664850545
-4.570369402908961;-11.627920249100642
0.2855404020007685;1.9704153861692983;0.006950138444405096
-1.9492970709279362;-17.341977474773305
0.8248283053352843;0.20990520754902656;2.143219062719965
-17.679016819958928;-1.841751385621968
0.6050130237343875;0.4725875565156743;1.5903871683159039
-12.287227228181239;-4.175403827697133
0.19614352947481586;0.6329573039356734;2.711647281673831
-6.421735819398411;-9.06910851424487
0.044422304762526975;0.043413670670479756;5.110261816780992
-7.939434133905366;-7.43969380650505
0.7063761188324669;0.32909371611594007;1.831653605319905
-14.821937659845215;-2.901693922806286
0.9057671664257622;0.6514972511138636;0.3405326339964594
-15.413389980563561;-2.6529820814492946
0.1344060619527949;0.7499283388325406;2.895944050717906
-5.272833630167406;-10.565111994363866
0.3524432743331864;1.7589853896617627;0.11349393230162233
-3.0010807411131797;-14.596167992062469
0.08510014078852435;0.9560430943522962;2.782696820603357
-3.9829134561266515;-12.627184396654375
0.14479985480007346;1.5483977581423534;1.3437895532601702
-2.348683260031532;-16.1954617939958
0.3513844639242482;1.7134862366125556;0.26383413821231877
-3.1501042800329366;-14.267994676437588
0.1592406099347935;0.13390568019138727;4.35536989859148
-8.736733598077597;-6.706402661617401
0.4110204698601965;0.2350542855902645;2.8279248518954994
-11.260479929842589;-4.803626734411178
0.022468575720811974;0.5714787237926515;3.8617223527323503
-5.06876737948324;-10.860724675344546
0.325235225140873;1.8384031777705003;0.45827191550013646
-2.5650541638507223;-15.632314166227022
0.1912272071650334;0.08735229573432579;4.306000161061382
-9.397646912676272;-6.151523608123118
0.18275226375907253;1.3744816675880889;1.6783442849810737
-3.156160598799032;-14.254909139568415
0.8619272389214832;0.7016256421284617;0.7067223861237842
-14.35471038899601;-3.110193196136456
0.020184782934072273;0.056518170045869676;5.59600954805516
-7.598943454439401;-7.776578100394376
0.4467919554116092;0.6946699849483496;2.230429191242085
-8.821093342218731;-6.633040157595174
0.08855498200748912;0.8752163745220538;3.3874761419822135
-4.3352673026021575;-12.014437818179989
0.8435335767878245;0.7422144942705134;0.7129446067827525
-13.776936173974232;-3.3835569216177417
0.40202760731484066;0.22210276818028377;3.253732188091575
-11.226907105400127;-4.825430194456752
0.37762845788605315;0.008774528498513397;3.5946549098198406
-12.350389084514445;-4.1390828245049205
0.12243948442588276;0.8074396243435321;3.0667808604135707
-4.90989088590261;-11.098058096312043
0.2022026602039397;0.5496795368626428;3.1466901466675163
-6.9095964074653455;-8.507612788467744
0.10800416727142725;0.225599941963643;4.101632948903215
-7.634838158118577;-7.740345839747253
0.7639793958824022;0.26901548864082014;1.7686331716802737
-16.19662640766264;-2.348250073298815
0.37392832370158646;0.24821417325284234;3.0349198598962834
-10.685176209801883;-5.189108994148245
0.58590333635118;1.210278542251949;0.047513070762284774
-7.4773848022239005;-7.900575367269381
0.33483258705540164;1.785778020323658;0.20724151197030866
-2.7945872313106586;-15.07182853965206
0.13864263214057504;0.14994603916558658;4.606873884336247
-8.404081016388632;-7.003349540117433
0.179164845813441;0.12547565652218107;3.9152976266483086
-9.022418194740396;-6.461023808588686
0.49649373118723905;1.3549649760847295;0.5251200367210873
-5.827651395025471;-9.809404045838239
0.5667115056301582;1.2694014984649988;0.01921100631367475
-6.95810846935672;-8.453871828608229
0.04493310330388209;0.026089625344065306;5.02109529622491
-8.042338649268029;-7.340796255367342
0.10433113170113843;1.6586335766944698;1.9575467717772517
-1.8150745862632254;-17.764759032477347
0.7592008943144889;0.8196187209761017;0.8386017151093794
-12.019104647729181;-4.332490903547546
0.6769438433613265;0.34458767449164673;2.345573210033776
-14.257336581960043;-3.1550364474189747
0.39384902511894926;0.23462818821251447;2.982979327354486
-11.035270513420391;-4.951502031141164
0.7941666327823121;0.7693661781474205;1.1005740017778785
-12.86252607106724;-3.8538881094779964
0.5066197234967191;0.11989474169395872;3.34229926885994
-13.398960641633751;-3.5721688833394762
0.6612263242508847;0.9975824594229767;0.5778817842944107
-9.579826679685448;-6.006254599818732
0.2830607263984092;1.8869053531359152;0.9661457785594963
-2.1676586595299248;-16.69628156325999
0.10157054209712907;0.24396994417267834;4.020386551735059
-7.4646082659258255;-7.913725725688449
0.11795545932325704;1.6022846043758703;2.1122346473492097
-2.039421777542166;-17.069532320565084
0.9970854893361131;0.4971196772159803;1.1178383693440217
-18.16244475720119;-1.6948804411824872
0.875401725477299;0.7113589339859557;0.23798388616217186
-14.484889747183706;-3.051000060528642
0.021724893234838755;0.12054518784899451;4.889546706775978
-7.269418993327595;-8.11746840850008
0.5486793874485966;1.2016011040826602;0.8836697075217743
-7.125033652673943;-8.27169927371408
0.7396770072266107;0.28614846323590737;1.9310219251562577
-15.67387001915104;-2.5486089557605878
0.26763208575745134;2.010261898900202;0.4978493130943304
-1.7506307951726512;-17.975605796410946
0.014211154034041246;0.6622113691144144;4.144242348560994
-4.603348738147166;-11.575028409656815
0.015543780228745488;0.0893691404785664;5.355780440154318
-7.370348052453837;-8.011445432685669
0.5242263019459774;1.2388573193205275;1.0086762934029436
-6.676528020800287;-8.770979890514583
0.2586706127644926;1.1116768658253084;1.8674158763978632
-4.771888831696663;-11.309580874956218
0.048167162004625945;0.5010867309385751;3.759064988281441
-5.625186272803802;-10.07746274902636
0.7743855019900756;0.2623013277432392;1.8038132767565456
-16.41808744718012;-2.266921008574089
0.45856406751518064;0.6796324461494794;2.006566096102144
-9.050130491081857;-6.437677913392153
0.7482944982666129;0.8472751952426754;0.741317825556052
-11.680334319644412;-4.537882505448357
0.6342494304889058;1.0839147443170825;0.09649234670722576
-8.736783937757432;-6.706358654489411
0.18405776843332794;0.0928178630748592;3.9630043727401354
-9.277426015050056;-6.249151603340293
0.7189529383579233;0.3110821141251203;2.0398370029974537
-15.154762486188117;-2.759701097690127
0.5944565916725424;0.5333430118620983;1.5424593599260523
-11.722908192894657;-4.511636306581806
0.22080505447583654;0.6006559582145692;2.4122649368839673
-6.838043411221826;-8.587547753113686
0.40408126090417923;0.29558344643028506;2.5864157327723962
-10.769422223094843;-5.131052393936038
0.9797446003879784;0.5667939634389625;0.150860551816119
-17.286923829454615;-1.9672762187476782
0.1909757475499705;0.12524889750390436;3.6988820658365427
-9.165260510390754;-6.341531936834352
0.033645406289765395;0.033643093814958606;5.420466013396322
-7.873694622183206;-7.5035697157729135
0.6546005800928062;0.4165139739181078;2.203965255499
-13.39416993699747;-3.5746108880549192
0.8074834054912522;0.2450584197628311;1.7072565084298317
-17.098645152042277;-2.0296528486258705
0.3020490121496211;0.41260454745462394;3.210538792359558
-8.777383874319442;-6.670955629028639
0.9909092624936889;0.506655881663823;1.1439803550751684
-17.976999362536894;-1.7502102859777855
0.8038901798962168;0.7882155130628613;0.7487940043041541
-12.866793195007515;-3.8515798809822193
0.13109542242907465;0.16279433134453772;4.506256070017991
-8.244060491223525;-7.150698842573798
0.48434903225409875;1.345943727096681;0.9771372992379165
-5.754963145705164;-9.904665434178483
0.06490212838084666;0.040031801252859545;4.781968686021337
-8.189307599066671;-7.2018105884695
0.8940768586988282;0.642619498037365;0.6072887515109144
-15.300186854206995;-2.699310441243789
0.10075286806670215;0.26363162292695597;4.054778414337565
-7.3496672484453525;-8.033052003174419
0.18625066270326163;1.5325129313408181;1.3760110705873752
-2.65306309326364;-15.413190758540882
0.42778389612824946;1.4565059395124205;1.0884197895330168
-4.743466846919811;-11.353786466734947
0.03530391573930586;0.01899660879221672;5.535321725809699
-7.974025443082357;-7.406301993532012
0.6419549292388717;0.4551169539846681;1.4858853839386865
-12.93275865324998;-3.8160367038261547
0.1532117615099153;0.6836792789670153;3.108908063818344
-5.754915247685766;-9.904728563104799
0.7167482246288;0.939742859468375;0.31408479140030043
-10.646937351270482;-5.215647863589009
0.36537134130429605;0.9211645564641644;1.5292708917365263
-6.676440183837019;-8.771080796248317
0.8314370880815458;0.75654804143735;0.8626378849588758
-13.493720803478482;-3.524133321495324
0.6062385870602729;0.4578621653858796;1.8732196230752718
-12.407326359448284;-4.106561263366956
0.7235786452611466;0.3037366345080944;1.9231086353430635
-15.283724404678035;-2.706097188521847
0.43891365732918386;1.428579367536361;1.06389588423818
-4.961691532920361;-11.019964114578286
0.0952578238305876;0.011570176906694079;4.964580180379049
-8.70372157065319;-6.735321392353896
0.01839795563219066;0.05550773948056294;5.714515384673934
-7.584935077326193;-7.79076518770419
0.04484266388779836;0.004075701079075164;5.7487396409750735
-8.165681955013987;-7.223976061352249
0.6513909690902632;1.0597471015776991;0.06987199013237604
-9.083257533118113;-6.409874330487013
0.41886523768406203;1.6193762790305397;0.019031867716735616
-3.9994182422397775;-12.597522082526352
0.9506509158433049;0.5866803152828891;0.9774252842039183
-16.64614807161208;-2.185311391171155
0.012348114608607056;0.9482170359138371;4.747206039379723
-3.461026243570155;-13.619755117233009
0.5612004103542966;1.1602175668873527;1.2047011530619631
-7.480938002308371;-7.8969222102747265
0.05340078203010859;0.002442832121125424;5.651126360455985
-8.272363770596941;-7.12441771926693
0.47509433319517047;0.616305455050418;2.257812204537228
-9.635335661184236;-5.962620336445083
0.38633703422440296;1.583107026353869;0.870223755781781
-3.8869203107809036;-12.801682847736595
0.25627007557028614;1.1424869126734771;2.304442605975798
-4.619625733934819;-11.549040110796769
0.7871834846065671;0.8273700160283336;0.683044262615379
-12.353987690583779;-4.137021205550972
0.28809201523152256;0.0022712926794442997;5.145047976469273
-11.173395888400073;-4.860355772780464
0.7446766168712193;0.2706654209916698;2.3646457721500633
-15.875482955076484;-2.469917014818024
0.03721332431214514;1.2449528475811296;2.498954384870042
-2.6197374881817304;-15.495525676706961
0.15613669780780337;0.007687799553548306;5.193518061961063
-9.4554931636698;-6.105051606987159
0.02217155658800415;0.16529844395751295;4.820903122978972
-7.036875872746187;-8.36738451134274
0.8700369984860613;0.7306051768732532;0.013054848805054028
-14.258605809295585;-3.1544487882080223
0.9598684699676316;0.5532437397506175;1.1988188271021614
-17.07051626716643;-2.039091065135322
0.15458540568970564;0.1466340186237481;4.404089517915501
-8.607870569155445;-6.81996584884315
0.6661385294814509;0.9734266844196842;0.8123486562693761
-9.789950651297504;-5.84259653132211
0.5366733859346084;0.10724572804443383;3.3036781880445787
-13.934406967915642;-3.307295485843029
0.6147434598348079;0.4625988596821812;1.6201824015063455
-12.493501626482184;-4.057732966620399
0.09365316773584513;0.27394955006956;4.469897091135284
-7.218469366347569;-8.171544726924136
0.1704358109028584;1.4291025938204487;2.312373281979527
-2.886476302371103;-14.857016994533154
0.3214872625489131;1.8657512794131959;0.009908798658353153
-2.4574108421594962;-15.907955139628564
0.14159493557334338;1.5019594122891333;2.1271651420692614
-2.4696667181331136;-15.876131670700024
0.31191574517634496;0.4205419899126384;2.8155608354044075
-8.846918873409448;-6.610734368568883
0.26932244882163375;1.2296205058993872;1.3922608253084732
-4.364581445796257;-11.965313136613572
0.033284384509867856;1.4639528334104168;3.5043608874535854
-1.9545698692642728;-17.325794577561766
0.3281801596920272;1.8218563918025406;0.48893672352885603
-2.6356526965212432;-15.456109493124593
0.6916596004001583;0.9723809509146508;0.5039093941061504
-10.116530619590256;-5.596209870847932
0.0657537193490714;0.34013467998657115;3.7801187492853665
-6.583575498721265;-8.878475152893975
0.04008782214494107;0.0212405349646168;5.361932359823089
-8.01511644840014;-7.366830245822222
0.8815023115797633;0.6793500087429849;0.42791472701888045
-14.821907702637244;-2.901706944055284
0.891486444254787;0.6711766803530671;0.3665856173618084
-15.038469953331973;-2.8087116636103997
0.7432246936958731;0.8858600344652028;0.6093350140778355
-11.351449011944712;-4.7449661297527355
0.5168637067231757;1.2768298231375654;1.0155808393469206
-6.409535528295999;-9.083662034899351
0.3090942813619509;1.0121402742435497;1.5062949685652023
-5.675963537651196;-10.009432364367324
0.9361038296432812;0.5914856209170027;0.6931493564615695
-16.37172015059806;-2.2837777285329017
0.9958480156252124;0.5103242684872217;1.0438961432401153
-18.029506994709777;-1.7344176043145427
0.6683533174331602;0.3550385378616638;2.257652049682732
-14.050346786202356;-3.2519977191511327
0.367541516216269;1.6411614649639776;0.7740991218703325
-3.525046746975713;-13.491909504821548
0.014583802970809873;0.06413138999541186;5.799530346339622
-7.496421653899504;-7.881023278491216
0.03211606916103441;1.521047918643168;3.418151158462098
-1.7973254260265275;-17.822299009558616
0.3329975161686207;1.8052464460439426;0.23833079483620065
-2.7195110082458607;-15.251276559019573
0.7161213646241938;0.3839597944390316;1.2370799595634274
-14.551953252863974;-3.0208409699610583
0.3424006285291833;0.2662900583130468;3.480958867214414
-10.164463216574504;-5.560840030375985
0.12018237096101096;1.6011893129988786;2.1708294793317386
-2.054808372323799;-17.023878654169224
0.6261734390521421;1.0997869144871932;0.1890285620300187
-8.54985434239285;-6.871694742604847
0.6507243704501481;0.4355027991180455;1.4542839482135157
-13.200065053891526;-3.674659694286771
0.37016342328610236;1.7347888103790718;0.013823943015069748
-3.206913796520842;-14.14599539839638
0.5896171030674802;1.1489045893149354;0.41409438792568676
-7.855232778166586;-7.521606993146313
0.19844874021849124;1.3062599595137376;1.781847840169545
-3.5129464834304684;-13.515933753274775
0.7046205929105408;0.3778183885960676;1.3073179092957028
-14.42415837137305;-3.078507601897895
0.20847845787709277;0.05793601935719939;4.186564201991729
-9.79101093423312;-5.841781073866272
0.1262243339706612;0.19948994231629;4.707040388795448
-7.981577617557505;-7.3990316356821495
0.1933000279155634;0.10151158318349618;3.6776279908300245
-9.336762036798525;-6.200788837674591
0.5327440596508244;0.12209980067977988;2.6192806453833213
-13.766117272132476;-3.3888457672919174
0.38254491835921706;1.6748568206171845;0.38379556154027306
-3.511457553549102;-13.518894376435355
0.1046909899489267;1.6448953173120373;2.074647764758402
-1.8528751861159969;-17.64352189767202
0.5351238192107413;0.17884535816415045;2.5540945579866263
-13.3848105666633;-3.579385483832645
0.27361459144291267;0.013205134145724745;4.705304077588607
-10.909813952703322;-5.035549416562216
0.05551501491670378;0.36795324941039376;3.810086505785343
-6.340431833084379;-9.16658724843123
0.47249547432255656;0.176886550084214;2.67073531894437
-12.502058559173545;-4.052910175003656
0.511324883709659;1.3391364440115845;0.09001183171702706
-6.046987095202952;-9.528340537717883
0.007260185594200705;0.5913500565602046;5.0157476459839785
-4.847669216381217;-11.19279575547105
0.29686280547768445;1.2067349330544561;1.3287937417672944
-4.691729157435402;-11.434831700525363
0.07964303097016866;0.2546566821383793;4.576883144446028
-7.172057144107729;-8.221133966286189
0.20306810618010518;1.4832940891716593;1.5227829831856194
-2.9234007691139796;-14.772137414039918
0.7021249803210782;0.4048643870006493;1.2237873913809403
-14.182892179831052;-3.189650869774476
0.9709810753225121;0.5578157594198662;0.6657189649175197
-17.21616638408;-1.9905560806032594
0.31489753061053466;1.810579236028104;0.6342831766595808
-2.5874383060360393;-15.57606422891342
0.00838347074638977;0.5636299082458491;4.969045469046851
-4.978812787264086;-10.994305421547852
0.2904647466666475;0.48767259214406766;2.4877540024101754
-8.209109806160168;-7.183283893078666
0.5174512765268072;0.14098004216234136;3.1008720189161365
-13.403171265380161;-3.570023645576156
0.011361051462611281;0.3409217414634161;5.47731876137504
-6.038652998005774;-9.5388490219259
0.29284485019776546;0.369689866497088;3.2836882016454405
-8.92215501468559;-6.54615684180272
0.35477190818266735;1.6791107170138857;1.1741253564628327
-3.294942021266207;-13.960177928400267
0.07247131500304003;0.9817493479120212;3.2044514080264097
-3.7853085346498374;-12.990182431615189
0.6457427845745068;1.0373747869432668;0.549797136966574
-9.149681591764827;-6.354462987501607
0.19241312831567342;0.06493209288736798;4.447416884801629
-9.549250176589343;-6.0304143754055755
0.34704364325326365;0.9106263706722844;1.6190323723459101
-6.543424212059681;-8.925354137883009
0.6506435747089594;0.537443981000322;1.2800650920324375
-12.472093812235016;-4.0698189596414505
0.7779260809394386;0.35156750514800594;1.252766932516727
-15.761367146457186;-2.5142359224176003
0.7262876751242792;0.027632141012992405;3.197642985092943
-17.555150800342165;-1.8807754987509415
0.02625803008065549;0.06696394766151818;5.444413394800899
-7.608245360202079;-7.767172122704358
0.8866322028057602;0.6749661699022641;0.38944212637860426
-14.934399310962975;-2.8531187181611553
0.3141349203831693;1.895743198164585;0.07447471568465285
-2.3228852460240277;-16.265092177404743
0.1364606646374014;1.5961981461054153;1.40675095117448
-2.1605390413929895;-16.71658402652973
