200
2
9.997828831935615e-5;4.000076009747076;0.0001228881025543843
-1.68719014828891;-45.68582673316372
9.997828831935615e-5;4.000076009747076;0.0001228881025543843
-1.68719014828891;-45.68582673316372
2.0001146149334157;0.00013259130996608176;0.00015550110624846708
-45.68880462985669;-1.6877416057311738
6.483315372811504e-5;0.0752824287180787;5.902267788926652
-7.279807744439525;-8.10648813095637
7.025506222191734e-5;7.025506222191734e-5;6.000070255062222
-7.687886407777995;-7.687113602093553
1.016310946367635;0.534134788380191;0.007924905125115999
-18.174642675871404;-1.691284527965535
0.26456534035976337;2.0282477259170877;0.0036837544157742193
-1.6897081666152811;-18.179995663788453
2.0001146149334157;0.00013259130996608176;0.00015550110624846708
-45.68880462985669;-1.6877416057311738
0.6953276620632173;0.3302469207682112;1.8937621916146485
-14.644212200382963;-2.979719763442508
0.07117091828773352;0.9717235669177225;3.2899983424522206
-3.8137745377431087;-12.93697357150792
0.34485433839696944;0.03005069828182818;4.542459067844085
-11.750767530431293;-4.494529766798076
0.18486516376041692;0.7204962022947249;2.5808456359474534
-5.881324387649492;-9.739749010162294
0.11526345147052944;0.2095348224482531;4.037556055860416
-7.803397110153849;-7.572484224732984
0.002480490007094454;1.0612412089204175;5.556222297730865
-2.993686662993938;-14.61276918096245
0.9194878253656366;0.6287404581335956;0.3944576446786217
-15.808462780689162;-2.4958756621147113
0.24830812727577004;1.1836930821362073;1.7979689275185038
-4.380652015288141;-11.93849711871948
0.05800265763690579;0.34007077734745605;4.433299295147678
-6.50534528988923;-8.970065372699322
0.1342997922759708;1.7191019552526627;1.228090599255732
-1.813694088554446;-17.76922016626238
0.2392626127695917;1.1528420710779466;1.9587252347393909
-4.433460557714151;-11.850945858640545
0.9032442354794948;0.6450843306201746;0.6569959231746066
-15.424082349059628;-2.648636805332659
0.6164792154937923;0.433908608086126;2.1885792808793205
-12.720754645436871;-3.9312065935208307
0.09737488174204942;0.8218954904168697;3.4056077840784806
-4.631510264679793;-11.530113260940274
0.40581249429104194;0.7738883703492204;1.6908126764281008
-7.896475452636401;-7.481372652074905
0.019134653990369854;1.4189914803383659;3.2212865955386403
-1.9999217692730185;-17.187865665206907
0.9463463644283021;0.5823091726325196;1.0707457329384313
-16.611714623654944;-2.1974955051900134
0.3608108997510484;0.10328796280330134;4.122120330722554
-11.470672835450028;-4.669000631763278
0.1499951548875451;0.15057213972759664;3.994749081446341
-8.531625724801557;-6.888025854279126
0.34186615825319017;1.7469505792472373;0.8904148018901706
-2.9702326291509724;-14.6656335193004
0.26279588662269154;1.9785262305216145;0.5406789780603634
-1.8073790221213042;-17.789658052159854
0.16373675450872976;0.14448966334462546;3.9272487225756816
-8.727394238977807;-6.714571936576632
0.32444958308668265;0.06283371851153358;4.588149872816938
-11.254332671083137;-4.807612746802989
0.1809683294612746;0.5714767427889661;3.3692451142805355
-6.578936585481451;-8.883877508012038
0.8188334695571836;0.27826037869728876;1.4854511263980723
-17.01222227879892;-2.058750114211061
0.012088250999173433;0.11106044004725056;5.03149228763441
-7.217187159421916;-8.172910477959856
0.43260345782881515;1.4400640038165806;1.1090091457742897
-4.856246686932361;-11.179674656680813
0.01457302634474198;0.061786977163176375;5.4529836891244505
-7.509040345345189;-7.8680905145558055
0.06535380101956936;0.9270549232268909;3.5770886142812763
-3.9417587894302724;-12.701579322495544
0.17180318031640202;1.5926234096067335;1.4351337947299667
-2.3779498192709307;-16.117137357984156
0.5959815007626198;1.0928079645608135;0.9353187764899491
-8.242684424659759;-7.151979018051074
0.8516423004383409;0.7376514352427481;0.4883590328900592
-13.930929821558847;-3.308964999585577
0.10789615235228692;0.030751674467400042;4.890349642459958
-8.739463501143026;-6.704016568534114
0.02339144734350573;0.48931772919405203;4.3606554270395215
-5.44939548996345;-10.317278669540897
0.05081929863821602;0.03351370054224317;5.223058884276592
-8.066827933593082;-7.317454069517006
0.11421031202412697;0.16758082383742093;4.7486974748572885
-8.025820382449277;-7.3565825801301115
0.8566088741818778;0.21377614602107664;1.7309138692823665
-18.182753931720715;-1.6888963059512465
0.9884080991893768;0.5531981355596448;0.28135114124308563
-17.544087734289935;-1.8842890432797335
0.5402989590040256;1.2641666235091107;0.3267033404843909
-6.711569589383507;-8.730825349895163
0.8923241897176885;0.703524793491699;0.15128893104684052
-14.802507930773945;-2.910148485393489
0.33581786250681483;1.7645537315454771;0.27789498907708005
-2.870920733076386;-14.89301880492671
0.6452861879860518;0.38701636426345065;2.143750205376705
-13.473471530692438;-3.534355401897257
0.021107150283718408;1.5371675115498278;3.144236367855222
-1.700142442623411;-18.144627763429714
0.040750692520891835;0.023850880881736276;5.675310565857468
-8.007901353510167;-7.373745807749648
0.5041613249381734;1.34781341663915;0.046414802170070525
-5.935554763521779;-9.669953197912614
0.4861120476294306;0.1976228385281905;2.6678517176773595
-12.547814018947422;-4.027200194910046
0.33086786364848725;0.9405730692885693;1.8591449222297314
-6.231644882335166;-9.298855644242709
0.5165024894932394;1.2396475792215196;1.1577236475375403
-6.593666862939175;-8.866735465524624
0.315081612823507;1.8043749471229544;0.7883114469948039
-2.608108698733819;-15.524437634969164
0.0421883277004762;0.03964495691187818;5.288534898634077
-7.935525266539625;-7.443476583159809
0.20071251630564044;1.2805949281186622;2.339617069427888
-3.6250052798758627;-13.295874130457056
0.7695125820191832;0.8535781638245267;0.8108410901659124
-11.927296091278269;-4.387379088926034
0.27280715428443625;0.4122428093262559;2.818174418838407
-8.438831202644614;-6.971744710975832
0.02532381435027296;1.470785126033692;3.1080948993738278
-1.8935342759993483;-17.515046746663952
0.6484035069325896;1.019628785345371;0.8653417778692174
-9.288808027224325;-6.239847513506432
0.256469023821588;1.2002333458720946;1.2075580602981895
-4.379750686708525;-11.93999896722663
0.4419158752575003;0.22993717710328748;2.4919303194028957
-11.711498266901707;-4.518657959372865
0.16535977320503184;0.11890993977180872;4.265253679795575
-8.897316145974655;-6.56741047295385
0.5008936701058359;1.3767284054182032;0.05371411729052192
-5.765904943742285;-9.890256661014131
0.05515687014362211;0.03568790836844064;5.1750742039661395
-8.103511090342995;-7.2826269392361525
0.15308373318127477;1.5649531863424844;2.0268218104896287
-2.3487200289357615;-16.195362948715044
0.30458031938965974;0.39944506645015176;3.1775657540357964
-8.884916269087773;-6.578044973466928
0.039004376801330745;0.025926866458502153;5.738595562476798
-7.976662902261373;-7.403762143675621
0.30740458668080206;1.829256053065938;0.7010351488420409
-2.482923385249756;-15.84183906199743
0.4232541741043943;1.5557788365660599;0.10227830225963432
-4.289576939689571;-12.091552311619553
0.8653355264949752;0.6974072062039393;1.1309011241025033
-14.438085334398089;-3.0721830197519635
0.04033740019163004;0.4769393770699148;3.8430310190195174
-5.665070442960052;-10.023980786513254
0.30559356566672446;0.05629191177254704;4.65198646279629
-11.047332412276504;-4.94348499710658
0.04535540972746194;0.028669661699398923;5.534394217968832
-8.032575472911033;-7.350122737600259
0.38631684887566803;0.8608584425635051;1.339288985727104
-7.210047509130242;-8.180519702064103
0.061633274521875794;0.3489976143509717;4.301440753396051
-6.496933654655021;-8.979975373034444
0.17624376197913305;0.6089376830426819;2.983571512204083
-6.342790809130134;-9.16374255905871
0.23370815890556232;0.5239793420216301;2.7125421301535764
-7.379602742550059;-8.001796008865618
0.02949048936482935;0.06901090614795843;5.077816836713394
-7.632435998643367;-7.742765200244665
0.19754187820178987;0.6782833621239777;2.4700336218931307
-6.2101041852179995;-9.325299848142379
0.15805192095740153;0.6744543849098295;2.915074463201646
-5.844987125192185;-9.786843098137476
0.22163275853820136;1.200051584392198;2.3695322161016295
-4.097901781446434;-12.42254852192018
0.10921346881985383;0.7905129766019259;3.4464854056626124
-4.8683092216832815;-11.161255650267679
0.19090528327983317;0.5842901274390757;2.750366945949687
-6.614860387737167;-8.842135557410671
0.5881287614917942;1.1719960091065835;0.6021315456706293
-7.710956486824049;-7.664079834176999
0.740984034020842;0.34310171496737324;1.3385521105862808
-15.24828151207349;-2.720751628256071
0.21544840024730486;1.4647179595907582;1.60575241523918
-3.070269813966087;-14.44230256402372
0.9643429683366903;0.5743055748685414;0.9610047866889061
-16.970938154369225;-2.072754174515991
0.12042625765521422;0.2222172048723449;3.7295643531653764
-7.790341482204583;-7.585353067385665
0.7339634561208975;0.8824764286873757;0.6419501396621721
-11.25022992824341;-4.8102746091447965
0.3174393852898876;1.8699285107891535;0.11481310541208199
-2.4200742896396723;-16.005621431942835
0.9275670737102022;0.6390938715678731;0.006800381078404147
-15.854475469684424;-2.4780324353065786
0.03745653530449681;0.026321522431727872;5.7877542340041845
-7.957114653529226;-7.422607623579301
0.03978621356030035;0.043339309765003914;5.1227187902715
-7.888094984249088;-7.489530693337521
0.2722693793371914;2.022545057855621;0.034282938598445986
-1.7429679749226092;-18.001037265916235
0.2497386119819917;1.1164951908707141;2.2795892778516853
-4.674612353498696;-11.461809989472735
0.08893212710709095;0.23758376812247123;4.713646775810703
-7.36260909384585;-8.019523746837034
0.28631574419510974;1.950800861765448;0.09450657870915417
-2.0069192681457135;-17.166782375273225
0.07484961458504054;1.1373462416739768;2.6454547030369433
-3.2308880525364443;-14.095005190079297
0.45738266872971134;1.4153828847716023;0.7427227573402838
-5.184721418459874;-10.69151443889385
0.6674471873722008;1.027528403688168;0.2154652721238234
-9.472486680972626;-6.091460999354057
0.7661323839991935;0.2960988980340353;1.9780147899424532
-16.01451834286866;-2.4166937732607883
0.3659482538538072;1.6934765811895;0.2663496128865088
-3.323445833567058;-13.900826641867798
0.5771131186299083;0.49700041381847493;2.240997767184991
-11.73418781192553;-4.50470375407077
0.6452806011186919;1.0750674093956416;0.5813121218071947
-8.919153435382901;-6.548721714123738
0.8420335183546873;0.7529935844113753;0.41624737118647714
-13.675301761213113;-3.4334937859351187
0.0010489021421139946;0.05477177386720304;5.982833822416228
-7.400567714365264;-7.979981379777992
0.36888746481659407;1.6261833840118984;1.0414619170296293
-3.5905230827286623;-13.363016080894475
0.7116537222995729;0.9194851777726655;0.7423016837493571
-10.712359344095816;-5.170314409004531
0.28497286698951396;1.89563960857925;0.583865320427169
-2.153647938851328;-16.736280559453768
0.140681510428449;1.6581037233276017;1.396979171044554
-2.0108410982506566;-17.154988825428397
0.015016219178476665;0.06395587982588259;5.41211983760841
-7.502071871801986;-7.875229727960206
0.2887691757590399;1.00782286272187;2.104400165248947
-5.506079948961038;-10.239209572202732
0.4473610355127087;1.522818168054142;0.012689876892660813
-4.627476173444733;-11.5365332407607
0.6344759998623344;1.0864728036606803;0.1835251422347448
-8.724434235348095;-6.717163078644223
0.5289518841785014;1.3164416126210674;0.00832837800166297
-6.3323836734643555;-9.176299960369064
0.16196949763515733;1.6563543973759247;1.5253217051037982
-2.1345460921873993;-16.791115515349112
0.1448063727961297;1.6710016837447934;1.2751194371867887
-1.9980962386112486;-17.19337455828912
0.07517006583114061;0.8927676864132129;3.5147297117761935
-4.155347122923324;-12.32205022518357
0.1835241259517161;0.09744477748297188;4.2370246351500205
-9.243005142732116;-6.277366924107052
0.3621752782941535;0.9576284709064077;1.5465374624115158
-6.45889005655905;-9.024947114058156
0.018845053398143168;1.5015131964796689;3.4693678195175335
-1.7792510446316;-17.881305031148806
0.5686699967814857;1.1422591075437414;0.9196567174791461
-7.660469070788122;-7.71457932457659
0.6873529777711133;0.9804255224701705;0.29173411309457803
-10.011499441799797;-5.674414678007179
0.7804188756241067;0.8543387954020842;0.34786419771078897
-12.072385031765382;-4.30089651745796
0.05234188596074793;0.04496352337138711;4.966760542193458
-8.019527875112486;-7.362605141061287
0.4660207461952723;1.390450485606152;0.5428108038418381
-5.376389342375106;-10.418888267746787
0.002603541371215351;0.00348741198532424;5.907413250707763
-7.6969611464315975;-7.678044768103428
0.4982205090245748;1.2814165030778206;0.9866040449998077
-6.201345859409637;-9.336076194725015
0.003027891914200479;0.0893480544629324;5.677037597462751
-7.236330113857534;-8.152545090837378
0.5619991178415296;0.5923684830794239;1.2617661080368443
-10.894093833173395;-5.046166554533409
0.2831296345750456;1.9171810961248372;0.4371233471796012
-2.0824197342356827;-16.94255983095789
0.5329107559661019;0.54190189571759;2.07369784169486
-10.843549653434843;-5.0804338750740925
0.43566138485077405;0.8056016473499301;1.5461970917248937
-8.053285438857056;-7.330353092989257
0.01034983773901065;0.6610821022725479;3.6843864789654184
-4.575486305177351;-11.619692999917143
0.04173823906577246;0.3962818448779603;4.4042517447763245
-6.064917680360074;-9.505776714570645
0.02274661846712353;0.09184565110540291;4.959691565276136
-7.434710268358137;-7.944586824240851
0.5592044879070148;1.229937674408309;0.23612239565115065
-7.086530808341598;-8.313346492878669
0.4811992971207478;1.4035914050635394;0.4312730048180017
-5.455590636799815;-10.308711555842295
0.5874228851898087;0.5108501182068871;1.652448988294766
-11.780366313054307;-4.476414139154272
0.011569816482804177;0.010698239643029156;5.853572217417827
-7.756082451541993;-7.619227124993621
0.07071003160853034;0.33886436279822796;3.7893673192357715
-6.640540603740678;-8.81242789913352
0.2113357448541181;0.1333701764667445;3.6457634454067858
-9.362352472671455;-6.180038027015049
0.26758491023704434;0.4234359009526228;2.7815860384309983
-8.31452102613969;-7.085447911403568
0.6197984022275792;0.07093365858885141;2.408087717852973
-15.480920850770822;-2.6256262462414446
0.12213546917303458;0.2828930273745867;3.6177115408066656
-7.4765701761040795;-7.901413155417774
0.07516389125894232;1.0198921332237854;2.5479446945733337
-3.6610382311361205;-13.226246088901028
0.16213016643849956;1.490859520198886;1.4455664440999152
-2.632158133589709;-15.464749194130462
0.7937406993037192;0.31157596489625394;1.3621536307771505
-16.332914561185238;-2.2979547903622115
0.3513120865899615;1.6810347393334553;0.7422553093979332
-3.263529122116448;-14.026045349805303
0.08029091774306918;0.05428344101860049;4.800680782416778
-8.283440518237835;-7.114158179094917
0.037196900924539755;0.0376288374553065;5.336342143870927
-7.891058966772627;-7.486644358441123
0.9568568606095209;0.565377717178952;0.9984610668305648
-16.921358002011292;-2.0896619575703035
0.7549177844587155;0.8988677238251019;0.17167555912617052
-11.421104855744574;-4.700458559728954
0.5438438643677183;0.5292717804136919;2.0478167349393175
-11.07061608710967;-4.928040655570477
0.007600877306541541;0.6529687956762098;4.147979225408644
-4.586528072819219;-11.601965524513615
0.09387190258036682;0.2854932541923593;3.8806093771559707
-7.159432985112046;-8.234676924459928
0.6596200568028436;1.0192595437810543;0.22681130880510927
-9.427381476307792;-6.12759520823683
0.6261722833516205;1.123870829020364;0.4556913344561682
-8.410611058530032;-6.997399944018385
0.1311159067558511;0.17440103614349872;4.190531472100166
-8.178283520978221;-7.212144969927984
0.04698316531554358;0.03169508043709807;5.370875375462844
-8.033869584667663;-7.3488858325337825
0.9763742012768366;0.577566300909659;0.7196328225239257
-17.14212737172413;-2.0151242536399696
0.37453417648840115;0.02310287876680155;3.7772701456740863
-12.207335977899954;-4.221715761589948
0.2508385104063273;1.1110331177288544;2.36844393236316
-4.707356319809848;-11.410273385888042
0.5281773496737568;1.3356056420167657;0.013768122409055821
-6.229600904300779;-9.301361273662554
0.41203234739536937;1.6042043252122358;0.08667463900041199
-4.005349875635957;-12.586885810272422
0.006961372419570823;0.18001050419740228;4.840519625723315
-6.801602467338213;-8.628567820279082
0.12859216731357687;1.6677672250138775;2.2466479582911223
-1.9190381935247836;-17.435449987778746
0.8551238723126404;0.6730565020183705;1.1589498007806265
-14.467817508078475;-3.05871383940246
0.34725768249646083;1.8396642092531328;0.02306055981141555
-2.700547232079336;-15.297184518941657
0.6128878907885273;0.46276627752823873;1.3672305019190187
-12.466235775537307;-4.073131231000333
0.7218047522746656;0.37103180321896123;1.4843220894262983
-14.737100282708173;-2.938745568074106
0.093103380140541;0.2510747572375349;4.185703759245467
-7.334933873768651;-8.048481840289632
0.37076982887469234;0.2549677433255457;3.4855630503628605
-10.600397757237195;-5.248106698574966
0.03634349013751467;1.2120881109870827;3.073893895698707
-2.7190287177516126;-15.252441155584197
0.03448218613075671;0.0280728820613989;5.837505730143885
-7.914075310071416;-7.4642689178701565
0.5722907647369556;0.07195069905788862;2.853039315882764
-14.737506465647089;-2.938567331070842
0.266217690366119;1.9753093717638763;0.47636955779984297
-1.8335784033215574;-17.70519230466958
0.06179862387022582;0.32067397343532394;4.687996366355943
-6.642417244488815;-8.81026122713241
0.2989256243529989;1.919524870475921;0.02865472299732804
-2.1651162427478483;-16.703526082217003
0.039607829007508935;1.4004717733489636;2.429051442053541
-2.1663090879706473;-16.700126356644052
0.41212130193999064;1.6399624911936959;0.019705245747069396
-3.866439554333669;-12.83935831478453
0.2945922681751104;1.0633520077886858;1.4762939595036433
-5.3044136980587915;-10.520255883881903
0.4688594835863079;1.3923099864708326;0.4554059408546178
-5.393902388686398;-10.394403600966786
0.2059613478338139;0.10428290972744016;3.703087785130653
-9.474161060564356;-6.090123415222292
0.3187758286355818;1.8149517464197662;0.7749213846519774
-2.598070479609823;-15.549471460244453
0.3125647655156382;0.983176286793311;1.6380746396614094
-5.846440322620528;-9.784954636002908
0.8396051524534112;0.2243185518309855;1.7146803547977645
-17.806114655085178;-1.8023053712509793
0.2176430922600299;0.4926062741424888;3.017433359051743
-7.3755250997509645;-8.006046085597681
0.67352650118843;0.35008456087204187;1.9949139004620087
-14.164772501633047;-3.1981196450800455
0.7993950419741589;0.7856790851182492;0.33010912754466293
-12.820759989983808;-3.8765390028530553
0.5517451775917436;0.5185234560609773;2.0054442236355223
-11.24700421824281;-4.8123683278952
0.8705714710942044;0.6554050161463528;1.148857102600723
-14.837885437277412;-2.8947682508147974
0.8769699773390347;0.7495494843356418;0.024997966540742433
-14.220447803798034;-3.172152630031331
0.5816707768971408;0.5121050676820491;2.0814121389894167
-11.693409634461085;-4.529808287226531
0.005742434807165071;0.870437473092533;3.865878518731706
-3.701060255891867;-13.1495388941521
0.7476087737260158;0.3242751742945153;1.3825302347556927
-15.498789093622095;-2.618422988889417
