200
2
2.0001353952708025;0.00015337164735324994;0.00017628144363563526
-45.6890851688596;-1.687793561022827
2.0001353952708025;0.00015337164735324994;0.00017628144363563526
-45.6890851688596;-1.687793561022827
0.0002552598363806769;4.000231291295137;0.000278169650615705
-1.686802007024425;-45.683730494870545
0.01447862892943291;0.00013110166956741934;5.942540538906637
-7.846874806321791;-7.529787088239509
0.00014432762764661627;0.00014432762764661627;6.0001443276276465
-7.68829382278252;-7.686706218878409
0.00014432762764661627;0.00014432762764661627;6.0001443276276465
-7.68829382278252;-7.686706218878409
1.0211497119519604;0.5438908579776175;0.015057669278769555
-18.173975343035984;-1.6914811178466531
0.2671662008455574;2.0337119543531146;0.0069175249475568554
-1.6890515032998998;-18.182226582581897
0.0002552598363806769;4.000231291295137;0.000278169650615705
-1.686802007024425;-45.683730494870545
1.00059631350849;0.5045517256931186;1.0023315850951298
-18.158958944796733;-1.6959090302342623
0.2866460377918147;1.881182183087965;1.0903474505299224
-2.2046809420338565;-16.59147212458155
0.07346832476490767;0.4381614689520973;3.6128784248879615
-6.170575388624991;-9.37404840227009
0.19677077786122074;0.06545263099168593;4.520866483646793
-9.59963142855014;-5.990653256511827
0.13832116909009323;0.16370878052436494;4.23219304329306
-8.321388555551819;-7.079119421337783
0.008170949179397551;0.22657691545504735;4.850050084929334
-6.575406168384074;-8.88799135644285
0.044739137826566265;0.09881035859334487;4.957272982746658
-7.636260631600837;-7.73891354394317
0.050632935930459144;0.3679121164655725;4.59841097082479
-6.292045874436168;-9.225154565087362
0.4541449681368309;0.15846769479788936;3.4461228150313232
-12.373755721928502;-4.125711065695002
0.00426415456774329;0.08792921511534775;5.743098260747066
-7.257099520981187;-8.130509486759658
0.08299570958974037;1.0488275817666692;3.1119896890006875
-3.6113007957421357;-13.322498584201208
0.3970955378013178;1.5789242841621716;1.1502482840709127
-3.987273561538696;-12.619338855693591
0.46482203202498784;0.18909215848002542;3.2553926720318143
-12.308952605478012;-4.162881644208557
0.12384921906950194;0.3326450767847577;3.7232880137478004
-7.2275094188655675;-8.161922443968857
0.09186093368652548;0.26339093578735556;3.901464039702989
-7.255667284183328;-8.132027036740677
0.2163784879073778;0.5101201397842199;2.8444266645575835
-7.267987657307312;-8.11898246097142
0.6030759351606956;1.1644140868868094;0.886219700719663
-7.918799851456231;-7.4596842336758336
0.0170626834200738;0.5502923416746436;4.441614504246252
-5.115009984320068;-10.792846707499523
0.05066468137111218;0.4105343253559961;4.132993344470975
-6.08248041452924;-9.483735003280728
0.044393690604601375;0.027884476755016742;5.413437288239526
-8.026175138268979;-7.356243189272932
0.6627973531345724;0.04116691999475422;3.3325024482141306
-16.40160756266288;-2.272901913644583
0.04125026158191222;0.40695958525649;4.6499947327265225
-6.008248841464391;-9.577298524483714
0.6282075634461972;0.48035217094706456;1.4365445448168317
-12.558119969289915;-4.021427453891289
0.05238269171680014;0.01565757575310289;5.179933667175135
-8.18553314363236;-7.205347259146889
0.22209468560366716;1.4071993518079249;1.3512223990185255
-3.318333329433102;-13.911443116039598
0.24599368226510054;1.175906024861571;1.8705996962003746
-4.393692102126922;-11.91679736577199
0.13422721244425204;0.1284218472215324;4.710837757906079
-8.4772882999764;-6.9369299456397115
0.04004405526653079;0.027473141087918502;5.518737057282018
-7.979650666957999;-7.4008860030614265
0.39370166186406225;0.26997810333561584;2.6263993442091675
-10.801067570857036;-5.109390146539437
0.8617064335067313;0.720845296677416;0.6839480989265102
-14.206763369937779;-3.178520096241268
0.9623062978770434;0.5833772147868501;0.6408905968645637
-16.86320694247813;-2.109617751838527
0.7530282831918381;0.272425525679558;2.3805509479391733
-15.994316268461375;-2.424374820716076
0.007336681832616116;0.0019624470400743557;5.848478400488429
-7.75757160883982;-7.617751525963084
0.025516446158902584;1.3460404707460065;3.3765909624402735
-2.2420029468313665;-16.48708630954158
0.4464792576280371;1.5442441390363564;0.5671273631869007
-4.52960203295132;-11.693743894534423
0.4157769511396698;0.8978237620973091;1.3907040898757703
-7.327407465321461;-8.056375923319125
0.5748707813673806;1.2057002327867323;0.8343896702015504
-7.382858687468143;-7.998404058039827
0.1197604715499786;1.664263610955224;1.529896502386052
-1.8813069964033757;-17.553476342811308
0.3325172091502273;1.8480053026338676;0.1900257454978879
-2.5805802493468057;-15.593259977014347
0.7969332793755056;0.7743617429725304;1.1856535179238008
-12.866364629865767;-3.8518116563024765
0.3538592290153693;1.7685444509756618;0.749825830533418
-2.978308826110505;-14.64739474850466
0.04450820775256516;0.022791979195844178;5.304438396925414
-8.056120075665557;-7.327651276263409
0.9786201714958656;0.5592454334040381;0.5477434068650008
-17.330861769965413;-1.9529177645007907
0.27533563470334677;1.9399642366911851;1.1759034270910655
-1.9765236288814436;-17.258746269010853
0.03466392477718447;1.2469232393391856;3.220710924140966
-2.597456258225963;-15.551005545858946
0.035107098429988826;1.3359680217739704;2.5194772149379085
-2.327986708257442;-16.251278782311367
0.4734613947015188;0.7533898884156447;1.2517591297278639
-8.789385939195258;-6.660524028333935
0.2115208659689569;0.6218005791891122;2.410355233865561
-6.633831419479034;-8.820178739242216
0.15742713450215606;1.4500394901576232;1.811267871261334
-2.732626769981681;-15.219664202668103
0.049410052708878556;0.007482354060395802;5.835983118742299
-8.198200217288507;-7.193484952357531
0.2821605091838633;1.9628574324889645;0.4143145123492672
-1.9514538239562826;-17.335354379289896
0.49409452510610197;1.4628602917002094;0.21111446024213842
-5.302120959311734;-10.523504615679794
0.8745608638945521;0.7186568804263624;0.2311047300939811
-14.4169144621454;-3.081801141155239
0.40960441518642027;0.25279653765667126;3.0551116790695443
-11.123590495278918;-4.893055275401057
0.48620380527061935;0.14356311221376605;3.0041659680746515
-12.93312794320882;-3.81583846160662
0.4636390232029006;0.7451386564981642;1.700586243570632
-8.72244140184793;-6.7189081128639225
0.2941881727950062;1.9072244609360613;0.7967957330276058
-2.173195716948556;-16.680524985755095
0.6816331562444553;0.9803136343613477;0.4886413350520578
-9.940392483386669;-5.727913023983477
0.43282898159063676;1.6033141550568843;0.8516988440608028
-4.1745276020965685;-12.288745712728288
0.06032524810511712;0.009448315011728808;5.0422345584014465
-8.311477921695086;-7.0882539285115245
0.6387012861248919;0.44498338651036945;1.3569569965183494
-12.958727222353849;-3.802116179220291
0.38594891437956247;0.2817583901778784;3.0236970025978067
-10.623503581449596;-5.231969757055883
0.12355122547102385;0.1955361732474179;3.947288249662848
-7.973773608315743;-7.4065445536748165
0.6220339545907038;0.5368616129476095;1.312300520623251
-12.077275374718617;-4.298006116146837
0.5866183492081544;0.08312271500255414;2.6630868091970665
-14.871475405609853;-2.8802215880585536
0.9330628013452678;0.6743155110044781;0.058710399755927865
-15.662866798918042;-2.5529557903714126
0.8385109178844747;0.7223552036613076;0.7807044996836121
-13.849554855051778;-3.3482219018677175
0.3204794798302036;0.3494918421103398;2.700962383232222
-9.375522227138315;-6.169383934087574
0.1338982774261432;0.2146964119107176;3.8165876310861884
-7.982370411359044;-7.398268839001786
0.6675361269308134;0.47853555082928945;1.2859033587359834
-13.132106990319363;-3.7102032569636507
0.2704102966615599;1.9931069008985094;0.0003885904643097982
-1.8090608275063165;-17.784210210835607
0.5569458314420401;0.06783301193569527;3.579689510569888
-14.535061281440072;-3.028416121007838
0.308950758805718;1.1837887293913125;1.3812643244706322
-4.8953486716666825;-11.120108001245322
0.6614569215573456;0.3702539627827386;2.0397715182761775
-13.834690189419831;-3.355431505768351
0.0431360822082018;1.3206616846179164;3.1908162730202507
-2.4220751264750002;-16.000359848691645
0.12508923868474456;1.6315816311837337;2.1903496102855318
-1.9980573273895963;-17.193492019346287
0.15629733156975062;1.4386752552344537;2.332738951159702
-2.7621142433706796;-15.149000756415159
0.6364584003221256;0.033838057604928;4.032404515454758
-16.037749218168187;-2.407883044735631
0.7363865708766935;0.339210854719512;1.9876047766309342
-15.20705603727178;-2.737870879899157
0.3018171961451571;0.3784340876185731;2.9615634894017844
-8.976816852918821;-6.4996135015296685
0.11629437521496941;0.7967429771148165;2.7416129990805977
-4.9029217447195865;-11.108618238253237
0.45690280083787677;1.4805300709834905;0.709213163033012
-4.891692042919583;-11.12566120530469
0.647246589712963;1.062556049355908;0.13147887073567194
-9.016949047690217;-6.465640616920017
0.6249825746032254;1.1061762868738396;0.3789783105748128
-8.499013979760269;-6.917336494101544
0.06425664642625953;0.9401140534214693;3.511559832061275
-3.8823916114268724;-12.809999977685326
0.016439743401435877;0.6050194803670873;3.8483528167544168
-4.868074207632474;-11.161614136838848
0.8119855640607275;0.29715800095126044;1.2193371769011656
-16.745405273867224;-2.1504608749950807
0.6897959939842218;1.0277960109188315;0.04314851670131657
-9.746138283241157;-5.876382535695425
0.17224456355192022;0.6200389066910149;2.9096587151333204
-6.24790389330108;-9.27895146876
0.2057655237290616;1.3731060167384885;1.5609189466097746
-3.3234640905045256;-13.900788752588547
0.29052076455731;1.0681952169995934;1.932726219322176
-5.245473432252577;-10.604163998987282
0.5933674623120525;1.1888280215089952;1.0433468522648777
-7.675992348187673;-7.699016413921465
0.07733969477270362;0.07122787663515909;4.80264656929167
-8.153447476013374;-7.2354808340006445
0.060942736033021076;0.0064757126269655;5.574957243319017
-8.335573089488706;-7.0660657356588645
0.5267210427014017;0.6102079714195655;1.7463542658246674
-10.321744106706314;-5.446168852890698
0.77726823389678;0.8304186225009954;0.8094567800221983
-12.194494802980252;-4.229198504762041
0.036078668576258126;0.0314207738335842;5.648335908413488
-7.913210565845162;-7.465108369336912
0.35797856074782997;1.7733766573220793;0.5793134787267472
-2.9898286277020536;-14.621443521792665
0.34377733634481694;1.7370077455088273;0.9125624620611291
-3.016859851544083;-14.560843652555212
0.5243981752757324;0.20592937640068984;2.5781973246880594
-13.033693093943347;-3.7621563782848204
0.1459224277313338;1.4870565601733672;2.015466304385061
-2.542366643168609;-15.689695394986304
0.28180050231051357;1.9825139671602472;0.4330265156588964
-1.8967927012961159;-17.50483528922754
0.08733202307238641;0.3067195107616691;3.9787716450856325
-6.9786335903422545;-8.431243701128114
0.7263008234408054;0.3022698645145444;2.254232339640076
-15.337588012542655;-2.683938406504927
0.9249117073552776;0.6516750123763849;0.10438233983847625
-15.71287580685386;-2.5332433811779884
0.5071082712143984;1.4189590546590993;0.26015203912273793
-5.625232683939833;-10.07740031847316
0.031074909332437315;0.04359445671125632;5.661628387756959
-7.7898987922021306;-7.585789810712329
0.8035552387946924;0.23175639810312165;2.4431000661916724
-17.14354628113395;-2.014651406785059
0.09768582308255493;0.2464975687429336;4.008432706812919
-7.408921285781402;-7.971306434137464
0.3352015622265409;1.753541948462498;0.9459912965675341
-2.903426180024712;-14.81795324412829
0.01260052986583083;0.11411037290567094;4.9950181866010634
-7.206403643512024;-8.184406088426124
0.0544635759476024;0.015598904188105896;5.102855633601148
-8.209515524209122;-7.182904799431034
0.1555695658377803;1.44469495056588;1.963945104084411
-2.7378917906433458;-15.20700579843686
0.030339042097787195;0.015999549055768846;5.724188302218908
-7.93522811477117;-7.4437642282333085
0.8495675082574203;0.7562581098229266;0.6908789220471908
-13.76233984797844;-3.3906938743673853
0.29735662580343986;1.1184765010036193;1.4878777467409146
-5.081130069736564;-10.842525813100698
0.9558394741045466;0.5753615963208738;0.7302360629350901
-16.82298950034275;-2.123498629572336
0.7799170067606266;0.8782799024541912;0.018692395866106364
-11.900563617181254;-4.403468395443572
1.0127580834829837;0.5406641145074078;0.22351749569976898
-18.058971906212474;-1.7255993291683194
0.030701627879918633;1.3105186684392107;3.229005647109675
-2.377654544456607;-16.117924083929715
0.3358936165445458;1.8377433259309697;0.25400065438813496
-2.6341950998047685;-15.459712121065428
0.12867357983748975;1.659177898078918;1.5934486655545428
-1.9425603579124695;-17.362698480355792
0.5797627343099144;1.2666937717274749;0.17582744220575416
-7.109559378098918;-8.288410712283026
0.1045476212246771;0.9956041190408454;2.7360567156186857
-3.980297391704007;-12.631895034210412
0.9487540728108472;0.5873694576756343;0.9700485440240031
-16.609726165356356;-2.1982005979496932
0.8208881434626253;0.2035435840908052;2.274995724690251
-17.66629317309193;-1.8457334419130242
0.4810145253784921;1.4922988149031393;0.15457786393247114
-5.052202319963767;-10.88516972557147
0.3688077640580741;1.6896590206669737;0.35852165664298785
-3.357647602678833;-13.830126020737914
0.43461613134362864;0.1638078453391077;3.4902261101825163
-12.0649579040058;-4.305289313176154
0.15958818109591794;0.17670161091132303;4.11862201553814
-8.491410186795266;-6.924187922709623
0.19714669139231097;0.06355636777779096;4.750429898408787
-9.615940555633198;-5.977833390558058
0.9037845611454763;0.6600253436885787;0.35771911533474243
-15.31584750612207;-2.692865941495958
0.0378262011653947;0.02871462119327285;5.440504021635287
-7.947860951554455;-7.431545359041771
0.2499426293884421;1.1708952912081494;2.210893247470846
-4.4471992852514495;-11.828309641995366
0.10552205801742966;0.9679641137277681;3.071247291460664
-4.0973678955964346;-12.42348787021843
0.3439308484753756;0.937022904411815;1.67136079812873
-6.379194666267604;-9.119967948339307
0.7176906287327537;0.9133578032213314;0.4868149594577404
-10.831137485123989;-5.088879488438054
0.6552862046543048;1.0127865079195628;0.6092877315337666
-9.413998900705844;-6.13835398542633
0.3737857549584349;1.67902804347178;1.116114627188115
-3.4321003393501237;-13.678122208454136
0.6547528182336986;1.1394327614926147;0.03475202802573146
-8.651825595163492;-6.7810239704408835
0.36404167327742387;1.7106477152999202;0.5485465835549622
-3.248828710629504;-14.057036766825304
0.6134863994535824;0.057949788678269;2.8168793587732948
-15.483741354703557;-2.624488242185702
0.7040523005637515;0.3107357583176238;2.254243581531553
-14.927247012624228;-2.856189741715558
0.014846472301534843;0.8629126591286062;3.7784297736209296
-3.799046662783566;-12.964463522564465
0.6768986714099889;0.9979150660226358;0.5201800299935861
-9.771504717323841;-5.856799672553078
0.8313842775726132;0.8144768440019962;0.024631103287878743
-13.072703238482076;-3.7414944159065433
0.49817852327688916;0.14163895103308474;2.9381769748675106
-13.118992548174337;-3.7170934974467063
0.20205848264757617;1.2836897199422548;2.1838002798981146
-3.6234980801584284;-13.298798381276557
0.039485309619956124;0.42389965730429474;4.077605547715991
-5.909366331945917;-9.703585750654122
0.43668505433580274;1.6076056808947403;0.028741847612294574
-4.188306228290593;-12.264897522745075
0.060509268960762516;0.4716966862063491;3.752865235315011
-5.881745348117942;-9.739204979251003
0.36231359911441974;1.804035064077536;0.02554610742705373
-2.915878078688207;-14.789364603023868
0.3974886321132843;0.393052998262351;2.480738041134041
-10.059626578374072;-5.638459652767679
0.026837318247487914;0.5306359908223715;3.594093926190349
-5.2917046847211475;-10.538279582322499
0.5176780573508181;1.3487266120352335;0.07993923506325493
-6.062163333264321;-9.509238803933892
0.19333351598356832;1.3545760033624317;2.1294879637455413
-3.3008484342333753;-13.947847119581622
0.047717601847397484;0.036370874605068604;5.245727316491294
-8.015842404964314;-7.366134784977325
0.5111491633358988;1.3807743503725802;0.01587040918935534
-5.84438692921402;-9.787623189922629
0.16817322393136883;1.5369379706565982;1.4800302626791995
-2.525666629238248;-15.732173379970716
0.7112229795916414;0.9532309838685484;0.3120811832575582
-10.488345057290646;-5.326980328828568
0.5482442399894117;0.10035504667819409;3.3689878357170366
-14.158515700092762;-3.2010479337858375
0.31980315078008487;0.32247665570034034;3.5039762570471407
-9.53228426451224;-6.04385816005412
0.9173179984641906;0.6663456194057484;0.09682398591443776
-15.477999482586455;-2.6268053298374956
0.7579300805450004;0.37827708825582873;1.6565006282488657
-15.238302148186785;-2.72488834701089
0.279649127350709;1.0808424337600782;2.022849279475415
-5.091015345887342;-10.828001315532601
0.32337807601574164;1.8175531785484986;0.5680544135447586
-2.6188820314575003;-15.497649323144671
0.25284979356641724;0.03931015292654752;4.261041926297412
-10.470160992473838;-5.339877216204683
0.4236303623460633;1.516935532665844;1.116996633504993
-4.45275290457919;-11.81917579229008
0.825402744905769;0.24046500688605993;1.9069664314967414
-17.4334329338686;-1.919687621688341
0.36686592137852836;1.734042122858313;0.46247658943162734
-3.1864141159193444;-14.189827197033162
0.26721790848419713;2.033255206436244;0.006856898903860061
-1.6904529201716039;-18.177466204317955
0.18733424247587704;1.4411775599257517;1.6205753303781465
-2.9591416946449054;-14.690741519358879
0.5718031244839474;0.07907800540061315;2.8126751812585042
-14.675625720972494;-2.9658150417323923
0.8935565885571352;0.6779625851016711;0.3275472670965899
-15.018043291831196;-2.8173867796926033
0.9129243708238667;0.6436094881422851;0.35045436690093296
-15.587505546809085;-2.5828737582491543
0.1691843828501477;1.3726471664266515;2.312459964087422
-3.0687006062141102;-14.445763014204028
0.6741470128399617;0.39999779904288774;1.4659511993392185
-13.802394979957734;-3.371136486950344
0.0318945632400396;0.427847567227985;4.37420613357057
-5.817717124166315;-9.822359972393278
0.12868739051853184;0.18307458860439196;4.7399967335274775
-8.101671576975225;-7.284369460215838
0.0655938189028032;1.1886866355150587;2.562880535440144
-2.989559642754509;-14.622048617558484
0.05967018556727302;0.3808011277621452;4.08748573406462
-6.317827565804481;-9.193895888708072
0.5339657176497089;0.5935728730297563;1.7873208402307916
-10.52148813808168;-5.303543953115402
0.16335761206168342;0.8591786979097743;2.4475242375544726
-5.042468245091448;-10.899566456741928
0.6058012250535517;0.587684510241939;1.234843173948972
-11.508322264943995;-4.645224926427186
0.05124231253216494;0.036840664283291025;5.120682606090389
-8.052850913882736;-7.330767345291309
0.7641504460349361;0.9054517596701355;0.019471985204007846
-11.501111269929659;-4.649770813532552
0.7446205366055098;0.27763436564087113;2.293660725432466
-15.819327705464792;-2.4916539221931586
0.5523908207000416;1.2536558187421576;0.28683897289992266
-6.890855545297869;-8.528471496060689
0.24658415974563824;1.192907665006854;1.6219974044000556
-4.328568751326892;-12.025701551998246
0.23199368043294377;1.258080131373443;1.209112377689305
-3.95057309038081;-12.68559356596392
0.9681702456708756;0.6342505848821899;0.027340261300493156
-16.544432610031457;-2.221443638976282
