200
2
2.0004001045257582;0.00041808090230867665;0.00044099069859106194
-45.692658876036226;-1.6884554663949418
0.00035046433779280516;4.000326495796549;0.0003733741520278333
-1.6865640580023897;-45.682445296332986
0.00035046433779280516;4.000326495796549;0.0003733741520278333
-1.6865640580023897;-45.682445296332986
6.717650932151549e-5;6.717650932151549e-5;6.000067176509321
-7.687869475313951;-7.687130533711415
6.717650932151549e-5;6.717650932151549e-5;6.000067176509321
-7.687869475313951;-7.687130533711415
1.014485974350481;0.5322540894438076;0.006073914121930852
-18.15961257613367;-1.6957161243049692
0.2625440710821868;2.02515606359607;0.001425699656219964
-1.6873302010340796;-18.188077336782744
2.0004001045257582;0.00041808090230867665;0.00044099069859106194
-45.692658876036226;-1.6884554663949418
0.03081261836522769;0.03599882197478252;5.266313013309422
-7.82910199428943;-7.547211431977029
0.8632194419022345;0.7071912807345636;1.13183425426308
-14.332227493248228;-3.120503859479267
0.05246119796030696;0.36113138848047005;4.645377282948657
-6.343993588789328;-9.162292506947745
0.1015272552946482;1.6009815198415462;2.2178085153279357
-1.9531013723095658;-17.330298474084312
0.42584875750643564;0.8040448567841616;1.4449789485108857
-7.9518603960941645;-7.42768115557836
0.005245159656445808;0.3259368838568979;5.3951447243482
-6.052050430090581;-9.521962640074651
0.6389700986612449;0.39867760867142854;2.0740191071116163
-13.2965469373822;-3.6246584622205287
0.2775582143342445;0.030564836035034872;4.32083354574728
-10.847688132818291;-5.0776206138502955
0.1896746089578832;1.3661088218877748;2.2889350659627294
-3.2340166941849486;-14.088372337877042
0.05913357134174946;0.012530957106153554;5.75512119867862
-8.280229161615846;-7.117131120265047
0.2132980766242816;1.3218077349232111;1.6260380986578513
-3.5652400767538612;-13.412567475174987
0.782650502983571;0.8205859212951916;0.5035866736120147
-12.338033523033678;-4.1461675916422225
0.011784230060839465;0.5312620432616889;4.393952947807777
-5.152938067091489;-10.737567481631595
0.4560962850409149;1.3933981831284672;0.786488903630459
-5.2724279702710835;-10.565689713784097
0.2625012335877587;2.0031364750674903;0.6259659783716264
-1.742643101880936;-18.00211718869264
0.3932395399338216;0.8399441697206;1.7446146831098321
-7.396300521641723;-7.984416510024246
0.5915890594627562;1.1417984736868523;0.9193819636062205
-7.916800323852707;-7.461624226227448
0.5201301520390249;0.13258764654168886;2.652489244537273
-13.503569269689107;-3.5191700367891348
0.8772747612836338;0.6714672963075892;0.3917703820845219
-14.817519353267855;-2.9036148644113897
0.16185216750670894;1.5292217797563583;1.260312713915633
-2.510426363493376;-15.771118255665723
0.12686922001085718;0.7597037269924708;3.3361455350914024
-5.1606917932802405;-10.726309949958559
0.18058456410525883;0.09070676303752537;4.731327959583798
-9.248192899426428;-6.273106882523511
0.722754326432396;0.9375480583328276;0.5765182065861456
-10.73930723552307;-5.151740695671463
0.8224117132229843;0.220390721331742;1.8998399231743146
-17.550888409527282;-1.8821286532707866
0.8950185081031314;0.6153303773427632;0.8556288682286253
-15.528322201139227;-2.6065491736407322
0.8453891509694137;0.21897199416502708;1.8111490394380985
-17.948648500358647;-1.7587791148468448
0.41066884608068244;0.1911322426489406;3.4391097402486532
-11.55078888091349;-4.618528936276823
0.037867127261528494;1.1661091363313711;3.361790076362355
-2.8793555329327676;-14.873479232824222
0.7533634556118018;0.3204125722896614;1.294441646713377
-15.619570574896962;-2.570112846623594
0.47809443622348835;1.377127569526515;0.4546518157787441
-5.549526552761558;-10.179852220636482
0.14329258245683923;1.5084205972553357;2.254889468042833
-2.46028694584641;-15.900476701604639
0.37931167672645627;0.017627159716824728;3.7547574793627967
-12.312054424679852;-4.1610962935828875
0.38351217760513673;1.6283886406194403;1.0533666992918722
-3.6919448624280267;-13.166952001928863
0.0068015391029207;0.1808831291013625;4.912213692166387
-6.795442335502242;-8.635522895352974
0.8001662847798239;0.25436074335172854;1.5526148878804824
-16.90198520108904;-2.0962951128019256
0.06545896412886668;0.3089332980494789;4.443257587430768
-6.740104938027492;-8.698274005736693
0.6633451974644191;0.001016927024617752;5.189580207817196
-16.736114216978415;-2.153706070031989
0.06783424466068598;0.012589497251358188;5.562945741268318
-8.379582894674046;-7.025713981903895
0.24382720941260097;0.06084857936616547;4.052868944150302
-10.217095341621032;-5.522231107571633
0.04172334253253501;0.0567179086147165;5.052056982080255
-7.835222697967478;-7.541206157013588
0.0009332396264097753;0.0010887792779118723;5.954088757212297
-7.691777954679243;-7.6832232549552595
0.8151505274842651;0.7132212781733303;1.0802800189589752
-13.572474089380334;-3.484596544633134
0.7906440444635177;0.2662105733498482;1.593029021704495
-16.649855207651193;-2.1840025363021374
0.025770802516780475;1.4363175495424914;2.6120135084291487
-1.9888367216914828;-17.22137211128972
0.573643535328405;0.4531884123056476;2.401230442917296
-11.986815568456276;-4.351730326593491
0.1945878626065345;1.3381107877083003;1.8541595205582957
-3.3688349091090566;-13.8071205965566
0.2722593318746193;1.9258278180183999;0.7716694417372267
-1.9983146311873985;-17.192715328148168
0.5047543615595684;0.6655216579371523;1.482399958547189
-9.69775595951343;-5.9138982425116
0.22989522460401338;0.4786602281134487;3.2686307602926283
-7.584072284576119;-7.79163985253576
0.29557694810734947;1.9675305003472872;0.09525530591120393
-2.0118412336743203;-17.15198387913279
0.3599640181208927;1.6767609738006544;0.6855479783898069
-3.3404481138237547;-13.865610426971315
0.6180898896993795;1.1239467573238082;0.36277872334405037
-8.317377872656305;-7.082814629831848
0.31215727908647134;1.8899429269188621;0.00860567343022847
-2.3283591396718997;-16.250271195877016
0.6666206420240668;0.9835003651071655;1.1825492131152575
-9.733393764556997;-5.886243656206349
0.34668870922755574;0.014279095374444575;4.17649380509019
-11.883715309354642;-4.413633755467306
0.0713594144732599;1.0122275735793753;3.088195756412236
-3.6612473615122987;-13.22584355247371
0.019632923245399683;0.07435766584260833;5.615685328192632
-7.49572642935047;-7.88173644222037
0.09172609307722925;0.875720908626345;3.1453606871217423
-4.359258010517482;-11.974213957708235
0.07257417251092543;0.9679602553894917;3.0434975016605192
-3.839053932820822;-12.88998494686487
0.012675204981234096;0.06390297752508037;5.6700161830798645
-7.476947178871303;-7.901025422060036
0.006087439422962352;0.2932412298663451;5.11231821292109
-6.220633363063622;-9.312363224288246
0.11004527869674928;0.907142524560589;2.4858977304832726
-4.380754586169172;-11.938326225007165
0.12332778865388627;0.86326176191807;2.4536949849755043
-4.6763691715430316;-11.459037202256306
0.1699757302703758;0.6006072962663866;3.4616484006468933
-6.321834368206836;-9.189048561188823
0.688147816653889;0.3568889340453027;2.061734441186128
-14.33342686444483;-3.119953172557601
0.21695793951667133;0.48590744848240147;3.51645200339716
-7.404249491323953;-7.976156755263599
0.2505160797664371;1.496517546293609;1.3476690997145202
-3.203321528070129;-14.153660782438212
0.37639011021894875;1.6375887698090539;0.6521147349153598
-3.60393914749893;-13.336833190581649
0.30564832135377157;1.0782313079093608;1.7925781578832352
-5.337387322957135;-10.47366864017713
0.7118592434268705;0.3422335853415968;1.9666368138953134
-14.805276550515526;-2.908942633881939
0.8363805123402743;0.7397632807615111;0.21213232401245047
-13.689472381712722;-3.4264971986033075
0.9654463208285855;0.5685231824644581;0.17830522725762102
-17.03658256890097;-2.050518517781124
0.6619696358691044;1.0037625411210065;0.7302660221127841
-9.550985157223334;-6.0290411204341074
0.11668077392273156;0.8734756574897187;2.717872695200332
-4.576618470322253;-11.617873676409063
0.8978180726005391;0.6719488038283027;0.07212009883165743
-15.130453618711684;-2.7698928636111506
0.003581614716786722;0.46087385724409846;5.805382326089169
-5.397944880830334;-10.388761786746109
0.691067472888754;0.960911536983203;0.5416751506214103
-10.181657908484972;-5.548200411747617
0.44078648622137667;0.24971229306790269;2.5616439316719997
-11.561981654701727;-4.611514181578369
0.4483050037302068;1.450223876293711;0.4008202610651894
-4.949112037181436;-11.038864594347706
0.14809613667078306;1.5558565032401035;1.3720145793212855
-2.3461007076439193;-16.202407236527833
0.525553523459912;0.1475016037326596;2.4860723001779017
-13.473832734486876;-3.5341728594280672
0.20064187276347156;1.2826882109005295;2.154909376651122
-3.6166492720257724;-13.312098391135224
0.5421525222683646;0.5381639565221192;1.955801367599007
-10.989546072098138;-4.981994103937426
0.3535239856163308;1.6632829884586928;1.1863534364950599
-3.3425928134260965;-13.86117800291244
0.8051603785472969;0.7335951087686744;0.9462001886722615
-13.278138928225061;-3.6341567966399464
0.4673553308344139;1.5675905487288984;0.039704723753855156
-4.607197572614779;-11.568876330275558
0.3200558896002162;1.7953891083202052;0.7043553326130885
-2.668140397019366;-15.376191017336865
0.013123372700413194;0.17758516842419264;4.880349170387459
-6.878041991654686;-8.542764644911713
0.005692277602968756;0.09643600239455452;5.510503670558513
-7.226950789131486;-8.16251670820627
0.6199358146351786;0.05331713129968897;3.2659585398946764
-15.6214613154931;-2.5693618378157494
0.007791901535807786;1.4770413180481896;2.6932797111977593
-1.7853417357103458;-17.861374400452664
0.3628009356451293;0.8984077878307901;1.410944177502225
-6.7669293438184885;-8.667794425764338
0.16876925266080944;0.2332877035048953;3.693638760957343
-8.27174763967141;-7.12498881968745
0.04899411216636606;0.08350787162034597;4.993362614236603
-7.767351620532799;-7.6080677406965505
0.6465132073939036;1.0656355573051008;0.421157862788919
-8.989856318221605;-6.488556885911835
0.2988440592619465;1.81962984744197;1.0113891022843253
-2.4599620798218753;-15.901321097920723
0.03785072309764055;1.1989450447811514;3.217485316437088
-2.7713363895418492;-15.127015973986422
0.04821387991888904;1.0597879307277183;3.5401160500989106
-3.3170818789624237;-13.914043758751767
0.6010416490339897;0.4632500930254338;1.7805545035868457
-12.296957132607442;-4.169791877139439
0.12548783941290315;1.653345486583168;1.671403223356405
-1.9411071350439304;-17.36717502037491
0.5017052984579825;0.122038812240108;2.8699614177134922
-13.311861038539918;-3.6167714071054924
0.9329193383654378;0.5970223441756749;0.2915211257520912
-16.27588471481243;-2.3189050567052254
0.4310255888657043;1.4921220953708092;0.5262368623041174
-4.619099314238252;-11.54987940827166
0.2639222152274503;0.436234743183356;2.8268142350690035
-8.199745614795486;-7.192039054808495
0.29503488551739226;1.914889576904011;0.14480034411639325
-2.156138585742629;-16.729156450304124
0.7049017846814875;0.9947639833790527;0.01579892859668256
-10.142475580845277;-5.577040135022134
0.1984327764208009;0.12846461142808016;3.928166723649887
-9.235744243126033;-6.283333887577296
0.7698732522461911;0.7833764656402329;0.9735183908552864
-12.419630849360024;-4.09956042198638
0.48439538841707264;1.425213289904478;0.10853269611932201
-5.385497688550608;-10.406145332324268
0.6811681280473161;0.9657237226031881;1.152232544638849
-10.026170435925444;-5.66343256751956
0.22430385286572416;0.6574641293004077;2.534518644321195
-6.58241067603674;-8.879831335295293
0.6537779450971215;0.07761602853429697;2.4217289376235787
-15.96492130242979;-2.435582824170384
0.12609474477754123;0.21158468037905576;3.880199003124573
-7.912475200996369;-7.465822300060075
0.2546066729487356;0.04263559919946805;4.145018027321273
-10.471372400552802;-5.339017186874769
0.4439028783848335;0.7625687897330691;1.5234110997786936
-8.391987616613815;-7.014380979211237
0.4725022745610295;1.3840780356420597;0.6008980360902395
-5.465381350704825;-10.295189702424834
0.7254459192195682;0.013714474414312554;2.9398326799157295
-17.65745427780187;-1.8485032735288096
0.7863969515277206;0.23657103955355327;2.3258490797662787
-16.822217290205568;-2.123765791684801
0.2671068194870835;1.976623327745673;0.5398688746368714
-1.8347924220186296;-17.701298998505198
0.337648117115547;1.852398725898973;0.018918070880817164
-2.599006571717395;-15.547133980064062
0.34104151223565743;1.7244790620386239;0.7075326943028456
-3.0409112925158275;-14.507267705756226
0.6459627241074373;0.37775030929747233;2.271959153026449
-13.551179448660363;-3.4952529205689395
0.2519417885933066;0.41776505937651576;3.5937811258086505
-8.168568247065343;-7.221264551154272
0.0011293374300014236;0.002357041603452876;5.880708626897742
-7.68695899258704;-7.688041026764992
0.5663028304373414;0.5066100661408933;1.768909434908437
-11.522346255661953;-4.636394713590269
0.17763548339905483;0.11861586650754403;4.5043697602319055
-9.045108688091648;-6.441902584895428
0.39877595737028404;0.7515838147131222;2.3470527169862505
-7.942437616371087;-7.436788516069179
0.4614480119238027;0.7196815561902421;1.9874971451336998
-8.846475691980764;-6.611116547749766
0.32942599292224234;1.760194447300902;0.9994136849449023
-2.843071679396585;-14.957838755417175
0.5574161763511274;0.07682759383979278;3.0051168997544346
-14.473980053164656;-3.0559277056775773
0.9059348975876869;0.647965649469306;0.5867715074066351
-15.443645661775143;-2.640700059008399
0.5844813356919117;0.4723694046451905;1.882085716585141
-12.004005146328081;-4.341479212203119
0.010468938333082352;0.04558781346162163;5.848144371917217
-7.552532967009007;-7.823682271759033
0.09026890547002916;1.2635665277666153;2.7430969815554382
-2.9037932589249156;-14.81710914401704
0.9426392167614698;0.6055281349373832;0.20247659609726876
-16.36388746895038;-2.286634184509261
0.02265451919698835;0.06668347913325587;4.997027216380096
-7.570397442650882;-7.805516290782952
0.9185940066950016;0.6276428047837744;0.228959287015165
-15.802998258996542;-2.498000964328028
0.8203169255790841;0.7133387816652577;0.8798792935616035
-13.64749902811687;-3.447253263694854
0.1394494091258831;0.15624339783843855;4.742016382784193
-8.377149164430072;-7.027939539883468
0.36547798271320453;1.728259895290129;0.008663814623535031
-3.1969435142711604;-14.16728674277208
0.0537792789443243;0.4296667700693919;3.954847758304378
-6.019658533360187;-9.562848867348363
0.24524670848972643;0.045735234656951604;4.5964676417074335
-10.331479843516572;-5.4391398379690585
0.04907170560917673;0.40391198631558534;4.105209536893948
-6.099267258482217;-9.462721584551765
0.08269206810786345;0.8790303347364233;3.4098414047618886
-4.27173680479921;-12.121844988526872
0.07770326599490177;0.24663057546870853;4.219603037152383
-7.194089586974664;-8.197554065242619
0.28525182910127694;1.0327671923616282;2.119758195151551
-5.358738137138329;-10.443637012888146
0.3795954291850979;1.7020480881808224;0.012318089860784746
-3.3907649918477225;-13.762194519764614
0.750436555594889;0.29629504187790434;1.6315047529191828
-15.763687706282427;-2.513328943851816
0.5115488373432144;1.2753143374816989;0.9392876101174418
-6.363921599617598;-9.138304890365568
0.0647832537915044;1.1515244998624885;3.102307355190539
-3.111129180446767;-14.352667095521042
0.7307053164934727;0.3396124038025238;1.516329409673372
-15.115821527515624;-2.776041006486985
0.615560046833512;1.1073055688505218;0.761624132815912
-8.383809923046298;-7.0218501500647745
0.07318742733771165;0.019314466705949735;5.470539706026515
-8.402476476023057;-7.004812208358849
0.00558454580826548;0.12866695448811336;5.407574372428911
-7.055067501985686;-8.347543993573092
0.9324484794986835;0.5697420757045725;1.1534854123630236
-16.488278029827544;-2.2415743136068023
0.4972994538883829;0.6864364569222469;1.231351152834785
-9.477357575816518;-6.0875706164168095
0.24709061549176464;0.02697976887081075;4.4882837182402335
-10.475385247820213;-5.33616916458031
0.10654185793078208;0.8328134535765591;3.2299380141018075
-4.663051390375824;-11.480078505240767
0.9844433260434677;0.49903039364837076;0.9974059124876641
-17.932186841883123;-1.7637679990589106
0.766094715087697;0.27538737485938136;1.684207374790613
-16.179462710484625;-2.354640102008484
0.477601124266843;0.6114737201980155;2.3652587545287744
-9.696156207037992;-5.915142395345619
0.31393990640951197;1.8382517009602226;0.577542004543661
-2.495454722825898;-15.809545492379083
0.5319423199813371;0.6178495496602375;1.2283233907316422
-10.339640298444506;-5.433254305117701
0.9988883639310024;0.5547909306895735;0.008169271481895968
-17.70612989528973;-1.8332861263929847
0.7944780377859088;0.2472246690998655;2.111928704442219
-16.86726590270894;-2.108220431517467
0.45077205365287654;1.4149331829987848;1.001652658348872
-5.127428426729272;-10.774708259352618
0.0036175883390450005;0.5170940455223679;5.476772685132067
-5.143232287495639;-10.751679844782695
0.5291772685915936;0.08862368183487307;3.4041032911162805
-13.9613976362303;-3.294358227398845
0.3547733710727516;0.2714134448640934;2.7489008972191464
-10.289193921234434;-5.469727651138927
0.13572931887405712;0.2038526932141828;3.808717470424133
-8.063903258672948;-7.320237868799702
0.033522793657477984;1.2937506939370942;3.195470452143485
-2.4454273321910716;-15.939183505034592
0.19623348987826736;0.1081109681675898;4.013362879041846
-9.332316405065969;-6.204400277587576
0.2356754909089655;1.2061161025728921;2.0152484005977422
-4.1861716185257665;-12.268587946830339
0.054365147703891364;0.030661310358653694;4.796857212166442
-8.12297418419681;-7.264215348656392
0.020445593545450082;0.6372306139350438;3.8563655699975032
-4.763253864366012;-11.32298755965159
0.32344744344150095;0.9522189538711269;1.993827530111136
-6.101440417447481;-9.460005154316857
0.5823708705262635;1.2183782257509799;0.27925590290132213
-7.395376206649316;-7.9853775383322985
0.7726920682974365;0.32206351451650456;1.2332509848961668
-15.912276765833234;-2.4557499229711794
0.3014881907037871;1.046985778026245;1.8444393243769377
-5.442592662882987;-10.326696025688365
0.9485825749778856;0.6066446770990654;0.004182066641022374
-16.450805691574175;-2.255080490150414
0.042288461630950465;1.2344669326082651;2.995775449422049
-2.6853519821895784;-15.334142084999584
0.056136087262180126;1.1576068674354838;2.791385727906389
-3.0308838091924133;-14.529565431214772
0.1534843449527766;0.10695255673911;4.545706976894427
-8.827595185942295;-6.627417721111418
0.3307873919182981;0.9474201865177162;1.8324120151282255
-6.197057879487771;-9.341357308980092
0.5822482788622679;0.45362136763205735;2.1987413394420052
-12.102657081397648;-4.283029990380387
0.43773403711551767;1.4954469442737688;0.13897749979822427
-4.66199001406443;-11.481757584534499
0.4881738870032427;0.6139248529868386;2.139767406023744
-9.812176439288471;-5.825524308072356
0.6459063955185842;0.48379946465661033;1.711007332621667
-12.784458830701643;-3.8963122405155053
0.1482967924542866;0.15852818590426276;4.529237209902683
-8.465921748925927;-6.947202359878511
0.00396794700153825;0.5749445016810751;5.1538404358759955
-4.89045141895195;-11.127546103409934
0.30040256016467715;1.034650329869141;2.020172802588508
-5.489573013371794;-10.261870318309448
0.13571430462385725;0.028861215404158605;4.8276832785906425
-9.08045960669561;-6.412218274416498
