200
2
2.0002052177984173;0.00022319417496789972;0.00024610397125028507
-45.690027794254554;-1.6879681386140173
2.0002052177984173;0.00022319417496789972;0.00024610397125028507
-45.690027794254554;-1.6879681386140173
0.00023836367323011397;4.000214395131986;0.0002612734874651421
-1.686844238282006;-45.683958583922795
0.00010016948446883909;0.00010016948446883909;6.000100169484469
-7.688050942198505;-7.686949077869347
0.00010016948446883909;0.00010016948446883909;6.000100169484469
-7.688050942198505;-7.686949077869347
1.013833413572184;0.5289161518784647;0.004166974486446223
-18.176882300572466;-1.6906248726475326
0.26490659620958884;2.027639007261214;0.0038148681375316774
-1.6929401899760106;-18.16902415323841
0.00023836367323011397;4.000214395131986;0.0002612734874651421
-1.686844238282006;-45.683958583922795
0.012493709289658858;0.09601757879269535;4.940691509919532
-7.301879402486361;-8.083211164833514
0.22659647370569747;1.2357000318829985;1.9867798514877875
-3.99602837265443;-12.60360630184207
0.19046667679744064;1.3605936444366367;1.9367716379761377
-3.2591026858224983;-14.035365885081806
0.035381469694119476;1.2420833724426914;3.460030608295629
-2.6172291750913814;-15.501753938690358
0.48681231581101525;0.10548723414375996;3.567012597944334
-13.215918227030834;-3.666406854769856
0.12357604229361333;0.793668079271135;2.6873629152038463
-4.980341761683845;-10.992017703206837
0.25093014366273114;0.05096488030813687;3.801123617947966
-10.37073140666461;-5.410881929474028
0.7901860144542213;0.7809227360631273;0.4660929533690856
-12.723590282480108;-3.929648061181641
0.0978197487393037;0.1906169752345841;4.748588504011376
-7.71514909807182;-7.659901353387562
0.8667383275456867;0.7311699057621747;0.19858912540769053
-14.204805941061457;-3.1794316984402724
0.006138701829548531;0.1888724210285615;4.789614344663931
-6.747413204627668;-8.689958395691775
0.4133725183940526;1.52181231362486;0.9148841802920595
-4.347748496727111;-11.993488541931413
0.26339636113915343;1.9921753784447713;0.3854473475799915
-1.775241720077928;-17.894450937909035
0.1985047685643645;0.6356598106477912;3.3241509192078404
-6.4318774486958805;-9.057030457405565
0.04677214851239523;0.4151187158735681;3.8772939012379104
-6.022250803189653;-9.559569410526205
0.8426774735215768;0.7153855649851197;0.2964656500466762
-13.963172203449231;-3.2935090008108574
0.35780467289293855;0.33207093425143874;2.782203787804881
-9.94406297656177;-5.72514044968295
0.6931427894995018;0.9323383934478291;0.863484982837231
-10.390277567801293;-5.396858526738372
0.06692680320207016;1.129395983805627;2.4421293523037586
-3.2031215494940284;-14.15408770091038
0.20772264208148972;0.5000382592539786;3.370567232012313
-7.229394608434251;-8.159917334435242
0.23515090755604462;1.3052792059674676;1.518689747228425
-3.792311593535074;-12.977062892944238
0.12993055104265946;1.7471846910662594;1.4095615564956367
-1.719351718943973;-18.07991119773432
0.11537009902038006;0.17701276624903023;4.658455885940192
-7.985887511781449;-7.3948857620724215
0.5195716102797736;0.13119606485728852;2.9162374305381027
-13.505577393910244;-3.518158681185399
0.09121424864596663;0.9502023006852899;3.15243206440561
-4.0542206945136385;-12.499732531840563
0.4939135408817898;0.6108695700194517;1.858462367038682
-9.902863280253028;-5.75633065106762
0.7687522264246873;0.2730247009111467;2.0522001277351216
-16.241047678722015;-2.331770407401509
0.08619907634031489;0.23399629185165602;4.50338731967934
-7.3525045653086885;-8.030084096189977
0.7308513457795492;0.8568873729374324;1.1445793919144964
-11.379785822058592;-4.726817317220263
0.02746156364169204;0.04786571504424954;5.3619535018252025
-7.726365574382752;-7.648734039752274
0.2175096446737542;0.07639580763794886;4.453387140321234
-9.788539951036064;-5.843681652230909
0.9955166100630698;0.5545618393582209;0.006245657611212635
-17.651542621988842;-1.8503574335417383
0.10694441380632455;0.18731065412259282;4.549511623593519
-7.834386353501377;-7.542026445110758
0.6395564053353097;0.45222600021124176;1.2750468622290332
-12.919119254838261;-3.8233643397851056
0.6869795270917214;0.37918775453834735;1.3250479930295047
-14.148312086645618;-3.2058277905495673
0.45435777387689946;1.476474888616124;0.266842805557953
-4.887174294393634;-11.132527043879211
0.3839742247333017;0.2401782976325763;3.272381100206225
-10.868777168254061;-5.063305498079764
0.020731457368587367;0.08403980418438138;5.13637546442428
-7.4551398995553635;-7.923485683474635
0.4438358434103253;1.4375625872830426;1.0916546507464961
-4.965480049868184;-11.014279954954498
0.26648382645822816;0.441179683769476;3.0322101279461524
-8.20075886158852;-7.1910912009717345
0.3951042172203164;1.6205722483704557;0.761183236043943
-3.8100030868700556;-12.944005040098107
0.31638227625471327;0.9960066868253293;1.8911836012583596
-5.821613109404907;-9.817276586879839
0.5302129374123241;0.5350287020710032;2.276138530830799
-10.853226639282571;-5.0738577389924755
0.7445127165773087;0.29394715856802756;2.0811019989348924
-15.688642592615102;-2.5427815721626166
0.6323661386712452;1.1027778060070241;0.10011534585270651
-8.604478843130616;-6.822979658440485
0.022235861276167612;0.0322049571526751;5.815189432046155
-7.7551176832315;-7.620183263835241
0.22534618490221472;1.3356705602760508;1.6158646290859195
-3.6033063500165077;-13.338066445204344
0.9363284644132907;0.5663957797540672;1.0429124546210624
-16.57825450947507;-2.2093818696774177
0.07690369337259517;0.9662337651540844;3.0900471291153138
-3.879191539085674;-12.815881701583507
0.06008266686407848;0.01630705921709506;5.422476436261943
-8.269507050995257;-7.127066031373573
0.9876425615472049;0.506515498289104;1.0080375205072356
-17.923017147179905;-1.766551274321537
0.1755673001681547;0.004034597592604436;5.582042758673887
-9.717028426995057;-5.898928396814303
0.038566276871132;1.2753753492639075;3.4058886809525286
-2.532950421650484;-15.713621172388564
0.3518091577836596;1.6777392946415355;0.7137740600997389
-3.27874629696432;-13.9940770667807
0.4636812622017766;1.4000527789255075;0.7457769212613576
-5.311139676849281;-10.510732476590778
0.0003567519726302206;0.000721564226441001;5.9313166801481705
-7.687455668518474;-7.687544331611462
0.7101911358757199;0.318859781798395;2.3683384735161734
-14.959225490614102;-2.842478101130609
0.9209208909002916;0.650625484854671;0.14150494581122225
-15.658185899312048;-2.554806632907015
0.14926540592676876;1.595193627850503;1.8145269996204312
-2.23718897040587;-16.50047994637249
0.03283319242240755;0.04585246342394889;5.4708849626553056
-7.796869159296837;-7.578916023667308
0.7367049215883605;0.3137600900892556;1.730253742193535
-15.410361191816877;-2.6542139078547597
0.7552843009206683;0.30154798907234726;1.6612114159293374
-15.798844212329746;-2.4996174718708604
0.66254346393911;1.017462345542216;0.414296304102157
-9.474068086505422;-6.090197680809379
0.18495614622151574;1.484443846221927;1.5959603916966416
-2.7997570385848736;-15.059604130152724
0.11147967902354443;0.21716955282671604;4.0105305262834925
-7.719377450556539;-7.655689593132441
0.002467817595287224;0.14256502663158474;5.210707322884257
-6.949480196462867;-8.46340350231398
0.2854551213360827;1.87780432547443;1.1739191868143684
-2.2075546882511166;-16.583389599076025
0.13331310925981857;0.16292073114983757;4.086773804723406
-8.268635008644504;-7.127874647576712
0.06881970694474655;0.023735927810589433;4.968354778878921
-8.326943177574899;-7.074004830706956
0.5588915593639333;1.1819663955540125;0.7936073611021952
-7.338611470480339;-8.044627515567944
0.3187076678935127;0.9285377854015646;2.3246550956777368
-6.1710788077896055;-9.373425753549535
0.5872805462622056;0.46665789655010803;1.7642596615200707
-12.082094512729302;-4.295159357011964
0.04938711237794904;0.042762007872251685;5.042656014837976
-7.9987045613002765;-7.382570175580165
0.5505694362431577;0.10320247979945574;2.5056828284187884
-14.17202720362659;-3.1947268840711343
0.39890771494120747;1.5627487864872127;0.8189529738374856
-4.065489578720295;-12.479756501373071
0.5391849095195511;0.583192388651288;1.8278599265629372
-10.656176554698456;-5.2092248204325005
0.9773993068652354;0.5350976282500334;1.1886664260366169
-17.51140630831653;-1.8946954680317194
0.0038892763794944945;0.13694260410961834;5.123514366848918
-6.993781069732846;-8.41458563458977
0.3397629422391914;1.812366122589471;0.010682343755839761
-2.7402056954726026;-15.20144831469457
0.32441065250557527;1.8346786496026002;0.08566350273811156
-2.5715422464685114;-15.615973036974456
0.438402512241028;0.2317070755964709;2.5660447561126065
-11.651690082527107;-4.555612644785671
0.9270893138727326;0.6366829252346577;0.17451701117010998
-15.866022149441724;-2.4735694218228432
0.1883047257788246;1.3380062781915805;2.1348998840327242
-3.3241013117751717;-13.899466404748415
0.007716715949666126;0.07373231844661868;5.7139268992544645
-7.370254884162578;-8.011542636182728
0.5826574528912747;1.1259424937734615;1.0762559931565758
-7.905598452877397;-7.47250192077743
0.3326369066064797;1.7546451128423233;0.9763677134097479
-2.882687680494668;-14.86577197641767
0.27794720146484325;0.5720343325058733;2.604700828856654
-7.598990884657698;-7.7765301099957505
0.04781240585132998;0.017654401834100702;5.772137659639967
-8.122416639092148;-7.264742130537996
0.6713142281992655;0.35957728626247765;2.297053518950885
-14.060671038854156;-3.2471081673575704
0.6146730100002024;0.46481498275761673;1.549679591852067
-12.476928411742868;-4.067087002072199
0.25338634370731405;0.042305780315968156;4.12871244124303
-10.457797496832425;-5.348661518747165
0.5988178639776885;0.4872384270234271;1.358980177366619
-12.099349480297125;-4.284979170045674
0.5723625589836469;0.522515409335091;1.5444656766530116
-11.496798318993283;-4.652491524039057
0.38942522202177937;1.5819455546034744;0.7863964306916003
-3.9154386485257064;-12.74948486468478
0.8030132624230547;0.2524736781069292;1.7126435855781637
-16.964145965981235;-2.075064651850248
0.12457232818946372;0.17273655950940933;4.162743522251671
-8.11358273004957;-7.273093664484873
0.30398892100572256;1.8947801771631987;0.2417282142556362
-2.265947406417361;-16.42077309308665
0.360631041567133;1.6903264837111946;0.4891516745670955
-3.2967316092924146;-13.956440015638629
0.2678085893309146;1.9658680417151193;0.4387510663888185
-1.8667377844715853;-17.59949727805778
0.03781163864189527;0.3942885498718286;4.195603092329781
-6.036388556719399;-9.541706555187819
0.3694484261263016;0.34875729370177283;2.513483642800098
-9.985476447175804;-5.693941303116669
0.06171660059447469;0.43531850814092304;3.606188306838552
-6.069403256456671;-9.500141632928383
0.9031802813195811;0.6588874006196107;0.09392369522058633
-15.31529704866268;-2.693092266447615
0.8180713765375697;0.7611206252940317;0.43519500602747724
-13.26578542690267;-3.640542021310485
0.9561179439496149;0.602868549270434;0.4891791435437647
-16.603463189926234;-2.2004224650094786
0.4227200467803554;0.21585426142379624;2.9856398183916757
-11.546600396780562;-4.621156243274501
0.709288801871125;0.047961654796156675;2.4120356014941864
-17.10447579870891;-2.0277003603018873
0.01514877535774478;0.734902043678816;3.667909235205817
-4.308642780205811;-12.059292202802402
0.008750084254368684;0.0835373578981512;5.313908710523412
-7.328656368740676;-8.05506545202423
0.34562242823954065;1.7075645429820634;0.5243096193218723
-3.130647429407118;-14.310163980939922
0.6704510206645118;0.3880675953861013;1.5031707715182479
-13.835982934061429;-3.354804028689283
0.5889413354580232;1.1665655513557225;0.22171843855761114
-7.749872234776924;-7.625383919613362
0.058808084589547546;0.4097248575851556;3.682663376756944
-6.1662296996089765;-9.379425272075641
0.8262787656429063;0.2765039162212846;1.2137305636351607
-17.14931843438706;-2.0127286686772523
0.14322082197444588;0.15067126621928645;4.362177367587889
-8.452670672981668;-6.95919651795601
0.6825202929289679;0.9734238616487443;0.6235346424092593
-9.99475564183089;-5.686971675529786
0.3979741333319031;0.8318408598212972;1.6425288129029898
-7.49137901587737;-7.886197540609768
0.17834725297034298;1.3872522299244732;2.1857145161092326
-3.0814817405518147;-14.417616704373472
0.7033296332607263;0.9528277194656216;0.4661863429770375
-10.389536581910159;-5.397389564296018
0.20902948137094746;0.07908625670077105;4.2474240027913694
-9.666752378667024;-5.938052612214661
0.9711460450061179;0.5949458373264787;0.011383288192520023
-16.913246314398013;-2.092437534854688
0.24454724175581824;1.1695287738736253;2.11337632933441
-4.408102226509485;-11.892879420491361
0.37731702955212987;1.6461738757183446;0.5429090088266328
-3.578874253230809;-13.38581223598574
0.002134860574870332;0.003334076195583488;5.8914878685962675
-7.692646922679345;-7.682354828183615
0.047984331905248714;1.0936724731069742;2.8105084683075368
-3.1955419399540776;-14.170283842215325
0.19553045224906773;1.2986386590207173;2.168482566933572
-3.519519730630052;-13.502875030378453
0.29259750471012536;1.9271694014105665;0.187772344628203
-2.107536112811041;-16.86925442470452
0.8144159855338644;0.8013883261696105;0.3635239622742112
-12.923103032421933;-3.821222938542633
0.4311139117142348;0.20307220819181146;2.9941197569238103
-11.747342008899638;-4.496630241296397
0.32390127350427467;1.7813783833226344;0.5359593489797632
-2.7378270769477093;-15.207161276402646
0.0417297691587243;0.021385523968940858;5.659032143342547
-8.032760262174131;-7.349946104340546
0.1531753435402271;0.18810080236673288;3.7389829511797847
-8.351857401160276;-7.0511086693093405
0.3758520578281068;1.6517350463769014;0.5678686453975662
-3.547385557290165;-13.44772579521773
0.31449065797313275;1.9520306256155633;0.024994909001239178
-2.1611882726352674;-16.71473067899754
0.3769200872502093;0.8995642616882505;1.443852504431216
-6.907253030053651;-8.510217989119804
0.4066600048083117;1.546420927350609;0.7071581627514542
-4.192881908045491;-12.256992003119333
0.05206176154182304;1.0667847598983762;2.8354268537109193
-3.3195798543846506;-13.908853459346682
0.33460700355179845;1.759875854970471;0.7690960868029288
-2.8784031031245774;-14.87568342966019
0.00804251853782437;0.060624626127410874;5.617241517739819
-7.444516035208209;-7.9344515147775905
0.14557135333059745;0.17970159535280528;3.9502824763354223
-8.312845233485792;-7.086993009093505
0.946354870857202;0.6469664735407441;0.020796251835958762
-16.090964265155122;-2.3877883152448613
0.8286858335472888;0.2611254314669264;1.2377660005324438
-17.31635784645647;-1.9576492545523052
0.6055745175642155;1.0791283393511315;0.9937058729494175
-8.43104329088867;-6.978815637338375
0.32387559411014055;0.3335603656222335;2.6526281383920325
-9.514265397294098;-6.058166348715577
0.540899653050275;1.2464127870787631;0.8005045963133086
-6.809223452739594;-8.619971743499935
0.32405559794062583;1.0112047329822769;1.691942937786696
-5.822322462628896;-9.816351370740172
0.40186194087344673;0.22504962030851136;3.2341411264638706
-11.205072338762358;-4.839655462940156
0.033494303255709644;0.058843740928021575;5.014018158421044
-7.732363099544058;-7.642769578126685
0.7606265283151474;0.868793872721707;0.2594845214926827
-11.701728498163893;-4.524677475169428
0.9065822222521749;0.691128230671688;0.017443874852720434
-15.117664441231575;-2.7752660890722947
0.14266121505970908;0.15230162201285113;4.405956558667116
-8.436808979975444;-6.973580090803205
0.7452116991656679;0.8717680759371276;0.4908652620584684
-11.472838681094826;-4.667630134758537
0.467499635623671;0.6526201444441149;2.0213742011314255
-9.320323168671903;-6.214152773836403
0.2823092921654208;1.9192404822497167;0.42940787233556693
-2.072080047767522;-16.972920924875147
0.11538766655349339;0.17519575716717628;4.61225182210514
-7.996276756930606;-7.3849014215926925
0.8890357804133568;0.6799614352697488;0.3165151478120485
-14.932951538414041;-2.853740157287426
0.08302364265631978;0.9776285211025758;2.866122073046724
-3.8824673054416703;-12.809860899130971
0.15777492258282697;0.1288125425371821;4.329792153790764
-8.749425984649553;-6.695315655736362
0.7141539751847044;0.9886392526020277;0.019416803595304108
-10.298986401517059;-5.4626307260758695
0.2574718223081205;0.45350233825012404;2.9449947381546875
-8.029202219141617;-7.353347849114333
0.4323995600583064;0.18243022924955068;2.876510642017635
-11.906156202991987;-4.400098403454303
0.47949983911955546;1.413935102073836;0.1265960116207391
-5.3923214087686935;-10.396611070950668
0.3300045887693532;0.0147505753265826;4.0414759881688935
-11.652780975895425;-4.554936351562063
0.3014204563534766;1.832359378836829;0.5889824130778325
-2.436864094840045;-15.961567222268679
0.2718431033083571;0.0776640910747504;3.6244319782180647
-10.467798247655008;-5.341554976693407
0.6252406840188961;1.0626136491786118;0.6562851206323174
-8.756066733514844;-6.68952182606386
0.34623965413427366;1.7075123179163834;0.5120438820220673
-3.1351104576116455;-14.300473563737842
0.109328629533678;0.9668509707635783;2.5335106719471114
-4.132228415892547;-12.362359244550994
0.057875427244705124;0.325086483346277;4.2983326926460075
-6.579975446796133;-8.882667364221668
0.9365448032586576;0.6207510506457692;0.054359605242550804
-16.143713915815933;-2.367989801228926
0.6204641522321003;1.0650377639446036;0.680791362417636
-8.68583545510206;-6.7510395093864926
0.012610679586715627;0.06896297769838096;5.276943882782607
-7.448834427303959;-7.929992231078406
0.7319479848060213;0.8874642843908336;0.883395211450206
-11.190147756443613;-4.849399219010313
0.13530153365335068;0.744135076427804;2.624913077558382
-5.307306513496203;-10.516158613828333
0.5778361543703888;0.4876235176668086;2.043933164792319
-11.808057538162219;-4.459520836348563
0.11675617173802696;0.17584975163297195;4.422336290659534
-8.007969229635012;-7.373680719361112
0.593883352431161;1.144677446435593;0.30291441750306114
-7.926347605538775;-7.452365762844756
0.0295677996168301;0.0468747031209521;5.680311805035345
-7.755085258193381;-7.620215400953593
0.1296204741726668;0.20628056310625556;3.907530095130086
-7.981586921219601;-7.399022683589742
0.6413448676047644;1.0539062895297642;0.6338331752714711
-8.99815081625581;-6.4815329137784
0.47223196323074107;1.4359916841232077;0.3357024427766216
-5.225696869412474;-10.632502203691454
0.5065928120296477;1.2867446033273349;0.9899966207215425
-6.257760129163954;-9.266908901112389
0.10449439778528848;0.7857594824792263;3.183560781036165
-4.847925647279504;-11.192403203274646
0.8802914746227068;0.7315469839062207;0.01941173507271937
-14.406112827327126;-3.0867172085960033
0.010530881307066278;0.06702329185992548;5.523015062495766
-7.43682405131875;-7.942400873022474
0.05137441512197628;1.0449792123572497;3.1839473833584497
-3.3930309913542356;-13.757565194600502
0.2947707719688274;1.9024391666678317;0.34362220440807334
-2.1902632427545767;-16.632137092786525
0.24849343935445276;1.1460150041701183;2.17640601370499
-4.539082817603027;-11.678392197676365
0.28613449272410774;1.8778190323319048;0.5995302035785587
-2.211435667057712;-16.57248618277829
0.5438070854834762;0.5124800460108665;2.240605295890757
-11.181516948947474;-4.855041574430531
0.11402206582104696;0.19320167320859652;3.917917308255362
-7.880347518293925;-7.497080475525455
0.05479480566708323;1.0206226466202564;3.260194431431334
-3.5067994973090917;-13.52816288545608
