200
2
2.0000920559301125;0.00011003230666315806;0.00013294210294554338
-45.688500079460866;-1.6876852043716843
0.00021855984204369864;4.0001945913008;0.00024146965627872677
-1.686893737861798;-45.684225925645634
0.17972418630242273;4.042105872285047e-5;5.702689425929033
-9.793417809138255;-5.839930342130905
5.333496347928947e-5;5.333496347928947e-5;6.0000533349634795
-7.6877933451437555;-7.687206660545481
1.0128147627087274;0.5265831415925044;0.002533958098276252
-18.179395171895887;-1.6898849498214334
0.2729846279980661;2.043772088549562;0.013672172669932115
-1.6929977461612138;-18.16882890424894
0.00021855984204369864;4.0001945913008;0.00024146965627872677
-1.686893737861798;-45.684225925645634
0.6287474234493765;0.45679616486219193;2.0049195489472535
-12.732461130616173;-3.924775628214
0.06728499226069379;0.0023448247891902593;5.325092609024719
-8.43222187139329;-6.97774511433912
0.7837585103533347;0.2941702457961873;1.8895855266554211
-16.31231927118258;-2.3055047471672743
0.4331747636225444;1.479068938062956;0.8129847551363357
-4.692968316894725;-11.432881835891264
0.34759752296276686;1.7284359322421035;0.7479427017202713
-3.0722618544151175;-14.437911603897383
0.012012450646530467;0.07005794696665656;5.755835542494385
-7.436437290089212;-7.942800792498763
0.007032051566608624;0.004815050050689618;5.847041995715113
-7.738455336936826;-7.636715753029021
0.3343632502397789;0.9716821401506909;1.7595071845569683
-6.113026101417315;-9.445538137799776
0.10230090504518385;0.8705622694489559;2.9606119555741572
-4.468220806956867;-11.793785859901337
0.1637115672231311;0.8094749711784337;2.4785425611600704
-5.268588871269918;-10.571159075323802
0.22164906998481929;0.5087942481282145;3.036214429311862
-7.331561145311753;-8.052018335056086
0.06997218979333297;1.1903148914777113;2.865845810946518
-3.0137403968495073;-14.567816027651004
0.0007484252688757084;0.0004925446924497592;5.907095195359611
-7.6930246907793896;-7.681977326481072
0.37787625647161877;0.3628567566230249;2.573940868423384
-10.0027937350956;-5.6809404155732635
0.4082908349835507;1.576210264933635;0.4529289030746967
-4.086578329974895;-12.442492874606765
0.24802893863329864;0.47216451281802174;2.7728986237549873
-7.819484397331838;-7.5566573883975074
0.051455627425162465;1.0754389539588691;3.451401544384062
-3.2844077804363656;-13.982212470630353
0.15279500174314414;1.4462629243343368;2.0923907127193413
-2.714933647691752;-15.262335777020285
0.4446497305668583;0.1698990229861452;3.552331136637533
-12.16173940021856;-4.248334580595275
0.236056917213748;1.260960715793469;1.6529473507855788
-3.97112155472797;-12.648437249753673
0.27330725706554293;1.975631444513693;0.5448876270792337
-1.8699962702157895;-17.589182504424468
0.9003437675912821;0.6356461173396836;0.4177218552858077
-15.452549303425194;-2.6370937071535057
0.7480335222397836;0.8578174321053802;0.32156918053023975
-11.605235435753828;-4.584489699637771
0.8525802369341041;0.7404178579055307;0.08756661917773646
-13.924312702849237;-3.312143927259784
0.36146847191452813;1.6730406334626653;1.01818885277947
-3.3646267280705477;-13.815767314040249
0.9967960519699556;0.5493894600192324;0.004550472265999291
-17.716335818271215;-1.8301067351437457
0.6797196852715255;0.9471034842317023;0.9169299659977442
-10.125368257852582;-5.589673508427749
0.05504417332420305;0.3729953697778841;3.9140360830034724
-6.310631475598674;-9.202608730022934
0.5913614510144616;1.1635462966798966;0.6178385960599285
-7.793339071612359;-7.582396412773065
0.755711070195578;0.3073823524371979;1.8538551368950482
-15.75943064472298;-2.5149929772294426
0.9659451073580403;0.5624008564285115;0.2457751529931811
-17.095192573044528;-2.030809631881268
0.7723004319673119;0.7985854991366017;1.1508021498559184
-12.347123430903846;-4.140954418125605
0.7885141698744972;0.7742352096470263;0.6608498405148548
-12.747339025299741;-3.9166145941780908
0.21472790723747076;0.0597223081565917;4.612193645514683
-9.857737150445386;-5.790668580943536
0.03377628414728743;0.024899753537584033;5.649959654424078
-7.9239097437701425;-7.4547287814432455
0.1393764484301841;0.14008285085602537;4.71137549291197
-8.469414634682732;-6.944044128634961
0.0386133114079433;0.03600522857581911;5.101532848761906
-7.915916871663466;-7.462481535022724
0.7037103363504401;0.33162727263818326;1.4838487155719708
-14.76169513996329;-2.9279677392736247
0.3234900251546788;0.3495601163639742;2.815643405944816
-9.411768253807685;-6.140148980408468
0.5767761463187314;0.4840314340930687;1.5632413891137051
-11.81812290202019;-4.453393458031855
0.17575609547992554;0.0936831803133194;4.370324582844962
-9.172035357286894;-6.335916240175044
0.6911385232118149;0.3986736642310192;1.8302044186013162
-14.0647942155201;-3.245157011401384
0.21437850041424025;0.10335525262150866;4.180315013166394
-9.583095912874498;-6.003676682597809
0.25439818532577785;0.4243292307634902;3.342456087519288
-8.159203967105231;-7.230065428336509
0.13281350327594346;1.5383488423949734;2.0360300632813577
-2.3073507742948207;-16.30729096856877
0.0063426372414219665;0.12620786124431915;5.128349365118129
-7.0760131505169035;-8.32476160489313
0.9455054406146939;0.6171085986488171;0.007129379007699871
-16.316789579757124;-2.30386447137085
0.25753350518535006;0.4122101007141236;3.4092546248534186
-8.26379254697527;-7.1323665407529315
0.20206499952952384;1.3867822827442076;1.3021849092852131
-3.2485179503632806;-14.057693070900038
0.30671437016077124;1.8000118185309977;1.1644762547002454
-2.569272471341023;-15.621686331645028
0.07481856714008438;0.9920770604506193;2.921662691588011
-3.763785435268596;-13.03062462314355
0.39768813360149885;0.25473169251002514;2.7291563524079625
-10.953341716956295;-5.006251395333596
0.06239599861799476;0.01562934458035737;5.213026923753229
-8.299811074340791;-7.099021895128837
0.2661797668547474;2.0125635661613845;0.884476600618774
-1.7373817992014415;-18.01962615617223
0.36573271246876216;0.8777395268630799;1.703253360212053
-6.904388552303573;-8.513403673484683
0.41007504831996416;1.6533223980764773;0.021809347072735623
-3.799228425980057;-12.964123741782094
0.4229564022345975;0.19190131460832835;3.2141322054028096
-11.712294223104797;-4.518167834635264
0.8590329994315067;0.660908064222682;1.1151527154175094
-14.619451539294834;-2.990714258251188
0.11167640546651131;0.9417338586896764;2.6600777272707803
-4.252475567114352;-12.154667092437542
0.029400602401229877;0.00013781918248664717;5.987046428553292
-8.013590013722249;-7.368292771902547
0.9319651133663484;0.5740938079734821;1.0657820505012185
-16.44527829033328;-2.2570776839819158
0.7184865246049298;0.03727542470994616;2.4543216555838843
-17.34499037478022;-1.948316505281177
0.18910636000906117;0.07736613575436106;4.489066655629506
-9.43266488071386;-6.123352453812485
0.03420365043898992;0.449050736181665;4.03975687076954
-5.738850530669523;-9.92592831901006
0.01281568136925712;0.5942234292128499;4.8789554242314015
-4.88354057244871;-11.138053303666402
0.6465664876729864;0.04348292806431829;3.775262443958741
-16.12220050072014;-2.3760499806219415
0.4034125023267521;0.2248258008774811;3.5013792914084956
-11.227218693964053;-4.8252274524277965
0.040409089275116356;0.015267587517677398;5.418944862882575
-8.052325130663771;-7.331268629305663
0.44533733095483496;1.4714965911972553;0.5005079238130739
-4.830333502459633;-11.219374724623073
0.35159325889268783;0.29042805800629706;3.11661351836225
-10.128041074904129;-5.587698017334265
0.020756330742804887;0.09346856365912191;5.237848032915004
-7.404441953816346;-7.975956877724982
0.5092658996781985;0.5729486404892792;1.8171288950945645
-10.336751725235146;-5.435336977696852
0.019877620462710844;0.5684821103640318;4.658924793695794
-5.059054320553997;-10.87504988437871
0.11659362591950746;1.5904466987758734;2.1489263603807407
-2.0647262481466253;-16.994580164452067
0.5031657099729567;0.14981478518691732;2.5869053788088507
-13.131962236793354;-3.710279254444397
0.20841660000843204;0.09769303583037542;4.256076774425225
-9.544621347422668;-6.03407954137129
0.4568464431911743;0.7230292997952326;1.5947838816923605
-8.772502329479401;-6.675202877021125
0.7355750209469486;0.8510019522292391;0.7081434255382424
-11.482898146270346;-4.6612691599591045
0.044301760982220606;0.3764603495420314;4.111593523624358
-6.187149001506289;-9.35357410485978
0.048434439144606885;0.3878673350499752;3.9935512180089576
-6.171688589652957;-9.372671614021332
0.5430942862022186;1.282862869241124;0.17071212638670283
-6.6444721464344285;-8.807889411637982
0.9124550200754953;0.59346176282283;0.8392361679860901
-15.97693038503938;-2.430999334429611
0.10463028631879231;0.22115787748388;3.8567090916536872
-7.622206369207983;-7.753076722517229
0.5507682078672121;0.5243465319255243;2.1170606069887987
-11.195192522920282;-4.846103801022381
0.582364502112068;0.511839649945399;1.5247262298172908
-11.70465595746356;-4.522873060397452
0.019015833715097498;0.07243981421527138;5.581013223411555
-7.499439113247263;-7.877928727883105
0.2015725471954225;0.15875182755199435;3.6469000621113685
-9.091391036489844;-6.403065101262487
0.5667956856942914;0.578577200277979;1.2080310090825015
-11.048118671241912;-4.94296278902527
0.018795312726396722;0.11353401193245269;4.992124821456209
-7.275578772311874;-8.110956023588123
0.37233952169635226;0.28046846603606346;3.141820553698929
-10.456149635591313;-5.34983328466826
0.3352853984001363;1.7592044230602364;0.6835773811486561
-2.885138227794118;-14.860108116653718
0.3392837911586388;1.7814560145955807;0.38963076262403695
-2.8379765165226263;-14.969749271583959
0.5254113650479836;1.2293915937815254;1.0342764040003707
-6.7372580888073825;-8.70151558934852
0.08669414789914001;0.020477322720091687;4.831500335184067
-8.551892117617752;-6.869871413757684
0.7320274001177319;0.330173458563574;1.244288868360567
-15.209534276187037;-2.736839517796251
0.3744174256483873;1.6318853791453594;0.9433812380521335
-3.610500331566448;-13.32405613790088
0.5640776509601878;0.49780845106337474;2.1783567187131054
-11.551744832098844;-4.6179294726718325
0.30247873554810684;1.9406330200134811;0.013125813877110693
-2.125313652930473;-16.817744691020415
0.2888180979626883;1.9143508122439798;0.44713274493344274
-2.1223755757274727;-16.826236355232105
0.19971153022741045;1.4104293122232057;1.395564141794077
-3.149099256388642;-14.270168025840876
0.28437273104613436;1.8674905650575562;0.9616104806496798
-2.231140776167234;-16.517336908785396
0.4714959914707676;0.14974330317575274;3.5791471485214723
-12.67961120666196;-3.9538757292383533
0.19699324854495645;1.298370426984825;2.34202695723393
-3.5312986782301485;-13.479521907074183
0.12481049718306242;0.20684269764808166;3.8039248911980486
-7.9246106146193345;-7.454049350720859
0.31434658177831903;1.821536457255379;0.5706489749036339
-2.5497370079789863;-15.671013238665134
0.07003811172665218;0.32667731374628123;3.8240040834829534
-6.696013970287156;-8.7486259635099
0.640477997924256;1.0584613254938977;0.18875030869310927
-8.960724565286586;-6.51328319138583
0.4186682627480013;1.612843194502961;0.19522375152531432
-4.023623914135996;-12.554197273212539
0.4903255785315581;1.3382526183188084;0.8525684643109395
-5.848570768185899;-9.782186841998513
0.7019732678860917;1.0488090527814566;0.2078209001319838
-9.766878788273985;-5.860366475375993
0.8843374061414152;0.6524217788973968;0.43686206332156996
-15.072912518162065;-2.7941291509222976
0.9807456200673657;0.5689190574990759;0.004825817016022527
-17.28590428834674;-1.9676102793545285
0.2657732766721845;1.1014735438690864;2.299323400552669
-4.877718326642615;-11.146915222414508
0.835088815763042;0.7288676061571772;0.2942707108023381
-13.750769703388999;-3.3963594243310253
0.26325266742969866;0.40591475086685946;3.3688508998430575
-8.36529030090662;-7.038793876988703
0.675048785447704;0.9677223194771664;0.5098858669626131
-9.936774715697492;-5.730646950096835
0.3474264936382654;0.9220589367932148;2.1977304937880207
-6.489489821154016;-8.98875526583754
0.38166026053352853;0.8846794582167649;1.6154958632614849
-7.034753837302714;-8.3697021459495
0.09131061298203053;0.2547443753749368;3.882274805580548
-7.296024426921128;-8.08937907044076
0.08009833014043774;0.26580414280001313;4.429012225996804
-7.117811786508773;-8.279494094219286
0.378803036900342;1.700898108678365;0.011432251017892166
-3.3891936712364306;-13.76540605489092
0.022423859053632887;0.4725229581065298;4.536943649762127
-5.518192290912477;-10.22261993090438
0.08271065109266769;0.004922464091492776;5.035279886619886
-8.596003486545609;-6.830516267513338
0.16515682569732254;0.10118515003461054;4.557684626149704
-9.000206627615686;-6.479793112655305
0.2902884749214884;1.8557926800347375;0.8772881800597891
-2.299988642473822;-16.327361674583187
0.18194968109797655;1.3637870240595231;2.2761327520553802
-3.187893196097362;-14.186657476596631
0.0756332883693751;1.2192325527158858;2.7183131624088213
-2.95423845797055;-14.701864193719041
0.26697705186836457;0.0794842230876471;3.679044476128699
-10.393627215987143;-5.394458528847239
0.16747588573505195;0.7828645629212151;2.4544038715638745
-5.424605515764414;-10.35164622172664
0.6691026459479101;0.44189525585134753;1.3364179006300265
-13.420576878958645;-3.561166482469444
0.11994018282109509;0.8207354683555608;3.2982496678965343
-4.830189585424621;-11.2195957152717
0.003897764825076997;0.11468429975702822;5.550786174817186
-7.111036973587151;-8.28681344476277
0.1436743735674769;0.1257161866147754;4.754306808283973
-8.602604167481289;-6.824646001759328
0.01421306030257474;0.08490031399603686;5.430682390122176
-7.380081270869271;-8.001297398169033
0.5240488296373009;0.12778239624048868;3.089155498258857
-13.59621413006117;-3.4727462366859267
0.618039482185669;1.0640991692446904;0.8919660452323457
-8.662965923128365;-6.771188176735242
0.27386689381557394;1.125928479574603;1.6825112383723073
-4.841738296102583;-11.201879907480592
0.012888535449328794;1.4031160835759016;3.4871401622561646
-2.0091981861178834;-17.15992732556757
0.41478534541317813;0.9053389509001536;1.3531212360352376
-7.2765153988287254;-8.109966259640494
0.010902441334454865;0.08396264812488466;5.484873231580273
-7.349495877798617;-8.033231297814343
0.43951993166825154;0.23349626830046982;2.4090366836782917
-11.65471630579023;-4.553736760393863
0.4828098344000019;0.14155218620055965;3.29451680773591
-12.898958370174729;-3.834216061580842
0.5087557458315413;1.3133831480431182;1.0827295700229214
-6.14774592695887;-9.402334147139262
0.4656722256891429;0.7117357891967189;1.2298626438540663
-8.943575606503796;-6.52788032250656
0.11034520725185382;0.8405210427277634;2.9441908981621316
-4.662621552452321;-11.480758462916935
0.5590414261864187;1.216430866079053;0.12156293850407242
-7.156258256415773;-8.238086407184143
0.052864210899496555;0.03710229479235379;4.945860052972028
-8.06965324384445;-7.314765846771414
0.0247188712965903;0.6935590886358992;3.7259521929212798
-4.559724905192931;-11.645059711662837
0.9612598294167848;0.5899879111429915;0.003717343369000886
-16.792065470901488;-2.1342162463051273
0.20592735642542676;1.3735696136772175;1.5512639098670538
-3.3229635959264616;-13.901827505016465
0.13885998886365605;1.7459947099995676;1.3097072317467051
-1.767819661931758;-17.91884171692657
0.863976410706938;0.7051223731341119;0.27925774157764927
-14.359249591466888;-3.1081146603894805
0.330811823327945;1.0344865606726656;1.6305865599696576
-5.775780725556816;-9.877272779741347
0.4884254256995542;0.6693296034038425;2.2348655664592565
-9.47343618194253;-6.090702453994603
0.062234947259584304;0.0049979213496850975;5.508572686623127
-8.35886940480517;-7.04467769994085
0.8068443729983836;0.2579498221159344;1.8873279728964372
-16.982092111070138;-2.0689639483809783
0.2342365194238403;0.06034302694617295;4.418733251908442
-10.098785172073017;-5.609355041156433
0.3174081343964717;0.3515062182361721;3.079041556433749
-9.325969862808723;-6.209559306684238
0.12894131784778426;0.7624197085149366;3.2048735833192588
-5.167103757342611;-10.717011558355662
0.814053358263581;0.7584802157672614;0.5583356379031463
-13.226696005003362;-3.660804496644456
0.316069585009641;1.8900137953459073;0.011603307315896748
-2.3514381337441588;-16.18805901233704
0.14935785948524818;1.4636760256565557;2.0676450891360605
-2.637350829380751;-15.451914202927405
0.7662656203851237;0.8417321184046302;0.362682019745433
-11.964098600472003;-4.365308254450212
0.2734647042700587;0.4380014893818953;2.629890489708077
-8.298468846942361;-7.10026173620192
0.04837745089171711;1.1440217063365934;3.1758610272656793
-3.0243003348766093;-14.54423518496136
0.27871092781036616;0.020481805465719014;4.29625006330002
-10.928974893313042;-5.022634341607894
0.660468032787213;1.003284242743693;0.596969794208479
-9.535487706116719;-6.041317654978656
0.2695881696884696;0.015531385349866495;4.471817251871933
-10.841751285026913;-5.081656790729117
0.13233377050291723;1.516777857759124;2.269814165846346
-2.368673503176931;-16.141886987463113
0.275899874428115;1.2367969170153221;1.4338435833992682
-4.389236695510969;-11.924205545260982
0.3853237918571846;0.9164164847049793;1.3589210263748457
-6.907019617047655;-8.510477527944365
0.8775541355195359;0.6727766977558797;0.35151653056077187
-14.811765287583226;-2.906117981468114
0.8429717077269678;0.7070120305937143;0.5883595986912104
-14.029929272995567;-3.261684039533134
0.3243716735080555;0.017185781718719005;3.9948198574969154
-11.559931567420024;-4.612798349148714
0.13095503534470176;1.4933366606953076;2.365840683861766
-2.4310652015410965;-15.976757691606041
0.05365682393566455;0.036092541361828344;4.914016565078217
-8.084288531814693;-7.300856360210184
0.7021694667395082;0.05568785735207553;2.4173185732003466
-16.923940643836527;-2.088778806440181
0.04302546484299103;0.5196551011849236;3.606834309458887
-5.490689634297105;-10.260335520785462
0.019105465792095898;0.6815203680368389;4.203493305228395
-4.563145130539462;-11.639548931518583
0.33953702348426007;1.8454710095920506;0.018655188630055507
-2.63279857998798;-15.463165168846816
0.3108410782316372;1.8082683670265622;0.9803993082088113
-2.56926267700086;-15.621710993197027
0.2061272756705897;1.3496023447478027;1.412058245834928
-3.410708022067837;-13.721533749540695
0.7946983840641215;0.8205620460002683;0.0050298782362557465
-12.507197801653462;-4.0500158582457395
0.5342609291676528;1.3227629504175638;0.5087001807190427
-6.353812526450759;-9.1504645393556
0.5451599884654619;1.2877931262664064;0.11414719546929815
-6.64039332336332;-8.812597966053628
0.13830277471984756;0.14779446316992895;4.330633516426561
-8.412553270429711;-6.995631321462283
0.12116946501932406;1.5303122716619206;2.3076787799704594
-2.26252194980422;-16.43022870766022
0.3918137852706279;1.589358892087071;1.2090298492604543
-3.9051806940179827;-12.76822523102195
0.5607455434072841;0.6143776359819844;1.2199845570636672
-10.733788031594544;-5.15554007243612
0.1457569645508003;0.12906398531307586;4.329528375279184
-8.60736467507378;-6.820415293400009
0.36510960193445774;1.647868805677441;0.9919882878137923
-3.482507981752455;-13.576653601646237
0.8249779277270778;0.7377454564583266;0.3466697504739806
-13.53678500651319;-3.50247061755907
0.23533197998975655;0.12135182224028168;3.7405977404831114
-9.730735727137725;-5.888302212006179
