200
2
0.0005791412816944415;4.000555172740451;0.0006020510959294696
-1.685992589184113;-45.67935838113179
2.0002281016609404;0.0002460780374911656;0.0002689878337735509
-45.6903367354919;-1.6880253573636101
2.0002281016609404;0.0002460780374911656;0.0002689878337735509
-45.6903367354919;-1.6880253573636101
8.229720841091824e-5;8.229720841091824e-5;6.000082297208411
-7.687952641419091;-7.687047372126569
0.2693925317730906;2.02974336389033;0.007773622621100611
-1.7101860014722938;-18.11072730525793
1.012430075594755;0.5277133367121406;0.0028573424053717654
-18.16325606372527;-1.694641104474203
0.014027762858516963;0.12475212153733792;5.21811277619177
-7.165018954631564;-8.228681508654907
0.03810075459543652;0.039449155506677214;5.315537151705884
-7.890988680764404;-7.486712790238252
0.2736332106525362;1.9479090934334786;0.6682057689497338
-1.9457651982807678;-17.35283459169323
0.9590306229894674;0.5480199040802053;1.0326592649121993
-17.099740658954683;-2.029285898068659
0.9205487449655473;0.5861604026663163;0.9399264048025356
-16.164521072948887;-2.360213113036325
0.0321757079151141;0.033066556190063996;5.433558977854343
-7.860545470463608;-7.516412014421801
0.2982611122775732;1.8704223031246852;0.33695272583296143
-2.303870978047014;-16.31677184231194
0.034099334273009194;0.06397270503194974;5.120639316496726
-7.7107606580949986;-7.664275059440246
0.13804831773548026;1.575761317814106;1.6913281203797852
-2.228472533642809;-16.52478403941741
0.3484039547847459;1.77693001241568;0.08932065167565907
-2.9134921914028364;-14.794835322710908
0.31835424757600894;1.842315123393189;0.26715353260855856
-2.5101508867326046;-15.771823797385485
0.83978980789435;0.6968762872363968;0.7391646405988181
-14.058074138985443;-3.248337524910109
0.5056518088843255;0.6354537848937313;1.4324587900802785
-9.895937177684164;-5.7615890160600465
0.03930362271083591;0.006117750904026931;5.6775087424136625
-8.091446946662472;-7.294062506968376
0.1485812117143943;1.5171970156484922;2.0865978953544797
-2.4657941490043287;-15.886174663421068
0.26133088850515473;1.9660257127942748;0.6998057109932572
-1.8322978043099694;-17.70930109793359
0.08958217889517006;0.2876640864677941;3.99260155235798
-7.1025236833970835;-8.296020698849079
0.4864956135624625;0.12515998064608208;3.2417283453294226
-13.069389678139505;-3.7432459668722324
0.6788224469343092;0.9738767415398505;0.49931979965534046
-9.945502832550059;-5.724053156933614
0.11583806550755954;0.20645337393957375;4.370313295050048
-7.826861351389991;-7.549411023558993
0.10914828469792505;0.1933004140279913;4.47567003511603
-7.825603662306397;-7.55064595325995
0.030766148625133695;0.023572966375358467;5.7567488121997155
-7.8977172306124706;-7.480164590988471
0.3451629990194541;0.3032649454502342;2.874130801373135
-9.966152047668759;-5.708480469193345
0.27270216250069457;0.49207174206566795;2.5779948715011454
-7.983673570549062;-7.397015158256129
0.07401179971255718;0.31424152079378764;4.072890856663678
-6.800929829856419;-8.629326964911826
0.2918513391388437;0.37247488332943446;3.1948368692513305
-8.893870053574092;-6.57036430914331
0.20754066860954593;1.329449788731821;1.9489274983811338
-3.494543181801775;-13.552596148441795
0.8566619299369052;0.682419007855243;0.7854951264682389
-14.420241500017545;-3.080288127813304
0.21701918055755887;0.07049079884736462;4.665385208779817
-9.819178422503466;-5.820155237558185
0.10664665159823414;0.34722656049065187;3.7829546824467397
-6.968805202291421;-8.44207103252744
0.02975336536202153;0.7123557521623354;4.442838328029084
-4.523042226882328;-11.704381462703543
0.1307810077357812;0.15264086981442423;4.324865259695223
-8.298430117085521;-7.100297514857004
0.0004064048523536242;0.00012120202565645902;5.929914889296542
-7.691304320555961;-7.683696636086402
0.7977977029624198;0.2573940579390978;1.553530505762547
-16.838390261672433;-2.1181754338292764
0.29088982077663794;0.013316893804781932;4.758682705254545
-11.137195008194485;-4.88410478296105
0.19137000228590498;0.16611462393861154;3.6252778641755707
-8.92586614901707;-6.542986962051887
0.17087913612290598;1.443590738417434;1.7372918469219079
-2.841456219565917;-14.96161334745376
0.16061480157454744;0.6252291196317167;3.3983522429888793
-6.107918365367248;-9.451913046676086
0.3999797853376447;0.18688036770474709;3.5364521348227953
-11.43530172545298;-4.691430492777012
0.08932152853541822;0.24697508146780842;4.5348266966333
-7.316343131374843;-8.067995399741534
0.05876073355701686;0.019732317627636418;4.976590724171288
-8.234903039932457;-7.159222395582089
0.21992136228964748;0.47675530320683857;3.4815414679051417
-7.485843356009444;-7.8918817209124255
0.180767306669884;1.3493309797127375;2.2696740139843414
-3.230361646368309;-14.096121676470975
0.8977446139053039;0.6566736413152201;0.11744499940193938
-15.247886665769464;-2.7209152143202013
0.9696343188777311;0.5775803446564216;0.11087078245694851
-17.030980619607707;-2.0524093955182554
0.2286194665391627;1.2818954785821153;1.3799662369428987
-3.8319474177714006;-12.903169418313087
0.71373086493184;0.03338516195413222;2.5108282742132433
-17.298370600696977;-1.9635283536919514
0.20021332600125102;1.3682562941987448;1.3415464811833961
-3.3011311842343716;-13.947257248393043
0.8805509519500699;0.6436011193453008;0.5960990903948084
-15.082562318532295;-2.790053688429066
0.9854561894484366;0.5516966550406631;0.2000445846326659
-17.50735975204986;-1.8959867896315512
0.792223294413114;0.28479286291976236;1.7749200941507988
-16.52469529974812;-2.228504314776997
0.30364130984819776;0.36812450144084874;2.808115436965177
-9.060066255933043;-6.4293269551220265
0.5469513879571193;0.5610663132222065;1.4191840418671582
-10.902015240780333;-5.040814151167981
0.0034646898885084924;0.00023422563642546776;5.842749610212611
-7.72436817286222;-7.650721477315713
0.15546163552497363;0.128701778318954;4.405166779757351
-8.722922882433574;-6.718486462392649
0.3114614958159336;1.8638788200981626;0.06587554766924872
-2.4022143116398444;-16.052728424769096
0.36955761213749855;1.6748161706296942;0.5715714651298663
-3.416681056058242;-13.709391465959909
0.2514409072737508;0.06486825766555507;3.91444261884677
-10.288430438863081;-5.470281313161668
0.6986323649600001;0.9952304362781417;0.15002706049347952
-10.060320188294332;-5.637942958233885
0.033460147352253555;1.3148637744762717;3.0854451234437117
-2.3811737899601555;-16.108552067449565
0.7655693791597631;0.8071818589876346;0.8687870337619931
-12.193376538415649;-4.229850645764843
0.382562423065701;1.6179710027539764;1.0699907228136425
-3.7241927054417374;-13.105500428290057
0.12227573469793004;0.2191609837414126;3.928802438650656
-7.82779234786123;-7.548497005662307
0.24877308327605388;0.5030411863570052;2.752221507805397
-7.65730758631572;-7.717752804169592
0.1758147404791201;0.11971275356006816;4.18596856892519
-9.016827369137024;-6.465743367757132
0.07002440101050589;1.039401141743055;3.27337914679047
-3.5498967624922755;-13.442772499434751
0.07174894235130448;0.4393563651368255;3.696119014807376
-6.147810598056651;-9.402253882833037
0.03766315079157893;0.021665589238689185;5.5262892029703945
-7.985513389943893;-7.395245554154739
0.8287824373961349;0.21574650658653602;2.182438313910227
-17.69634123202698;-1.8363391817639092
0.02266968166376679;1.461994945375245;3.0316993021830805
-1.9028073368845273;-17.486018739409356
0.25306144007777054;0.09964856285891702;3.8388443205187572
-10.088330115753187;-5.617112625490325
0.651830097751751;0.9962012017525613;0.5515133338377046
-9.473055498468515;-6.091006567208168
0.25974657320877975;1.1696789424251066;1.5001543778905368
-4.534219691288459;-11.686263447371475
0.3601462075577666;0.8591382447020967;1.8592030268421251
-6.943126101667483;-8.47043022711968
0.6355672548277858;1.0508768785622267;0.4269489957981791
-8.947430395068249;-6.524596453041456
0.9989814015117267;0.5022804201281715;0.9628916076470023
-18.15081889642736;-1.6983126845792589
0.03110680832087625;0.03190391863172436;5.477171868383236
-7.8551220168486156;-7.521715338738304
0.1343659564067583;1.5320389623003028;2.327031037011027
-2.3352559291056854;-16.231633473460334
0.6218554864593518;0.40154575743021764;2.303394056052702
-13.028650935365443;-3.764833564992095
0.33499856651740556;0.3124862385528177;3.1382919342737337
-9.781623959324278;-5.849004120022352
0.37665462368221664;1.6356660480525491;0.6880986966468691
-3.61309111993593;-13.319015927505205
0.06797075223934022;0.005206632332787111;5.005642250203662
-8.423633403597416;-6.98554980999259
0.9133459878442869;0.6076148991129031;0.582513297018349
-15.878572839798473;-2.468724997466095
0.6615861816436357;0.4001908997695041;1.7958247604682087
-13.61579283134512;-3.4629967326496796
0.33447638431256993;1.751240030455089;1.153116091088911
-2.906265777054648;-14.81142565718409
0.10346519786827899;0.8506607121935106;2.624013299758114
-4.561371979812528;-11.64240546083901
0.601061643816917;0.049590881063986625;3.2670512055535483
-15.354759184327841;-2.676902712059524
0.3222547785262211;0.010497122641493405;4.587854742567276
-11.576540156247916;-4.602403377727479
0.47775484263720236;1.3921117101827625;0.5168427043797652
-5.47681019115811;-10.279432465150046
0.5191222653929555;1.2903166014558567;0.23802712292117778
-6.3646439401271335;-9.137436717496534
0.9046940947232925;0.6208891755576024;0.47607770359673107
-15.636774482404489;-2.5632853296256797
0.23212449116475284;1.235333559273054;1.9105604364672049
-4.041106251610695;-12.523036597989725
0.6432201888085465;0.363506868723288;2.3912299887239694
-13.615440560754958;-3.4631719629231044
0.1409855656679732;0.19995451765542205;4.032337289043329
-8.145318100162505;-7.243135349676736
0.5893373550944665;0.5212173502935253;1.2003138327217069
-11.735765659505383;-4.503734700655897
0.017835624683969487;0.046922424404530115;5.801669734348521
-7.625745126238453;-7.749508051640955
0.5856569470224584;0.4556417158116664;2.234963975239893
-12.135883646980004;-4.263489686414248
0.3964830470830222;0.26290371136829793;2.539162708483336
-10.88380923504483;-5.0531230242696195
0.0012643211141494556;0.00017488450327051553;5.876825324249885
-7.700451207663084;-7.674559872687772
0.41339506528588416;0.7297896844020217;1.8790980974517182
-8.230411540490735;-7.163406632623524
0.8716611846133147;0.6477778631482132;0.9077634567794449
-14.913212548229888;-2.862222981367312
0.0462444641522429;0.0012587758536139228;5.580103744241173
-8.197588779196005;-7.194057102236414
0.04898441964876612;1.0838929879280055;3.334681434131919
-3.2369636093851204;-14.082129244320326
0.4536143392751897;0.6808379585429319;2.2123762561694575
-8.98390171814645;-6.49360379806453
0.19866210468506174;0.15446211068185867;3.683885991918859
-9.082223541764725;-6.410740456193812
0.4992111650374261;0.1392218294671996;2.9384037687163773
-13.15132825358653;-3.7001227469023514
0.14473341678361462;0.1589993443105502;4.137790879740412
-8.422092956664676;-6.986950574841207
0.7804788600513537;0.8324938834453084;0.7982232064894281
-12.224710662933312;-4.211608459701923
0.7362992598813997;0.269628235685463;2.4111263870175064
-15.750974066798458;-2.518300941947757
0.01687830223672585;1.3883522527150365;4.71496189439083
-2.0721533049063225;-16.972705435563753
0.6309993522962319;1.0130524606633626;1.0034770238272719
-9.118678573976464;-6.3802698907563515
0.46900102079938777;1.3984496705354765;1.1731860598156276
-5.367050059841573;-10.431973978145287
0.8462495705679394;0.7589030504431542;0.010856487507955686
-13.693880159366723;-3.424323161746753
0.08231292628344801;0.26725973812877624;4.121699316620059
-7.133547343875188;-8.26252008505587
0.39412169359055793;1.644897277648084;0.007875999207247575
-3.7097594904838678;-13.132952285620519
0.0501147223869485;1.0259380138689067;3.8384838987996144
-3.4530392248733768;-13.635833484918482
0.4748146369006145;1.42071046448443;0.6055282839761232
-5.318470939457897;-10.500364036973108
0.03427420169701609;0.026092603815377764;5.623677709025719
-7.9228093926004615;-7.455795597235264
0.6903045908195972;0.3325228736881288;2.101777283119736
-14.550459602645358;-3.021510215183635
0.35217702438898457;0.32806032220117687;2.6531223391899292
-9.898712464833405;-5.759481472488694
0.5341897963562781;1.2507076811588937;0.44364554196691536
-6.71793904538164;-8.723548018291352
0.3587175680412883;0.9349612347611509;1.6340844724189314
-6.5384240608741635;-8.931211146338478
0.553268870036832;0.07875761217474181;3.440035597730161
-14.396622694747998;-3.0910412878598525
0.8151338738396547;0.2364173059437053;2.0303986792323805
-17.29649648347236;-1.9641416243807162
0.43906926220620707;1.4392865414064127;0.8312550562249642
-4.916073003509306;-11.088701190443288
0.526197091975626;1.214997106399107;0.9902490813619289
-6.819623636925383;-8.608255783851783
0.8106822926968223;0.7407711665419016;1.0214498772443197
-13.30620857300959;-3.6196809656404136
0.25358726867748127;1.2649892366062012;1.5045264527425675
-4.093802272519433;-12.42976396428306
0.17266134268424588;0.23364801476601926;3.736834018165488
-8.31418192036777;-7.085760543740572
0.2760306913954932;1.1912547077287676;1.2992725067026258
-4.580504819487219;-11.611631393802814
0.018996420329774957;0.15292689777552682;4.909752341143422
-7.0685725233472665;-8.33284715162301
0.0798186255329517;0.25962938016583836;4.282169955794756
-7.147541715832295;-8.247455135931581
0.7503873328868811;0.8912168925327579;0.1360389186767494
-11.411628431744054;-4.706492926093008
0.25306566977956424;0.4455340872946355;2.9228195418044143
-8.024456914436717;-7.357887139527296
0.041192922801675025;0.035560061687728885;5.067899413325211
-7.947234465575228;-7.432150842503397
0.5675953066270998;0.16986434456914815;2.8012471133832335
-13.928649282781185;-3.3100603272456213
0.037525802018643334;0.08900707807305991;4.844115913135557
-7.610939648058809;-7.7644498624523175
0.25517414508262204;0.40761986932079486;3.3447305866503654
-8.263059443093663;-7.133046813804725
0.7227017816594185;0.9535271592524684;0.20858106390963987
-10.634762619242288;-5.224122174512235
0.22209891518466354;1.2291111914337067;2.3731981635543358
-3.986565498523293;-12.62061247023147
0.7207302663284738;0.9247425353715236;0.38338629951343617
-10.79644647378849;-5.112548503648828
0.7837505425679367;0.8282013456655967;0.35299867338624197
-12.300212671867342;-4.167915537694296
0.6933223492475425;0.3243325084322049;1.9202681066627447
-14.658724234502037;-2.9732901438103516
0.2684172931870533;1.9934046872886788;0.2532793902862352
-1.7979609038481401;-17.82023201390843
0.5026727428514973;0.1383371139162347;2.9707250128924696
-13.207749561575508;-3.670657471921149
0.14226977565627213;0.7561558889369747;2.70383857901516
-5.316032112979912;-10.503811826848649
0.46038612530059686;1.5432382025062126;0.02781635772147912
-4.651401125803417;-11.498526596758625
0.43265670752417473;0.17881634334208593;3.051991625051186
-11.934512123845723;-4.383044335076827
0.0924200777886654;1.0835302915804;2.463271576373136
-3.552348212532335;-13.437939708566095
0.46132988543386494;1.4121131466759278;1.1218778003244232
-5.235071040144952;-10.61905817403513
0.17696810294444223;0.6015782778151489;3.4068681089280943
-6.386795200193479;-9.110857991382387
0.0874284867615025;1.122604138995518;2.629969179926818
-3.3731152795623616;-13.798334099760002
0.5604282802424212;1.1925911867687295;0.46434374278781027
-7.298105412046709;-8.087186301169467
0.8229132517637312;0.2355591286373491;2.141673019138764
-17.43282463057507;-1.919883506783828
0.9960532853544358;0.550558732964411;0.28903213495296337
-17.694073276100262;-1.8370470609111964
0.1230312174371672;1.6052835043717177;2.3457964248748397
-2.059266033530002;-17.01069779800122
0.02446245776241284;0.4730752898125726;4.613440715472751
-5.534576481425828;-10.200230598591045
0.618571385255749;0.4103182814274582;2.1126426877735325
-12.918673425711301;-3.823604045786865
0.29272198038456554;1.9987846178724924;0.018947683804738213
-1.9116581989528738;-17.45840542708985
0.5149622181597061;1.2958529277572148;0.26507020207358556
-6.295611259650471;-9.2208246654663
0.5347704540083051;0.6667956931551868;1.2610752493271613
-10.064802389831602;-5.634605026355946
0.05381756814611527;0.3609461730296649;4.559085774888901
-6.358455779277104;-9.144877183388884
0.9648474005910043;0.5318264125618605;0.7612271121700497
-17.329812169314305;-1.9532598944926753
0.056566685646067025;0.06252780649596554;4.795221548304579
-7.968391529567266;-7.411730316809412
0.5567493481472741;1.17418758298958;0.9326970952980476
-7.357394264145607;-8.024972017790958
0.49992061786876607;0.6446321566678557;1.805701894131426
-9.767323424736748;-5.860023554970307
0.15651027085319272;0.14242184849128392;4.228914488718795
-8.654896726809758;-6.778311101443643
0.4093801558843552;0.7821808538167405;1.9815054577222833
-7.890025075479894;-7.4876510380082255
0.09808243603133948;1.0923622795973285;2.4474486225296004
-3.5615840518312543;-13.4197555347124
0.8190449184674067;0.7367735671888642;0.6311902868151342
-13.457110501711472;-3.5426315345060324
0.3310169385941162;1.7758494444607178;0.8027474878327431
-2.802099497899859;-15.0540707378972
0.23664275852571082;0.1050187099232484;4.219044510631084
-9.848587880437332;-5.797653002027426
0.0518718552487758;0.06285589881760595;5.0567977227790735
-7.914054777383676;-7.464288848904274
0.7418695142560037;0.30899116556397105;1.5843869761542717
-15.52864578771518;-2.6064192952867784
0.1834643566100955;1.4997487936453755;1.2290882729942745
-2.740270892276007;-15.201291776953036
0.3472804954609334;1.6823858823841205;1.096425273929119
-3.2302611131500183;-14.096334919234808
0.40578396131422;0.7525350594982305;1.9981628880153055
-8.015665626145502;-7.366304131713199
0.3490635999110248;1.7051324801262289;0.8524735479793142
-3.1630305928875124;-14.240088676233485
1.0107281520066032;0.5635146348377161;0.03130969931671902
-17.83177309118341;-1.7944147302530187
0.09988233478652958;1.0555676372339875;2.4939012226745008
-3.7129823973221456;-13.126815041592359
0.43829031162381815;0.16599269036328915;3.5550605913316042
-12.100668841224758;-4.284201579496941
0.5387813452907639;0.5488256417287297;1.6691832636905775
-10.875116635519957;-5.0590090981391755
0.36310240144056216;0.30288947339811473;2.6803266987617143
-10.19493018033186;-5.538461556018757
0.14052178253473202;0.2718708585035336;3.7359230894550777
-7.738034024658363;-7.6371342524331265
0.755498408574362;0.8644702386328155;0.4006590935277935
-11.661392798564986;-4.54960043488999
0.04651373746256873;1.11905445449144;3.1120961211221605
-3.0970829751832856;-14.383379750412614
0.6733623290200755;0.07817186832110516;2.449328785309648
-16.273766523758724;-2.3196858368492217
0.1272296329597749;1.6032070082766121;1.7230070625509413
-2.0885078895494296;-16.924733055477116
0.4196338542326363;0.8512957365084289;1.2435586420934053
-7.621490519221248;-7.753798827695966
0.4436968716520072;1.4884342231784395;0.5489707381787257
-4.743027019138342;-11.354472297757015
0.08092768599236393;0.007045184925470919;4.880091746889837
-8.562922222843234;-6.860010165191409
0.7306547301372954;0.345679303334527;1.6083440806970266
-15.068096510244464;-2.7961647839037598
0.45655362279307526;1.597303360395106;0.040256507287276144
-4.392545692070415;-11.918702954968923
0.8244191870865489;0.7276925919256398;1.1217004577778387
-13.6023113545133;-3.469707749791262
