200
2
2.0003076069375747;0.0003255833141253801;0.0003484931104077654
-45.69141009645969;-1.6882241602884225
0.00025573814401142343;4.000231769602768;0.00027864795824645157
-1.686800811522692;-45.68372403798489
0.00010526125497138761;0.00010526125497138761;6.000105261254971
-7.688078947982275;-7.686921074177588
0.00010526125497138761;0.00010526125497138761;6.000105261254971
-7.688078947982275;-7.686921074177588
1.0157174768185897;0.5320925999997921;0.006654869637357291
-18.18191043841653;-1.6891445484052698
0.2678042182986726;2.0345372983003083;0.00759692280988378
-1.6901789930798439;-18.178396471812434
2.0003076069375747;0.0003255833141253801;0.0003484931104077654
-45.69141009645969;-1.6882241602884225
0.3014053314155608;1.8505552879356393;0.7078125450738235
-2.3817712114023664;-16.10696208755206
0.7362133584348765;0.8988925561786676;0.6370758593691251
-11.170879317280598;-4.862003549678659
0.6658888475288804;0.0016172281630142465;5.152210238648183
-16.772709435610754;-2.140944299768544
0.3300885976977104;1.8020849948204878;0.5115079211674616
-2.7109605255499303;-15.27194631922567
0.06792557045791482;0.01669390124126279;5.035941020009708
-8.35706326597698;-7.046333629556744
0.05829366503158299;0.3549944549837443;3.9948490704863175
-6.433098770149715;-9.055577144276077
0.05652124498723677;0.3316181034772712;4.099331758441669
-6.533109424552737;-8.937441173083513
0.341194955145265;0.026120267271907537;3.754795105378757
-11.727672880950212;-4.508706807745367
0.25329711930407495;2.003951670198234;0.8935219142724499
-1.6941134041925907;-18.16504515168351
0.4692535501420487;0.13787291326835746;3.3838969264257472
-12.732003130004923;-3.9250270728317855
0.7833368413470486;0.8396955076730432;0.47279988662116323
-12.214377229572738;-4.217617304341145
0.12177184122580459;0.22209364266197673;4.189961169273352
-7.805935323049956;-7.569984885363997
0.09340395455479003;1.6586279955196075;2.2866268505201846
-1.7587438915048696;-17.948764842015173
0.08545853601064268;0.29101281870933315;3.8260648714433874
-7.041396381588297;-8.362449595156823
0.40044662279682314;1.5313663890608284;1.0952556783463452
-4.203488724257325;-12.238693302396328
0.05066237113394892;1.090539706627899;3.058775945299421
-3.2253639417337516;-14.106728549693765
0.02484135468469189;1.2952669815687516;3.422549633543513
-2.3882666820539056;-16.089693676246952
0.9894759553798397;0.5512413700518934;0.09691901569683575
-17.578265361940936;-1.873449414155296
0.46300113735542103;0.12822723062324304;3.504908590772013
-12.711707763450764;-3.936182278487176
0.33359532258179997;1.826350316310131;0.48881893786506203
-2.6557729519066133;-15.406529334518455
0.23772844314383976;1.2068365239756695;1.470172889022682
-4.19982816714067;-12.24500418170856
0.19014455823966728;1.3677236729941435;1.5902682730775524
-3.231636942568148;-14.093417064231046
0.3546744629492668;0.9150090367631197;1.6421491331542624
-6.598665471445611;-8.860926690956056
0.2796777639911668;0.334332154177696;3.2984536034753167
-8.975764074683928;-6.500506962832914
0.7239355457281913;0.8686466997366705;1.055716758910662
-11.208735050421488;-4.837266741504654
0.36390274723623806;0.9174139672837643;1.4278500350658692
-6.680604772499744;-8.766297973423914
0.4211344531787131;0.7337437484956892;1.7155798886580667
-8.29616607812847;-7.10238934164936
0.5178934739831286;1.2571858169050538;0.8372119371536473
-6.5188236800039965;-8.95421123833076
0.571102409668305;0.06243516657544988;3.556522557448917
-14.79213559321034;-2.914669412837575
0.13064794853266168;0.16852404004395005;4.318099400441054
-8.206351831072748;-7.185861403837641
0.6148372852135366;1.1240232914272161;0.2499082634046121
-8.279744227253518;-7.117580158255093
0.2952724018540145;0.3764766285435284;2.872287638830791
-8.910700147023011;-6.555950220213507
0.18492453848212465;0.08778028242087413;4.280520793788123
-9.318441174843716;-6.2156844348665885
0.9257117243772615;0.6025564095979165;0.5529742178754125
-16.115937596853126;-2.378400166130453
0.00730065850624928;0.09260724409009759;5.644026710139344
-7.26455232573244;-8.122617523586031
0.8917846924314949;0.6704338469090908;0.2207962367694966
-15.04881618460236;-2.804325267109472
0.8013768531932511;0.2699749105123566;1.3157882646385062
-16.79408269603954;-2.133515941423936
0.5970040863738229;0.46904267554212087;1.9052668682980005
-12.200385206768841;-4.225764737508067
0.41577554012750295;0.27806789343791866;2.4669061304176876
-11.038001165583177;-4.94968611059522
0.14238986071699544;0.20697089392557705;3.8915291046597953
-8.121502764934512;-7.265605662341958
0.23218396176339143;1.3254043302137868;1.24292039517942
-3.693183456861946;-13.16458393041899
0.5799297067121195;1.1919733396555674;0.2791059426887987
-7.511904709985685;-7.865157898530297
0.17622562497753783;1.3517896122040485;1.770294327400037
-3.1898161698931085;-14.18253815463181
0.9127499247729;0.6064750050820685;1.009887495607352
-15.878158215970348;-2.4688849268693014
0.008969930610498804;0.004323434833369076;5.847321584829756
-7.762575752199527;-7.612795061935612
0.2893397896112365;1.8917018244488213;0.5386414658427646
-2.1899050677143252;-16.633149765204152
0.7736556146495368;0.8614174762988945;0.14341838028747939
-11.930365881905656;-4.385534598903686
0.05281609711973059;0.018854983670239085;5.372833466435131
-8.172304942404898;-7.217755626143453
0.08638573702111;0.8860060994401758;3.10487270763249
-4.273413191177807;-12.118994070555317
0.18500703035588467;0.10979660962904092;4.057713283775615
-9.186409102803;-6.324017140892986
0.11586695794389515;1.5616329053184517;2.3896820459493577
-2.141686880220057;-16.770575763957336
0.24824510436976754;1.1292965250631517;2.1751756864857166
-4.607509094199174;-11.568378573758956
0.023411154168827476;0.07071981494105806;5.3259969569547225
-7.556634804503143;-7.819507377140576
0.0009733435542904384;0.0002809225060592002;5.893804184648107
-7.69666448008558;-7.678341069457841
0.28566611514463236;0.3876210574230039;2.754237719258855
-8.73166124580033;-6.710838344271464
0.16392023861763164;1.4025022631475446;1.6732608810416099
-2.9317581315826264;-14.753037776617722
0.9004764406998431;0.6546560036265359;0.3961296864961311
-15.306129359744801;-2.6968637042401458
0.035560739701580184;0.433840484194898;4.624221065152965
-5.824110550082552;-9.814019602791664
0.02024303264704006;0.08910764371261368;4.978940044667383
-7.422445376585974;-7.9572827391898455
0.11194910955077902;0.22392795865827572;4.3735859344624135
-7.687336433322494;-7.687663568446388
0.7517116822701715;0.8723755409372312;0.9621666794587361
-11.556484385491338;-4.61495832585711
0.2151253603602174;0.542289198381968;2.9829184551934507
-7.083840993338282;-8.316264247615146
1.0078857853406242;0.5219981432885877;0.35702936396464424
-18.13461290304405;-1.7031052017247823
0.044977699198126136;0.01309205423749347;5.7509096673327225
-8.116156366548442;-7.270659580802095
0.7121134697063973;0.9371534564001333;0.35916030298157064
-10.603644734423725;-5.245836421284447
0.4847763320604254;0.19914464515293637;2.50736928999262
-12.518272620013597;-4.043784411366536
0.1471118363952892;1.5096332144527818;1.556876816016398
-2.479967874821409;-15.849472833105645
0.03243953462173047;0.03845083140111088;5.292831696602369
-7.833553759888376;-7.542843143622528
0.29595365884128433;1.9634293166498007;0.013378268538743826
-2.0252015993312957;-17.11194358797085
0.6715854386328554;1.0478532626856232;0.040823162575944524
-9.398959373671754;-6.150465613290792
0.49191038363118783;0.6163475698557949;2.3338562429824203
-9.84363913654841;-5.801433965076021
0.00016382154326374449;0.00014353229886473394;5.9598081723625915
-7.688512643228926;-7.686487424564638
0.010759965639785016;0.7146393140956842;3.849245525134163
-4.3557578733467635;-11.980071084324019
0.2751963318470122;1.9339397396146438;0.7774753441046325
-1.9921935937250894;-17.2112114288519
0.00605329103120208;1.3814318946166704;4.660651191281504
-2.031262592553375;-17.0938410306503
0.8258165811226887;0.2143453939490111;2.0085206649805687
-17.658378854524365;-1.848213403264334
0.8700247802769577;0.6603819660399178;0.9643877619781437
-14.79135388447063;-2.915010344816655
0.1357541638728124;0.15155702730571613;4.573722639403922
-8.361620466896724;-7.042156162057727
0.13886557815902376;0.1466162516185574;4.706855235385584
-8.425823094081553;-6.98355914238716
0.3150359724930962;0.9813365764605088;2.3618628148449754
-5.878931368216047;-9.742842314433528
0.4400929299733235;0.178736122744569;2.831999458961186
-12.037505288432294;-4.321558179209434
0.446932610125771;0.1564086186914322;3.129946430328242
-12.287353547765193;-4.175330930603981
0.1260141132876995;1.540414816514887;2.148305134598638
-2.2613137604687186;-16.43356624980309
0.14462919892181741;1.4964708347815352;1.8155297331412017
-2.5051934647390923;-15.784530271055996
0.5371679459076185;0.11050944579515773;2.5528326443238307
-13.917506871158132;-3.315415964937261
0.14855578256739843;0.11859875232342529;4.723508747518705
-8.701187294800372;-6.737546353875285
0.6341325620483421;0.0014923496292611454;5.680908463944551
-16.25946352170272;-2.324963002561066
0.346687240578132;1.7194294372306453;0.5878365469466114
-3.0969865144757036;-14.383591031293896
0.5141715295930352;1.2718406440024221;0.8023225696817164
-6.407554357321463;-9.08602779030133
0.030613374605342948;1.4358221933164288;2.599355492367186
-2.0167376923746785;-17.137287577537847
0.20132229905093904;0.5910481150319704;2.6588000806200864
-6.686776542076121;-8.759215228307134
0.6059106429058961;1.1542241698581768;0.054485721366128385
-8.00760156551106;-7.374033290021289
0.12695953802181373;0.30675950771092636;3.698992131392359
-7.399669737048642;-7.980914485388931
0.874754661119468;0.7078062151082106;0.59632076285295
-14.502012452624795;-3.0432782741868185
0.37139466907609053;0.02511055147042027;4.239645924010904
-12.14979616760269;-4.25532951410332
0.3926927349769064;0.25227386963018916;2.697651828581162
-10.903821780179545;-5.039594176619685
0.9339627127416218;0.6122986805087739;0.3032005184808121
-16.17004562005476;-2.358151425335599
0.6843813981066829;0.9725092359427131;0.8638088589512436
-10.023911465515758;-5.6651223025385775
0.7601226689228585;0.3128788973854404;1.3622393798001975
-15.78574914408124;-2.5047182990181973
0.8178679181019892;0.22695076719143972;1.9216944003899874
-17.420493250241627;-1.9238574911037005
0.09635962763953485;0.8198865371454592;3.4548124623895453
-4.631418749178532;-11.530258849708819
0.7277287309263184;0.30482658327414575;2.192805021171852
-15.339921250920014;-2.6829815865566093
0.6324098043886394;1.0687199062798272;0.4228867033289508
-8.804503457055572;-6.647406729583605
0.5266252459258043;0.11369686451659276;2.6792548386054893
-13.737805968980974;-3.4027160682957986
0.1209500053552949;1.5870529630914816;1.9595451936684933
-2.098595227204125;-16.895277703393937
0.1510238412271544;1.422785315662354;2.1240410694779412
-2.779495859844522;-15.10760982513302
0.7030958468042928;0.9060492943154003;1.1616697236423883
-10.688425615683265;-5.186859223458224
0.3654802897340067;1.7472326660108173;0.013535971059912394
-3.1308124779006428;-14.309805429871485
0.30184519860006764;0.9834905263614578;2.095058700972591
-5.742847427723683;-9.92064884849823
0.03977457795727159;0.035906571593145795;5.216824810490387
-7.929438888933935;-7.449370461398566
0.7666377855880039;0.8308973382744459;1.1709447725208426
-12.043915463012512;-4.31775490109533
0.7716675792021793;0.26551548509204054;1.8689977032519047
-16.348331320721748;-2.2923149142862496
0.3699382750037729;1.681570146156574;0.3720091922512563
-3.3949720502084335;-13.753601607847745
0.26057864126179864;1.1630324364522333;1.5306435832122185
-4.569190366623413;-11.629817059838407
0.14418751822316192;1.4725394924959194;2.002774565185459
-2.576840950698459;-15.602649967244009
0.15441373579555195;0.6363414349348411;3.5858552137337405
-5.99343859779457;-9.596092194575675
0.11105736395057421;1.6253794417236065;2.353787228527226
-1.9386959310357057;-17.374607783082745
0.4228705941659112;1.576731298711739;0.2091525747342092
-4.2014009343837015;-12.242292148562784
0.17207600622813776;0.7985719818425141;3.2030372396085536
-5.394687676952678;-10.393307340201302
0.2644424377194085;1.1458463789610485;1.2776764926338853
-4.67485322745614;-11.461429766200684
0.9714691856092391;0.587509970877194;0.00820363152315656
-16.9795423503288;-2.0698299465746697
0.1116064229595788;0.21186965200079133;4.448354573812977
-7.7500162345992845;-7.625241101497255
0.5089817959481362;1.2877840715429385;0.8568351975192862
-6.276290453180093;-9.24431572929342
0.3800848208832932;1.6154323672450797;0.9327123354269089
-3.7150293394611875;-13.122919319724613
0.6773801161437607;0.9980287454447127;0.18919192814007507
-9.77678053134053;-5.852734176069633
0.03350102881672749;0.026811792307362275;5.577545243526208
-7.910161716720491;-7.468068798133473
0.8358527162542054;0.7861395568322803;0.015839719230945036
-13.342339236380749;-3.6011146039433144
0.06207374739655263;0.057033878923376816;4.843805028772341
-8.061129124718615;-7.322879350151602
0.10259458957676479;1.6097875455508848;2.4245803635462826
-1.9351055557006656;-17.385687586071572
0.28287335556087423;1.9076641408778616;0.4139184141833638
-2.1076965246246306;-16.868788251941872
0.9989383928440659;0.5339637298101498;0.12912292552668633
-17.882063242498912;-1.7790196278411106
0.21016022512093677;0.5066032730652618;2.9998827521043037
-7.220389199985736;-8.169500251043008
0.9384369032276969;0.578998308185334;0.7999373126775292
-16.510296049495082;-2.2336655685244273
0.3464367126273378;1.7105369010575906;0.7569361884163859
-3.1259898330672375;-14.320288066899304
0.8031973023490095;0.23019601719345248;2.0472167379239323
-17.150514783524677;-2.0123303209744483
0.31205285647303943;0.40898254992169986;2.4059610313748703
-8.916955371903699;-6.550600578635529
0.950922783510662;0.5874339600074447;0.44566131906025513
-16.644441711229142;-2.185914034076473
0.09916039332101134;0.8156799286173978;3.6175551228968352
-4.673157029316009;-11.464107591045133
0.6579934944139795;1.0249452473800242;0.4545530613567379
-9.372934873228688;-6.171475717301404
0.10027262150551026;1.6778335902543073;2.2232129345356597
-1.7447949510627248;-17.994966770738873
0.6446718540147073;1.1662065545412281;0.03727843955589295
-8.379917102754199;-7.025408414384148
0.09613173992908465;0.34162560521769236;3.6742658989009405
-6.888317355014537;-8.531300733969292
0.5483057174422931;0.1050827860653515;2.6705363720053543
-14.124036629935087;-3.2172214929235072
0.8778159570566315;0.6885776949036341;0.33181996273047754
-14.694902912386029;-2.957306501080112
0.812242306749639;0.217270855708892;2.326198084708113
-17.407426227961658;-1.928074892267416
0.48010721415238505;0.1361456699564104;3.1577344036059136
-12.898967489401786;-3.834211147569829
0.15757361504394515;1.5967756062203327;1.353133587448916
-2.2811152257794483;-16.37902736323631
0.21085220291448534;0.04552727609763873;4.559996561028922
-9.89798344645523;-5.7600350194105765
0.3654088605205633;1.6410269661144226;0.9454478487448761
-3.5098300219137717;-13.522131717720027
0.03628030754773438;0.036630737025409324;5.239352186941198
-7.886405285523457;-7.491176626752801
0.12498181151313714;0.19440849046897943;3.9369259534077767
-7.996139601818581;-7.385033143688337
0.6817462557014606;0.9561715793595139;1.1983673300211488
-10.09367546791945;-5.61314521544197
0.4289968157897151;1.4932576519583396;0.5279893207716714
-4.597108263503974;-11.585012487671978
0.17351276854855902;1.3340778983585353;2.2126107388314793
-3.2329843769339446;-14.090560350809536
0.5642558066255401;1.262817533868752;0.015428239679974393
-6.966855516915766;-8.444220643710155
0.35114467895696905;0.9165041018742601;1.7576166478262114
-6.555206864748215;-8.911569048311756
0.041763621449339705;0.06570709143435166;4.8781061876704115
-7.785828390852014;-7.58980672474441
0.04573855267436851;0.458306064653894;4.515403867126003
-5.804504209206541;-9.839622761563268
0.2261920420208846;1.262773234398715;1.4888849312542585
-3.8870902480530507;-12.801370901979455
0.20571825284301545;0.5106054578402783;3.2749061375363593
-7.15190524422301;-8.242763717919733
0.29072740166819755;0.013249636698047183;4.478004476063392
-11.135485527905425;-4.885228694883599
0.3834830873242198;0.009609823763563834;3.6473628727839933
-12.426548572092473;-4.095628712358838
0.2588995521869004;0.4198556479431607;2.930545355372996
-8.235781931026102;-7.158403910289059
0.499490079785161;0.12586853612053953;2.9286937368003
-13.25193783597692;-3.6477099780293103
0.3723774957215325;0.8185554198304172;1.8581600028801784
-7.28704414709972;-8.098848859360594
0.15051463438200413;1.4593712298410209;1.9537904695266712
-2.6583753128681695;-15.400136884715309
0.009685478375119953;0.06084547385142564;5.5443300287435955
-7.461110291512254;-7.917329979625299
0.8441414191034095;0.6882844812957627;1.1396831824386673
-14.18748767683562;-3.1875057508140032
0.2223235907380537;0.045845547633155195;4.350898674284909
-10.039951729292044;-5.653133757019572
0.3093397983735016;0.9939610811321091;1.6856134583551208
-5.764288028404206;-9.892384356640372
0.051496860726344365;1.062533890868619;3.177469549316006
-3.3307464049351356;-13.885688268510368
0.8568435373145424;0.21868827888790032;1.3343528749157965
-18.14501477584411;-1.7000280226910771
0.04417387084028966;0.013733863428448175;5.708573395178914
-8.103443561214547;-7.282690900441102
0.25875302754974266;2.01597329861977;0.5469829427836216
-1.6913342405417147;-18.174473919264845
0.6475407117402673;1.1008432653537643;0.1786477999081336
-8.793538331769717;-6.656918592375244
0.29609730991235444;1.0201840833981464;2.050685067286635
-5.516732931275972;-10.224617030583786
0.6932569178602338;1.0222550936817854;0.09010580274601292
-9.823607512364356;-5.81676134993885
0.2616362834712029;0.051917770975774394;3.943281525123488
-10.502126721497218;-5.3172239658642715
0.3115701078390274;0.45197280789506483;2.435680709122515
-8.658219024293594;-6.7753775386807025
0.9598373743666823;0.5828934563830908;0.2858678783928793
-16.826781331504176;-2.1221871156511627
0.8467654441956152;0.7630695249759992;0.01287227376050618
-13.6707958475923;-3.4357208500247602
0.022395488305695977;0.10664150092449921;4.780102865180951
-7.351147603635716;-8.031503371079896
0.07958620453665549;0.02429611796323445;4.7951684447542835
-8.447511215009031;-6.963872012798189
0.6222904736506614;1.0936586464717992;0.43389708317390546
-8.540350195450056;-6.880204886325298
0.21970240190450138;0.4886941005558225;2.9942006217374737
-7.418838302666287;-7.961020566881306
0.4387928090334441;0.18160605937562257;3.236705622796749
-11.99977511891805;-4.343999973314128
0.8578288381351551;0.7403267521886032;0.009979673976309151
-14.003090493919464;-3.2744503290206883
0.03960741167729282;1.4146894316928083;2.714007894196574
-2.125882083655905;-16.81610277537635
0.18743624481496918;0.647704624290711;2.5990181031528032
-6.261360633069305;-9.262514114337803
0.8771482755338613;0.6697463385700446;0.756174854975332
-14.82877533216599;-2.8987229946915294
0.40668393853208834;0.008595435085388575;3.6016882909006025
-12.761407114251837;-3.9089102524851675
0.6641279733982697;0.42237773548066665;1.2621332730115147
-13.490445495974145;-3.5257851714995447
0.8437500764872498;0.1968621160559976;2.255265285342401
-18.108010960160005;-1.7109925540564845
