200
2
2.0003310533904375;0.00034902976698824087;0.00037193956327062616
-45.69172663770469;-1.6882827905519342
0.0002536896883987929;4.000229721147155;0.00027659950263382105
-1.6868059315199864;-45.68375169099392
0.000130300759880134;0.000130300759880134;6.0001303007598805
-7.688216671157629;-7.6867833627989475
1.0107546759261457;0.5252136117063295;0.0007966889676707352
-18.156027512781744;-1.6967743711761618
0.26684018513544566;2.0338542556475607;0.00669495452129962
-1.6870653167944505;-18.18897805593782
0.04094263594630233;0.02656125525106585;5.487103484744931
-7.994842838345818;-7.386278655288889
0.25476785602470703;1.9673786254616537;0.8756521930249062
-1.7946699364189693;-17.830941983953604
0.3172205470606864;0.9767228139239817;1.765282362032687
-5.922107316796683;-9.68720623462538
0.018618579126029485;1.4310680963031635;3.3603274264317124
-1.9641945245873473;-17.2963348431495
0.04867962390356754;0.3371295100668444;4.673618903345856
-6.42625333623569;-9.06372622109249
0.008475783401753126;0.1331325369119246;5.391978830039801
-7.062002682219032;-8.339993353411634
0.18476878771249453;0.11798015127671829;3.9820502165681058
-9.134346970459601;-6.3672153048286235
0.8567715656235029;0.6917158454276238;1.1478670063328398
-14.351681074051605;-3.111580930038404
0.49671026341748625;1.3631458914573564;0.931838000031922
-5.7907073398220446;-9.857686350668265
0.021591795135854665;1.3035819602969319;2.8258744868856405
-2.3439130160235138;-16.20829508630096
0.09848491460431774;0.23872281748055463;4.4050319548525945
-7.459601876534079;-7.9188847475251904
0.08942146046352076;0.27690083966217266;4.0601073092680275
-7.1577968023834435;-8.236433908469888
0.16480384346893773;1.3843387003851912;2.126276921807343
-2.998936936767365;-14.600978084687837
0.3520678780750817;1.7842437187142814;0.18615428728290626
-2.9135394166917608;-14.79472700489706
0.02288511023841281;0.033504551732136054;5.619465510474315
-7.755111624725547;-7.620189268533962
0.06570830846340064;0.010294757267692833;5.336448422134769
-8.368340733012376;-7.036000276762184
0.14367828017987044;0.14744651265516806;4.242656780779114
-8.476580083823846;-6.9375695590735456
0.8087105637850422;0.2708974820327648;1.5404743364430478
-16.906505978446376;-2.094745877535855
0.4706911274368438;0.1810919202542154;2.790504800543541
-12.447138233322885;-4.083944552508692
0.6731249205054953;0.9574227723429736;1.0647324895531525
-9.977235367003058;-5.700137611654869
0.16761827816748837;0.09014058222222952;4.55068762321931
-9.095599894146385;-6.399544178906168
0.5818482548062709;0.4953263008032321;1.4996470152133703
-11.810254884475004;-4.458182587572597
0.1146508213700677;0.20657987158320237;4.763430535810146
-7.81298602024764;-7.563046537521376
0.07544038807197917;0.2974297436061363;4.619115423755955
-6.902957278822251;-8.514995920906209
0.22158840434936128;0.15268972219008647;3.8325474668210218
-9.369561723225774;-6.174203771630778
0.12091737987721529;0.19202422108747502;4.184360922467681
-7.963939052430547;-7.4160231270940375
0.009693426493175858;0.14585078029193532;4.981713160950411
-7.0079415247288415;-8.399044725090262
0.10213531234712296;0.7749749997909009;3.5209395782019213
-4.8743294207228605;-11.152077546786067
0.1970218028652539;0.5709333181064606;3.2555742262205243
-6.745896552276706;-8.691683388412189
0.4833782378091476;1.4064162771976487;0.13132829061561563
-5.462671832438353;-10.29892964981124
0.6053513539410228;0.0966839682298159;2.8838320242918147
-15.055640820383607;-2.801434684209079
0.6420680814840651;0.39341503034191133;2.363680693213808
-13.379850365551139;-3.58191790666273
0.4364729190256475;0.8225511961270814;1.315004604191416
-7.967210150517845;-7.412869089351495
0.3781226394603253;0.016170000047245184;3.7505800162354155
-12.305625452203278;-4.164797384595819
0.05739966430483319;0.4602674150139888;3.603669362710062
-5.906773723500092;-9.706922673947636
0.1999936547881278;0.1537706009878055;3.673662016053936
-9.102314564824605;-6.393930770351654
0.5571540478766637;0.5710277809097243;1.7051910820385519
-10.97069523213638;-4.994611768856748
0.9361281742662741;0.6213337137767425;0.6233117395828686
-16.132381929301342;-2.3722329469874754
0.21463691598042794;0.5453853205475426;2.9889636722653146
-7.062368690555039;-8.339595065008593
0.9934559689279118;0.5551106507798808;0.5215542416523269
-17.61246200459001;-1.8626478467546412
0.0627573701915984;0.3626191673366267;4.102107111712237
-6.43964416103705;-9.04779285752478
0.8020729890380445;0.25479045220000807;1.8731496238806362
-16.929715727530763;-2.0868049428938695
0.24730863146859167;1.2334721917870217;1.467205233561374
-4.169704497211589;-12.29710871455981
0.3574993736173862;0.9260505894288771;1.2039929223239887
-6.57125774802595;-8.8928280121611
0.26345752253092225;0.4030682635677602;3.206391054589793
-8.383995323503909;-7.021680727068979
0.022109251161762326;0.06317188050270986;5.1929018689282165
-7.583615650558885;-7.792102810529921
0.32273859193805726;0.9488604900724236;1.9696449436846126
-6.110933246398904;-9.448149614558302
0.7092728198869057;0.35285455908688057;1.6161692692874778
-14.6844984232338;-2.961896535677559
0.5913632528766426;0.4786829905962547;2.081127880438971
-12.055416604598335;-4.310937937871
0.0171412721612694;0.10117813759213419;5.05646951420094
-7.3240492574161165;-8.059900783381666
0.28579899633779515;1.254450671849535;1.4190206557264122
-4.3980980459983385;-11.90947751691173
0.05715704384970791;0.007627167988461736;5.687935022233205
-8.285660157247658;-7.112104040427165
0.6930094608868421;0.04086619244869395;3.3232914930732944
-16.895275876497916;-2.0985958539230243
0.1783059610624448;0.1145844575710563;4.140700901847617
-9.077228348644441;-6.414926238552273
0.04221803781806266;1.1899101994169954;2.917348513673858
-2.829465357554297;-14.989680719143868
0.36448470776936615;0.8771572385161018;1.9146025306271237
-6.8944266045032405;-8.524492657254305
0.02657434254254101;1.295863430660367;3.1101204094414197
-2.396908838206178;-16.066771039534313
0.49675382426415937;0.19107837301080252;2.6363031136139305
-12.744753757553907;-3.918031726861227
0.6926187803631427;0.04061051062273156;3.5695470838684256
-16.890970679439736;-2.1000731283006386
0.6586566557154891;1.02090155103751;0.377037144051064
-9.40562461386363;-6.14509524953548
0.31356155100152566;1.7706584715236775;0.9862316645745162
-2.7057286089812314;-15.284617673708118
0.8128309545632763;0.7474348909909054;1.0232674246954252
-13.289031295129488;-3.628534095637371
0.9649956185807448;0.5183070851062868;1.1644612740773386
-17.444614981467435;-1.9160893088602016
0.2986928345941066;1.8244921954557118;0.7431324999772628
-2.444204532337045;-15.942376321279529
0.30874275841343873;0.37771862013700286;2.510201101827344
-9.063706096542605;-6.426270232953982
0.8299398409114013;0.25995902616813515;1.2664123476408777
-17.346841448229263;-1.9477142360279234
0.27785171016983345;1.06682918301144;2.3361517774277947
-5.137557850572049;-10.759941239961554
0.15274550517326968;1.4589725740362542;1.9447781531499149
-2.673871117478638;-15.3621683180655
0.2402981603442235;0.10944490510426685;3.9211334406392484
-9.866586159003132;-5.78392058757715
0.0015496060791338458;0.0018897709662670675;5.92934954546904
-7.694153389304;-7.680849536191994
0.11338424257623089;0.8949717653132294;2.5939271330060083
-4.458877582733388;-11.809113664501831
0.08722803030663334;0.013600819916362635;4.9378687511966
-8.59807823229263;-6.828670584626687
0.5254639588398411;1.2744259479846882;0.8257789572985539
-6.508212202872685;-8.96669053622775
0.3073273045481329;1.868432337079344;0.12959358541295798
-2.36368108727948;-16.155236095093336
0.885996507521789;0.6788737512205664;0.5596447203590065
-14.894565675967527;-2.870253773914399
0.9122749540264092;0.6261713980389745;0.5907380456068102
-15.714692858339143;-2.532529248186859
0.1911516049739339;0.08505924291452464;4.2959269285955415
-9.410695794621105;-6.141012157254332
0.2598839794452563;0.4247392449711785;3.047231256610651
-8.2191883830255;-7.173872529912826
0.17360338098626005;0.11879956342595324;4.30021062348554
-8.995909440354009;-6.483430256341772
0.6954154124974761;1.0384172406537129;0.025578011498482683
-9.749970048305055;-5.873420620551424
0.3268341444962233;0.9618217100242749;1.7022300098915322
-6.087614715218563;-9.477302346568676
0.5131491879248518;0.6143653334014555;1.4158792412193963
-10.122820564926034;-5.591557097995307
0.9485016445552351;0.5928905099621384;0.6725516533076714
-16.56083042605381;-2.2155898554221607
0.7493442620703837;0.8387529878933302;0.6021669896751818
-11.7526603613631;-4.493369462641287
0.7192637411784428;0.8912391422191748;0.7016987631711399
-10.9971103980081;-4.976938656493281
0.42781006034687746;0.7578942346257589;2.2056629589949783
-8.234542722181752;-7.159557975433797
0.1581931180087214;1.4735128497387338;1.8226311484698061
-2.6622456247150015;-15.390638375649202
0.01956162761243648;0.04874471638655045;5.7625224410875004
-7.63467453612566;-7.740510608904112
0.6154834042754601;0.441223150071274;2.040239674215966
-12.654785167746873;-3.967604924470762
0.010120727799835473;0.09540703030036077;5.566592888870352
-7.279739202766291;-8.10656052447388
0.20908979776383785;1.2850386018441087;1.595779511314657
-3.671220002091532;-13.206669071572295
0.6245887187586161;1.1203248097992067;0.10141461082127548
-8.412792452118978;-6.995413547220701
0.5553185714691046;1.2059202747604916;0.6292333763781767
-7.17252165018731;-8.220636100232415
0.40644441352490884;1.569349492243803;0.5658906572505195
-4.099199079418807;-12.420266396552647
0.6199539354555094;1.0883205100046405;0.7068387132541143
-8.54420921297164;-6.87674824300148
0.37146822921870937;1.6674158857094834;0.2965429339817555
-3.457525361452929;-13.62679906144564
0.12693511716078418;1.5931143807804362;2.1849299469430914
-2.1152320783005685;-16.846917689348118
0.008524723216282386;0.12474228984579346;5.268295550074442
-7.106787109749669;-8.291408387295185
0.6821402845994706;0.9867918271312441;0.41930095559942465
-9.906185831760187;-5.753809669015518
0.14684083800281947;1.4788543482451302;2.0208956633155277
-2.5736845657060945;-15.610583960340499
0.76153161006323;0.2800034270168132;1.6712107858069525
-16.069526511348855;-2.3958687871427404
0.5500063221846986;1.2956079221905923;0.08134265683120731
-6.649983484689376;-8.801531540722525
0.016940167962171633;0.07635146285803013;5.874986031515177
-7.455712598487739;-7.9228949947582965
0.6655617668500791;1.1139187286461063;0.055167770521371236
-8.929304355135852;-6.540051499541285
0.2326550904532674;0.4673413505621248;3.0360732603684895
-7.676332692544424;-7.698675558755916
0.0532611060990702;1.2020271348296294;2.4077426793888144
-2.8623539610366353;-14.912908109983015
0.0935879026046652;0.22162616766420196;4.6491581757923255
-7.499209833971478;-7.8781638209750655
0.07173900839627295;0.31315286863572694;4.361865111431868
-6.78307787021051;-8.6495012404855
0.017436927493931546;0.05890705008230343;5.798783130688733
-7.555895021447025;-7.820260167485869
0.2503535567373359;1.994524440426074;0.8039027327409324
-1.70299490806752;-18.13498550453295
0.6326594998106416;0.07866632204965371;2.7012197004858667
-15.62223430383188;-2.569054850543955
0.9549271182417575;0.5962974875188851;0.47635569436220376
-16.637493452055992;-2.1883692134450636
0.4600950918963965;0.7112829068133016;2.3156958144463173
-8.880132273762188;-6.582152226987784
0.25650498534040933;1.136150977434489;2.2592155948795463
-4.648529177152793;-11.503080251443162
0.6314135482336829;0.4166500223500684;2.3132278676293954
-13.057489548406844;-3.749541733116575
0.8382521783969034;0.7633748822876499;0.736830033664887
-13.543517546995751;-3.499093327428028
0.2702372312363924;1.9307432531647932;0.4895576159548744
-1.9738689615661726;-17.266825659178267
0.15698785757170458;1.5133556208942747;1.3527535972892808
-2.529422676689195;-15.722601639948714
0.9196744091293388;0.6465527727006672;0.005618856372406327
-15.670640656867883;-2.54988415572977
0.019649266957487657;0.05345339930561747;5.7128271006296965
-7.6098486005656945;-7.765552119862759
0.20069450799297336;0.07071983003236135;4.450010345161282
-9.615522633283925;-5.978161587794488
0.6177698303057431;1.0960300027974061;0.3371826826901973
-8.474266062600842;-6.939659826645962
0.8681674263004354;0.7257594123582156;0.009940911693281531
-14.266927641756238;-3.150597799087033
0.4531024140792125;1.4918356123859995;0.25041796972011326
-4.809494102183344;-11.251432728686664
0.16211670494544034;1.4133541388352222;1.8847165008288815
-2.883519953022375;-14.863847971410133
0.1069723743071585;0.7871634474311329;3.132043670837122
-4.863376833180757;-11.16878252016573
0.10987963269758609;0.010198526980927136;4.800168841383623
-8.883999764363072;-6.578831641806376
0.4224941748913116;1.559956882818878;0.005281727921011782
-4.266353071532612;-12.131006934931417
0.389141507735903;0.2863635543308203;2.9471644561777706
-10.635041792524659;-5.223927719973817
0.6506691379974615;1.0304966851601298;0.5111217087632648
-9.250483916917286;-6.271226417734558
0.03521300316715898;0.04005253956930956;5.088643139477098
-7.855476614690871;-7.521368480275779
0.021957515954325886;0.039514189601932245;5.847979584286404
-7.711724000099966;-7.663314734726051
0.15196240625941554;0.13961886466337;4.361492394388712
-8.618179157705717;-6.810813731295647
0.3693274181440109;1.7082205924655152;0.006333618664835047
-3.294946096575821;-13.960169414528247
0.7342823969883685;0.9221983915798534;0.3868134418455768
-10.991031458850975;-4.981001032485253
0.15050570286601372;0.12921799547814536;4.515223432531679
-8.66187673220301;-6.7721492194103075
0.8965625964625906;0.6389613650378733;0.5894319039172844
-15.367495194983679;-2.6716930882232894
0.2732134086467045;1.9950541501419388;0.0029992290535991997
-1.8185708188089313;-17.753471480142753
0.006933563478719205;0.15454690864831855;5.136314039881207
-6.933552001676754;-8.481029600276434
0.62601529242773;0.4357491924521359;2.1571308021895526
-12.843362969802191;-3.8642676533656273
0.2203829384596253;0.5250454442529137;3.171916135615594
-7.231065425134802;-8.158140665805098
0.365299949360563;1.746760385505888;0.013280938815639732
-3.1311994575864532;-14.308964812218836
0.5260677692859769;1.3483726335494794;0.2000595004005119
-6.145952394064331;-9.404560438817116
0.5960161981279883;0.10439552140770489;2.961161208915452
-14.85245678319521;-2.88845115986422
0.013929489420042889;1.5008282460553266;3.4207567100513763
-1.755807492476779;-17.95846943184443
0.23184224642767687;0.056676648301327244;4.45847599782925
-10.091698530575659;-5.614612240481369
0.3817547313479943;1.6985792185423956;0.013005234874429525
-3.418971791143421;-13.704739105453898
0.3121347830043128;0.3033636984186621;3.4853625060778306
-9.555462847598468;-6.025498304108868
0.3667729735771289;1.6491717740689977;0.498633883291842
-3.4899286068822315;-13.56181270294437
0.2423923722442195;1.3377478057163048;1.2268506963040102
-3.72374914706595;-13.106342820572474
0.7685811522851557;0.27903785115883356;1.646748574905384
-16.190061634035057;-2.350692646508802
0.059346413964774886;1.1083255334568347;2.7353830984279854
-3.223893011449187;-14.10985277224932
0.571309617700368;1.1372501169703788;1.043197226913243
-7.717058978799683;-7.6579986760657555
0.4752097756663928;0.15352253581018638;2.7524798011759053
-12.705478438723121;-3.9396112679745303
0.02083045553412499;0.07133784145108263;5.27497794685456
-7.525157603091367;-7.851603837302528
0.00641293291028725;0.15141846505192494;5.162537835583484
-6.944448612789275;-8.46896720433413
0.025676044930218765;0.07659266897259177;4.864509249558012
-7.549313901717068;-7.826960271950766
0.019326750797056702;0.5053252336133647;4.492000262247247
-5.338587979359966;-10.471977031571729
0.820163717424376;0.7615708235035348;0.7722040337915399
-13.292874544381624;-3.6265518195842343
0.3007081614912715;1.9276188774878942;0.008735736247353841
-2.152199165797087;-16.74042726535595
0.3372722369488591;0.3713013770272294;2.409803810432888
-9.447293408587292;-6.111619343011917
0.6033958503118939;1.155891013666332;0.28706391914155543
-7.970044658198748;-7.410137101666734
0.13245988466278605;1.758264239432218;1.2487934442528987
-1.704183120811546;-18.130972291984648
0.40557024269385195;1.5946542606863028;0.40398021690373204
-3.99206807194037;-12.610719600224957
0.30038633064221154;1.853460421579475;0.45640601991973223
-2.366943943170248;-16.14650930641582
0.7338605501767888;0.32644149523211236;1.47567685061619
-15.267056965234264;-2.7129813088981494
0.07762408850986695;0.012696258543829506;5.123406894755974
-8.491856601078634;-6.923785497843687
0.0004908860652054236;0.0004157854654764982;5.9596188559815415
-7.690613246998045;-7.684387393683765
0.29047266034217967;1.893139123139383;0.38180692037236136
-2.1922866616987435;-16.626418488704005
0.5357749709762707;1.2748091810596327;0.2659375220352997
-6.61088850319339;-8.846740133371398
0.8434435574370761;0.7368430869212114;0.18977373433922504
-13.815325808790224;-3.364841501307873
0.8888730503467983;0.6606039954167516;0.5544954462555906
-15.079788062405028;-2.7912249043597344
0.7893135037261929;0.3027405057752419;1.208519144048922
-16.332762124386235;-2.298010605937649
0.0914560492627676;0.3689086491153448;3.7165868567558196
-6.699113688587355;-8.74507574507526
0.5412201659709734;1.3026044046007705;0.15190815564051338
-6.525069819266191;-8.946874618513249
0.5688914987598761;1.240661989529588;0.01140927763527466
-7.132249630942864;-8.263918543051055
0.11692708685037054;1.6174920543353366;1.967948518217036
-1.99194544123672;-17.211962128217273
0.9849424765876977;0.5145278736872037;0.5402636733607485
-17.81002816600145;-1.801100291631344
0.15707319860993854;1.487643923321233;1.823004160345844
-2.6103600502085444;-15.518832837323462
0.7233613742529124;0.9029479050685711;0.535587569419864
-10.973952719260103;-4.992429441450316
0.7585284036631236;0.8305761745016477;0.45123213947604635
-11.93439913977856;-4.383112178707966
0.8928635907749258;0.6840704985823856;0.22822290973806977
-14.960259203447942;-2.8420356908058166
0.3926971492807091;1.6753926507801327;0.014957623897361943
-3.584606129749097;-13.374588004154957
0.6416546817058085;0.45744361654361626;1.3363381677385642
-12.911815839623843;-3.8272926240758363
0.3713583025890756;1.6180027979112717;0.9620610416435023
-3.6395518591570784;-13.267699979221405
0.41402885760666397;1.5053546244671696;0.9411517214617463
-4.421098102388678;-11.871364104180936
0.29365727950150167;1.890334102101161;0.20882126174563376
-2.2187524426558642;-16.551967416735597
0.07005783882834699;1.0357618151454777;2.4737995039049414
-3.563628247410267;-13.415735759786887
0.7718228718638193;0.2902865637098375;1.3962760711491515
-16.1518847242328;-2.364933744036989
0.21830702915370653;1.2351023984299923;2.084062707171641
-3.933397758637526;-12.716769499985897
0.7773620683177697;0.854150016703531;0.1521259483979085
-12.031461757144553;-4.325146437892462
0.10986128910741684;0.01658585015106039;4.910474398022327
-8.84601653463921;-6.611512525937702
0.4005052047909754;1.6309596330072056;0.008794707608451526
-3.811594984625282;-12.941036442303085
0.014801572244131565;0.7019937267670668;3.8974309329758112
-4.441460892603808;-11.83775729767065
0.3195280594903869;1.835539620737009;0.3266770237448494
-2.538413510315569;-15.699732029634157
