200
2
2.0000546223747686;7.259875131918574e-5;9.550854760157106e-5
-45.68799472231888;-1.6875916163384745
2.0000546223747686;7.259875131918574e-5;9.550854760157106e-5
-45.68799472231888;-1.6875916163384745
0.00014127919695618033;4.000117310655712;0.00016418901119120847
-1.6870869079613147;-45.685269182841104
0.00010065687515195713;0.00010065687515195713;6.000100656875152
-7.688053622945142;-7.686946397318471
1.0131335353691335;0.5294975160192925;0.0040657232517903414
-18.160051650887997;-1.6955865489792774
0.26346842484921135;2.0269902505830792;0.0025513274517533486
-1.6873665006400134;-18.187953910371235
0.07251517541624798;0.24289877837053298;4.6527225576567295
-7.158801877649564;-8.235354580567972
0.6724066033457674;0.3733859639945319;1.6279841537667648
-13.97402072268742;-3.2883210530203857
0.14276527206198977;1.4560825217550624;2.392218167035871
-2.619656055365083;-15.495727809306995
0.2484908243031418;0.4993343314962219;2.9862567882943445
-7.674565779222119;-7.700445291011443
0.40725744381211165;1.5594338076563028;0.59484196717252
-4.145350137245322;-12.339458257598197
0.012486090036413242;0.6409340176031206;4.537203436626478
-4.6791188788770794;-11.454699091710314
0.8863893304166492;0.6473699938936794;0.5583593282344639
-15.143792335790717;-2.764296999454906
0.2814005187685164;1.9483925028415459;0.18197750034006493
-1.986610649549886;-17.22811676789953
0.828580361823237;0.7060183168009655;0.9581249680279329
-13.823455115750162;-3.36088864044957
0.34216836805663436;1.7269454600915195;0.45125168350527284
-3.0401849694351775;-14.508880933195934
0.027423636954471968;1.5038566060336596;2.796525460452522
-1.8175767178985782;-17.75667937127045
0.43903017987152515;1.4733147758772254;0.37796187222716016
-4.767928531189276;-11.315727108665198
0.03389992828771884;1.5240138230756601;2.6935515147552667
-1.7988823004790875;-17.817235931981532
0.7583237689729375;0.817050883757227;1.1091767787142752
-12.024717076589514;-4.329153880514387
0.006935843377337689;0.07814422504737734;5.7270809484008325
-7.338131998568727;-8.045129919788447
0.2381052581512092;1.1692317492349282;1.751449875247708
-4.356161648166493;-11.979395210424098
0.14990671169187958;1.5371787711177891;1.7766054215356333
-2.4130635912357916;-16.024082416310122
0.17032090372093678;0.10984036671877277;4.084063069541489
-9.010177229016913;-6.471361381062805
0.7968402799131017;0.2629326050398072;1.5654606301158573
-16.777503870493355;-2.139276367842997
0.57639316717064;1.1455643622446883;0.987959306336386
-7.72727300341222;-7.647831310349708
0.2073885303799467;1.3333240216977638;1.3211948349390283
-3.479220234289911;-13.583236804606484
0.013582622133376148;0.04831732170950243;5.792617060051315
-7.571610984445018;-7.80428383631527
0.4205542317720766;0.742812136783264;2.2813361872753513
-8.237791965039575;-7.156532370669792
0.7672183476173271;0.8296724546690183;0.6888612254411358
-12.060395957891055;-4.30798931166906
0.30326815396324447;1.8883646819695292;0.2601781589029484
-2.280527923265103;-16.380640037738544
0.5228180529912427;0.10252713209858912;3.2598333677439353
-13.764053892981766;-3.3898551802589063
0.1109872736870609;0.21507434148513513;4.198334361374381
-7.725498745230737;-7.6495964804518835
0.04787020871854016;1.071615888547786;3.5589313092584756
-3.27251784400666;-14.007148026224424
0.4036761590980739;1.5986335256237163;0.07182234220236636
-3.9615793083764035;-12.665672590079659
0.4827939417735738;1.396714345524627;0.07425693324462691
-5.502174485341083;-10.244565567093355
0.041528339410824226;0.04130893794648564;5.3522727798800105
-7.918855448681576;-7.459630299054783
0.12021755652621584;0.2537492930630873;3.600058126999192
-7.614449277330751;-7.760905257447962
0.27786582569497104;1.9060777491928813;0.6201695439791832
-2.0840310459354594;-16.93783812176779
0.7273160855121308;0.8877713651132219;0.808135497088343
-11.126565605788832;-4.891096740767394
0.002284601873977607;0.002062166596900678;5.946351108875289
-7.701294989566078;-7.6737175809044755
0.50300165027971;0.11402914784389158;3.382814831239444
-13.388975729047992;-3.577260049177178
0.07652839119391432;0.006957074186879422;5.225573717674285
-8.512393519841622;-6.905296729631183
0.6493346756848608;0.4080866359443318;1.9637354548059267
-13.378842507854104;-3.582432638174817
0.5815036571516142;0.08360986876076293;3.5209442772083106
-14.78928479592716;-2.9159128949600395
0.6623644012340548;0.9919684633441026;0.8393879981293604
-9.628411308475963;-5.968047578111886
0.1663958033249602;0.11847072623720772;3.996208787800733
-8.9121982820508;-6.55466859751096
0.05993687967740319;1.0443474447253691;2.8427949040277127
-3.4575463254045347;-13.626756864480726
0.09118606617298568;0.06816923972268597;4.928871698863879
-8.328658210111595;-7.072426391255457
0.6397314698892718;0.0653636746601713;3.0541217718513765
-15.839082983712018;-2.4839910674099244
0.09121348239068472;0.9603403943815522;3.086175011717858
-4.014125441151313;-12.571173166753324
0.08847220367011396;0.2006987960878978;4.769498877186713
-7.557415132872591;-7.81871340909696
0.0465035793037997;0.025440940964290712;5.091389622087761
-8.06367939080482;-7.320450996728426
0.055294016186071014;0.017414527554964615;5.419189072296278
-8.208635578494393;-7.18372702550544
0.018256288039937403;0.07261702551980512;5.145356311917846
-7.490229059349742;-7.887378003188978
0.279588340939499;1.9743010273714212;0.0032392218186811116
-1.9068930129970316;-17.47326081341368
0.7006727876049063;0.9200955908586367;1.1482974297766955
-10.565976461369473;-5.27222663350654
0.19256326537031485;1.2935582989608791;1.9210740672717224
-3.516373552300397;-13.509123002723141
0.6462458686473849;1.0192389568655476;1.0310185087371129
-9.265057374373022;-6.2592767896515795
0.45337887543727273;0.6985746467216241;1.8902684525372218
-8.875847277695813;-6.585833132013678
0.9244292119294223;0.6145811058857497;0.4013176301784387
-15.999465746514879;-2.422415248810834
0.23402562076935274;1.2638645365411763;1.4684528887994839
-3.9438456779891005;-12.697791923016279
0.034417532409053125;0.02474645941650047;5.568127353983866
-7.931931134835089;-7.446956475417427
0.6839691651040566;1.0208447599863475;0.10418809829172332
-9.716988582709005;-5.898959310269579
0.18273209405952678;1.383627160491472;2.128849817413099
-3.1242594902619367;-14.32405218635854
0.060299809095820646;1.0596484077893662;2.668493618751856
-3.4045442864574653;-13.734080972032437
0.3520334964647377;0.9309363257751675;1.9922541232745385
-6.491188363534543;-8.986751024837156
0.031052343274061416;0.14625094006899533;4.857354702840337
-7.231776197616801;-8.157384986346397
0.6242039016752503;0.43749025035186384;2.243777647029893
-12.8051338192538;-3.8850407362687944
0.18572404354260919;1.3652915141492912;1.4120256589914326
-3.2090859086660606;-14.141363606370863
0.19843630041205684;0.5364896967315447;2.9424998949166916
-6.939098905978756;-8.474886960960493
0.26578626563300917;0.5029333488045504;2.5033465337080383
-7.845835706310134;-7.530804699233989
0.9216248360466991;0.6102172112499782;0.7462495688314106
-15.98954758413239;-2.42619051485477
0.6314977155901;1.0295168112752218;1.0704862129649844
-9.026144675430114;-6.457879856475353
0.4996441150027791;0.6600878513417772;1.6811032853886017
-9.668158979536448;-5.9369548142348565
0.6543370210982917;0.41377716771614215;1.7000236326677478
-13.410273225597289;-3.5664076063124357
0.38888034281408446;1.6153127766155349;0.7135404631774139
-3.7824570046867962;-12.99553000554782
0.044314262993652195;0.008094252018828095;5.660511959276068
-8.13692427611025;-7.251047262457009
0.12248841797722892;1.6296504416542599;2.0950891985876243
-1.9891161629727794;-17.220525825670606
0.2615546969588694;0.04423772626942089;4.147978506259021
-10.550612246142029;-5.283023902010533
0.28694606328940436;0.4174216976485663;2.5530942816872435
-8.572570354245949;-6.85139563601328
0.18027183286833975;0.15378593633148216;3.81780017212279
-8.867416270397378;-6.5930812469402085
0.1551432690516977;1.491113545904611;1.8453896483819048
-2.5873038794460865;-15.576400965259458
0.4645084445319619;0.19520261248691373;2.487444548470737
-12.261961913681795;-4.190004871334686
0.6092272573263655;1.108787809908184;0.4909787688817027
-8.302693662224536;-7.096359910034519
0.2257393961338522;1.2712143322343563;1.285062891324341
-3.8509208856678327;-12.868011825301004
0.0024965904768884917;0.0013354457585263923;5.885709345637525
-7.707630922600636;-7.667395835452881
0.2771743022891413;0.014928644747946432;4.464471316451367
-10.945283672130211;-5.011664113996512
0.6674111013450007;0.3942589026746449;2.0730606541925924
-13.745257471420238;-3.3990611712513163
0.7828698949556325;0.7964814234663444;0.7635198786343865
-12.51017944979257;-4.048337418898445
0.15786852822038358;0.14304446596671394;4.42557522219374
-8.667131978411932;-6.767513483197346
0.738345276948907;0.3357509719456975;1.3902021132289308
-15.264410830401708;-2.71407542892843
0.658573997754963;0.5266139603742942;1.2578033236676842
-12.6603812539538;-3.9645068674618495
0.592799143626476;1.1593264557883332;0.28735824637957647
-7.832685282183909;-7.543695136073102
0.8818641931219312;0.6784139679569678;0.30948135732367865
-14.834636687119339;-2.8961780859635002
0.21440250496703675;1.258805280023948;1.824361688219607
-3.811398962854955;-12.941401933843574
0.8106595966687878;0.8099008975567376;0.010383784566301704
-12.80870027752249;-3.8830990239332697
0.9430186786602145;0.5768612408231852;0.8633797131087371
-16.601910744741645;-2.200973463271964
0.35938990908177193;1.6893298855588588;0.3846076677481105
-3.2914420626468184;-13.967492803995283
0.5510869299769217;1.2298169752279846;0.7163811005306564
-7.001755630869111;-8.405829898884665
0.26613967035848396;2.021192403795512;0.0033461581744465563
-1.7153402624739407;-18.09338395633792
0.6205730987741225;0.4670742547032494;2.1550240897200554
-12.544083058347303;-4.02929168705235
0.3099234054581324;1.834741057729435;0.22562116150135375
-2.4815496734673044;-15.845386388412175
0.07096390895597454;0.009887056266319924;5.295026224919606
-8.431158951786918;-6.978710573684998
0.13346595253890892;1.6031390544227673;1.3442752438988586
-2.123810224563334;-16.82208886735778
0.8633370990579151;0.6753257128766993;0.6393680374413606
-14.575250306229837;-3.0104169685993947
0.7882990549751933;0.3244093562673752;1.3845403471877333
-16.142514820106776;-2.3684385295936505
0.5429262475134514;1.2379462284871428;0.6531298497505492
-6.874116969726555;-8.547148037789194
0.1318383732487174;0.8683966081935005;2.442815714938477
-4.727226871801347;-11.37914535045807
0.8037146309289211;0.2653040985864703;1.482536253519559
-16.870488351878752;-2.107111555893661
0.3429195346945705;1.7629760537297965;0.3198184206739207
-2.923470669160876;-14.771977496908088
0.10582243417799887;0.18224299926505655;4.730235437048584
-7.8500747499062165;-7.526654189905865
0.5473473379709837;0.5347449599732136;2.2168190682915694
-11.080767122241634;-4.921320246585343
0.9104871065805474;0.676880443294065;0.1541784931645216
-15.288966288517218;-2.703934819979888
0.45200544637558404;0.7170080230843088;2.03263071442663
-8.750985856431365;-6.693954290095915
0.012504411056445782;0.007963795976686599;5.851493677293296
-7.781538176665112;-7.594042889166856
0.600885509255011;1.119057880050024;0.49096209587954537
-8.149263724803893;-7.239419201743913
0.32417185359715533;1.8480074441380945;0.00765168815816876
-2.528542528547113;-15.724843634928735
0.03631038592852196;0.42672095678986793;4.290807650908346
-5.865335923838928;-9.760437958099992
0.7301164052061345;0.2943981896913792;2.3199270068476494
-15.458760776836318;-2.634579948906527
0.5130053147010638;0.11615878557496523;3.1358898491727656
-13.51951551876508;-3.511145236666294
0.2183128831701554;0.44105334023407866;3.465818111344757
-7.663167946994862;-7.7118712598263075
0.9359553363190206;0.5949709766060806;0.7693149672983183
-16.34124331547798;-2.2949066591264127
0.4685015240697026;0.17360579115838354;3.420590362544494
-12.468960285361767;-4.071590458570529
0.08474229489712705;0.2744053149707761;3.9772731422612138
-7.121444370100697;-8.275572347042438
0.4137940452748014;0.7573324067221489;2.3483394993765274
-8.07884212216106;-7.306029600059068
0.2367311950874556;0.4430526874491573;3.310735300165064
-7.855678115011514;-7.521171385028223
0.06708465060701926;0.4508652931294504;3.744971680794648
-6.0459683957605215;-9.529624306830051
0.37618963863768945;0.8464374075043305;2.0518969253453054
-7.179027215602932;-8.2136666481214
0.35346660015956277;1.7095455671759847;0.29710905659863274
-3.1783635404615875;-14.207099575887039
0.025530248896425044;0.06387913834594557;5.4390730733929
-7.617161794503604;-7.758166840587656
0.32543729319476733;1.7975176992989927;0.24771926405556516
-2.6957533073806728;-15.30882754938471
0.031509843056330575;0.04793020529815505;5.181486553774475
-7.770719836911035;-7.604735547951468
0.25880124812960226;0.4261671813355237;3.3391295590764294
-8.198754648895436;-7.192966184734949
0.3132120256969612;0.3627469492114949;3.1924038704055078
-9.207249676218673;-6.306801552211972
0.3350160877408884;1.810285590183409;0.05916000790600261
-2.7162840688797556;-15.25907163059771
0.3210120214800322;0.04999199872465355;3.797311778683028
-11.294178184696321;-4.7818256981067995
0.13227833484488605;0.12911593256388143;4.512347516663136
-8.450768247465602;-6.960920139080806
0.32969211028819273;1.8064817455028097;0.14001578022960756
-2.6942963445969954;-15.312369118787661
0.27806528467446584;0.019248238890597586;4.312248254550505
-10.928595454279208;-5.022889819237535
0.1626556090987378;0.14045752651610435;4.363300616272938
-8.738366191575773;-6.70497558308069
0.694497767890714;0.9546506275335339;0.3312562282907372
-10.265052494684289;-5.487258503957454
0.21530200520207388;0.4876008038694689;3.489797988311117
-7.377266270406062;-8.004230998524594
0.7844933129799403;0.7714283527073237;0.9646779397013792
-12.710169702122665;-3.937028696344537
0.028974009710907328;0.025680823652497298;5.500519309831284
-7.866010748654061;-7.511071595191571
0.12725542272129725;0.9286172277204244;2.8932896581222916
-4.434334312099639;-11.849504517155768
0.08867210562247696;1.0684510293881795;2.6333190166514853
-3.580483861553603;-13.382658861129086
0.016601351377336312;1.4823143419071785;3.432939464121375
-1.8173105273884802;-17.75753855806604
0.7123176494974751;0.8999341087415149;1.17400544687075
-10.848667885447268;-5.0769547926594765
0.16647850324623759;0.5888255478386135;3.2383400803302544
-6.3456917330468405;-9.16024568785436
0.10398437748488158;0.9770277991908679;2.5833862220734605
-4.0491270702822035;-12.508776556714354
0.6006342219177916;1.1531023579573527;0.46631029089108
-7.954733444159096;-7.424906499498562
0.5687980265565694;1.1898994550042061;0.6709681205560557
-7.402566935448508;-7.9779043562502485
0.1119883092933175;0.18248071507500893;4.70161812337538
-7.917449379322191;-7.460994440694302
0.550321657044262;0.090052115758534;2.8950048673167736
-14.26704616095699;-3.1505429793271
0.005696889476919021;0.1367737778932366;5.314700542394025
-7.013630149967352;-8.392810138300735
0.3667116676836319;1.6805819151485402;0.5164849781185601
-3.375237186456265;-13.793981564050304
0.4478073354583912;0.766300120625068;1.5486354028351932
-8.415452279521578;-6.99299222631272
0.6857131000182066;0.47741897904813246;1.2446578454610817
-13.403788626614732;-3.5697091957436444
0.7028817577122981;0.38601203664857064;1.2039493198783449
-14.33602621173403;-3.11875994519775
0.7762500321596144;0.8613440638353945;0.009867484663599645
-11.966554619665898;-4.363838614343722
0.5656473202705525;1.1870839700282578;0.9243091167164441
-7.383771137105285;-7.997453761463968
0.0768591775775413;0.2907879129762102;4.255050763458252
-6.9524054956650785;-8.46017063169748
0.009995822830855618;0.7281925387595385;3.774573073986662
-4.293943592946509;-12.08415341702261
0.28373696394771913;0.039163811054335244;3.88754248761996
-10.872317222182728;-5.060905936930592
0.07049495171945185;1.0985924715921194;2.4230549987246888
-3.3376885536909477;-13.87131680337632
0.11105135382336229;0.30233085164790185;3.857442453785748
-7.252681763083399;-8.135191347096349
0.4733290352772891;1.4121342281642473;0.29528428049942756
-5.344049186449881;-10.464286920156242
0.841837057179591;0.7291194914143693;0.27270854353861856
-13.848724954381785;-3.3486241019888436
0.3803082929474173;1.6529011657967754;0.043496311656350664
-3.576106582070109;-13.391236960991456
0.16198640498831843;0.0057850564705016665;5.560323522288321
-9.538776090765024;-6.038710802197537
0.2732986746758513;0.46549242313684364;2.402905733369555
-8.140155103238042;-7.248000914874594
0.713943062538624;0.3135645687140616;2.326084947621456
-15.0579810909732;-2.8004439709781486
0.2548239700260557;0.48516982405611603;2.578569328314542
-7.822728816140687;-7.553469540184739
0.05891845647077733;0.2728324865593113;4.6927692307069435
-6.859047972943435;-8.56399928273876
0.371411832222542;0.9055646217949301;1.2872872590241222
-6.818909353774992;-8.609059884623298
0.02708761183676122;0.02844999930967243;5.669488648434411
-7.8296505211697465;-7.546673053167394
0.9543868747357938;0.6486446379034762;0.048326391095638056
-16.206135491446048;-2.3447152641968256
0.47558728622350044;0.7216687995977821;1.528323924393531
-9.002454650441821;-6.477891149100413
0.7454942468377903;0.9089038879280192;0.21850786049189455
-11.227787819859882;-4.824857156636706
0.9120208881898303;0.6228566825235972;0.9025898010208754
-15.736863645910349;-2.523827613493651
0.2892698853884977;0.05840403560468874;3.7045856303685087
-10.818787726450923;-5.097294639555549
0.5631303177101775;0.08664702954014036;2.819538548170753
-14.486171281872442;-3.050421617190082
0.06656168595596113;0.030966124726809225;4.962021476592886
-8.25980096267056;-7.136071243634319
0.9777675537598907;0.5688049704739769;0.15543792351328822
-17.237536226742996;-1.983504719239151
0.07215369254718153;0.007830421505492124;4.9993700400052985
-8.456749261329229;-6.955502661851647
0.3377879664998091;1.7725514142289982;0.21210329088170082
-2.85749005965684;-14.924220353180019
0.03272363476760135;0.46655022066440344;4.378238644373973
-5.642317346193951;-10.054449808615157
0.15857203788191787;0.8144839607192003;2.6085994767135348
-5.199477593912912;-10.670216328421919
0.5352095393865232;0.6951875875572506;1.3215957926137196
-9.892071873686904;-5.7645254703131545
0.4271176525728808;0.02637756706496879;3.6269370735410886
-12.926065993944606;-3.819630875055886
0.14850695638256214;0.1500388050670294;3.9122681121158194
-8.517464774622388;-6.900738589943345
0.5592443798201685;1.2053383887869382;0.32810748040004
-7.217369897776594;-8.17271581838921
0.5254479545800083;1.2889525744398234;0.5250176207755071
-6.4348593168452055;-9.053482634923078
0.42544440788787813;0.012832388082037448;3.6753810562541016
-12.99914892831421;-3.7805282236833038
0.005922188201044015;0.2283078199108494;4.828173580771616
-6.543807483077483;-8.924905361673858
0.04216561703724348;0.06570533253921554;5.036789192072036
-7.790289382651994;-7.585404465764008
0.04978384292177401;0.0066618460810687055;5.4865443370700735
-8.207113613755606;-7.1851493763683365
0.9631372484103634;0.5565376070041503;0.778711318347755
-17.097232041315557;-2.0301262533332176
0.097549787966622;0.2389981515935217;4.2265815166139955
-7.447984918813474;-7.930869251076528
