200
2
2.0004321298381162;0.00045010621466699395;0.00047301601094937925
-45.69309124325422;-1.6885355551770032
0.00013577572135135173;4.000111807180107;0.00015868553558637987
-1.6871006648617406;-45.68534347797319
0.00013577572135135173;4.000111807180107;0.00015868553558637987
-1.6871006648617406;-45.68534347797319
0.0002626904563271697;0.0002626904563271697;6.000262690456327
-7.688944866516074;-7.686055271496477
0.0002626904563271697;0.0002626904563271697;6.000262690456327
-7.688944866516074;-7.686055271496477
0.26942413539465476;2.0342170680823966;0.008788108789546506
-1.6990994548057947;-18.14815622502976
1.0147915883948413;0.5331754478600768;0.015576960577961632
-18.156978600313096;-1.6964935820874285
2.0004321298381162;0.00045010621466699395;0.00047301601094937925
-45.69309124325422;-1.6885355551770032
0.30723869711190716;0.9844221784936374;2.3463668767909036
-5.789662829924419;-9.859055456892474
0.003028019428457274;1.4371693654416482;3.9865008586766373
-1.8644620573123878;-17.606708649744455
0.013926435923452095;0.07047504952458385;5.417098572586005
-7.454894672802749;-7.923738627257227
0.21091159145927518;0.4863914219287538;3.3798017664220867
-7.336543742932759;-8.046794372045
0.07298982088411202;0.3194849149682726;4.378110100468365
-6.763325077227957;-8.67188308242849
0.13222880337381232;0.17709875719313323;4.491247069131703
-8.175605241145186;-7.214657896045782
0.3642231487203744;1.6541282902197443;0.7060728015788089
-3.453136191470817;-13.635638112039768
0.29991656677519907;1.872808444805332;0.8591246909038202
-2.3066019311624597;-16.30933035496673
0.22727267469363607;0.1629633683752661;3.719395905489605
-9.37622094721692;-6.168819156084852
0.08997084559195159;0.28691861525539264;4.177994131743505
-7.110570979890605;-8.28731714467699
0.0063900795636402195;0.11242153304388224;5.608403804392168
-7.149400846854678;-8.245455959937297
0.26782257141388965;1.097209477590232;2.280632036854654
-4.914250660883707;-11.091458343270686
0.067832587106019;0.29751146326051264;4.564261909975464
-6.823539631512152;-8.603848811045372
1.0049152617256913;0.5296638520056208;0.15059401613331966
-18.019310068210515;-1.737476682307136
0.7576570155782063;0.04353958993702409;3.2873743092998633
-17.948379432533276;-1.7588605791200065
0.005582794796951041;0.09560069535371754;5.780338629437688
-7.230236205405685;-8.159022368763656
0.8377291726013021;0.2649987272553803;1.222843626701904
-17.434424232569558;-1.9193684351500973
0.408871810168709;1.690615110565889;0.030879910762875024
-3.648611442197081;-13.250197834710264
0.6595787059726738;0.38355993055580656;1.9715852115156165
-13.708628794824929;-3.4170564995399775
0.04474912303916302;0.06360553706010154;5.029894873918335
-7.830580331980537;-7.5457605327800685
0.0026455249799799733;0.6594435826560321;4.239941008115535
-4.5175766062042895;-11.713254465861082
0.3278133524787248;1.821491126414847;0.13232932650101445
-2.6344855312045063;-15.458994167235877
0.8573857060685566;0.674444192361922;1.116026765545327
-14.491580432968732;-3.0479810154416276
0.033276727334507206;0.035629747570969005;5.325796269770308
-7.858536664699936;-7.518375886621436
0.004288353872252932;0.10324770577896583;5.68569784784387
-7.175772108679312;-8.217153087058369
0.28044465061848567;0.35291626261159337;3.330774727423314
-8.874604497234651;-6.586901072355494
0.18308294782322923;0.5935397693728499;3.0531554835661288
-6.4886425729581925;-8.989755183948496
0.5583002619326569;1.1920818888456888;0.9345965537813068
-7.278049929067239;-8.10834494385136
0.828713387830541;0.22531087237515163;1.6852890555876363
-17.6150934285171;-1.8618184923718588
0.27636531391001773;0.36188037941337636;3.2272524586993434
-8.773600183553508;-6.674247451080259
0.11306328726815262;0.7904121784567171;3.457703609239952
-4.902347421229559;-11.109489064354088
0.5754436508920823;1.1547444724119225;0.8945422964219277
-7.6663004393125815;-7.708729316217921
0.14368017923814735;0.11314525539664265;4.674460979179371
-8.67603396907914;-6.759667835202967
0.08700120442694256;0.24367290669493435;4.322264712871313
-7.309166240143649;-8.07554171639519
0.9792212332537183;0.5427567655961495;0.40055233317593125
-17.47793735877676;-1.9053946487526032
0.37310145259093636;1.7175223175355179;0.2843540664225181
-3.288704632869982;-13.973218168760079
0.0028894734721380804;0.0035614281991125357;5.935200443251625
-7.699701270487785;-7.675308564290985
0.4380701899762906;1.4643263300357363;0.6157612596407817
-4.798439986417871;-11.268485437332576
0.12699511335819946;1.6234985155586579;1.9189461675452941
-2.030757364575228;-17.095348541840078
0.7996846799022397;0.8075125118444368;0.09039950389930125
-12.66974993144145;-3.95932460388098
0.29478779575135117;1.0720985131944463;1.539179127078174
-5.266452300653346;-10.574204439262527
0.17885728140131418;1.4136581690063712;1.8588819784480735
-2.9948270653619797;-14.610206733603151
0.7483483607671777;0.8832761799555485;0.5750890825365783
-11.437597739514274;-4.689971782147399
0.6709399060443781;0.022892978285126722;4.750225183858177
-16.681653853667285;-2.172798681827361
0.6660619670775046;1.0792718661448601;0.23370308020884556
-9.142120542352831;-6.360747794241187
0.5988813092133584;0.5067091345607176;1.297577747139513
-11.965849078826329;-4.36426075630034
0.0625573903792764;0.3115453733179375;4.61323161087179
-6.696888106765427;-8.747624624918659
0.19323546983078857;1.4057232785670213;1.6056089005909535
-3.1204874663842754;-14.33226319434416
0.4433619276860973;1.5012436195139267;0.38122822001510437
-4.685275837741283;-11.444993243300337
0.46943805793861365;0.18857909689181318;2.403124981156719
-12.377079221118175;-4.123812012278622
0.25808341588246186;1.9718604178718344;1.1858483453595536
-1.800229093044789;-17.812858540220805
0.3259664022760153;1.8062315117902854;0.7532513226792178
-2.6712626157215045;-15.368548395342309
0.3909415322994022;1.5825081703638622;0.9608642248757995
-3.9250624782734924;-12.731938641689128
0.1374960748205704;0.7022606001892018;2.9966885652335082
-5.520081850819406;-10.220034806848075
0.3299461370833596;1.9080119020639248;0.026461176865257018
-2.3806446521076285;-16.109960558976887
0.6482552357370293;0.44117609842675887;1.7980501534458737
-13.123435941476366;-3.7147578379560686
0.15560988304970905;0.6693905817525918;2.8404123666786973
-5.845846847093204;-9.785725819278115
0.2108169635021236;0.5582065660859729;2.6288042652248853
-6.955002570796257;-8.457301600695237
0.09266570325013081;0.2625747427353572;4.043551939977776
-7.268628183699703;-8.118304882285752
0.055909728433358244;1.1655161210174245;2.4932716272432476
-3.002445007213436;-14.593108312871225
0.038256943712465546;0.037797882336899805;5.290891859639158
-7.901936957034149;-7.476060901065805
0.34632139852592847;0.9418172425596216;1.6544601226052607
-6.379128454001395;-9.12004735458681
0.48800742600707914;1.4204259533121153;0.06519279480316462
-5.440740169818098;-10.329262284095629
0.42185659187522956;1.523384935885521;0.5445983196226654
-4.411259053907505;-11.887648327393185
0.10415101386950078;0.2777180176638911;3.6312461373015346
-7.310530635070361;-8.074106524244144
0.53799004869305;1.2849400486575837;1.0656385466299265
-6.5818845292422195;-8.880443993228543
0.1661142460253007;1.4333084832220377;2.151928501442598
-2.84393719551519;-14.95581709840099
0.3455356494500021;1.7542421874910261;0.4881526058373262
-2.970392451096802;-14.665272225598045
0.02470444532395494;0.026449229727154334;5.727972478189431
-7.814305281093752;-7.56174901096544
0.5262344037959557;0.6083352071659002;1.4687712678893945
-10.327489457370433;-5.442019852684311
0.18921412920600233;0.13744947950864916;3.815490480959785
-9.070954055850207;-6.4201874879132985
0.6566551453602598;1.0086129019994714;1.0203406059182671
-9.456176136659192;-6.10450486072766
0.013257164605142;0.0789039278712145;5.468766685349367
-7.402101877412736;-7.978387462682971
0.5658250246736339;0.5147148648150044;1.8671763129028094
-11.461252536841307;-4.674965506986409
0.027682124488805054;0.04027729817319469;5.5467548920853
-7.770705845508859;-7.60474938666029
0.4517788736955508;1.539300031431846;0.020533212414925443
-4.595085689493249;-11.588250813941436
0.04727269946464156;0.042821768975934676;4.962915445175243
-7.974655298638968;-7.4056953691521334
0.2643824048877461;1.9653330845431514;1.054738757857783
-1.8501028968468034;-17.652353919291052
0.1871022600299719;0.5878959925778726;2.7979980494547037
-6.557860946578273;-8.908467144275487
0.29339733465923307;0.3797761930156213;2.599873355545287
-8.868958269196398;-6.591755029865105
0.26276065441928387;1.1363094730057084;1.902219497234189
-4.7012272785673925;-11.419897084405939
0.056212445586434026;0.10519020718250895;4.814632057231187
-7.727343102599415;-7.647761578705466
0.8074964163419768;0.7806922886330674;0.657515448726675
-12.972210390083477;-3.794904405523731
0.7438443710559735;0.0501982018428776;2.8484852178789444
-17.660077024842938;-1.8476810818831793
0.09769202510515568;0.32017031539004454;3.865687237359508
-7.016747153488975;-8.38939607046604
0.251365687979055;1.1778263807277367;1.5162468572068988
-4.4302307392319555;-11.856275791697849
0.040534067395882195;0.03894303377329903;5.236607574584428
-7.920962579737377;-7.457586468534255
0.02901368605136389;1.2078688048179516;2.9361098304384807
-2.6855074404548676;-15.33376320032233
0.7717695270113504;0.8508691246763895;0.8381704856935897
-11.976976242425337;-4.357607019615911
0.24473608845362105;0.4558413315185581;2.702764434953913
-7.87360068339932;-7.503661384123796
0.586977981859177;0.5169560318541873;1.3990587344268164
-11.732648535722438;-4.5056492852166015
0.11550955654535405;0.8614605069056825;2.5432336198511383
-4.617528685053007;-11.55238401701773
0.1397890732744256;0.2095686582431499;3.9124545441421335
-8.077453514134184;-7.307349142771469
0.13883596915725646;1.5654503311899186;1.8106792749193992
-2.2630920283420317;-16.42865434997149
0.31616073394562105;1.0187174951316722;2.11399958092024
-5.711623740044823;-9.961980039689552
0.548600413723108;1.254668234890424;0.18319808887426
-6.846225243464057;-8.578366725350342
0.4989377654686383;1.350183808624907;0.8596602052180448
-5.8739255952452565;-9.749316649809192
0.7556624193276007;0.2735885153397694;2.2081524182523853
-16.02704098428928;-2.411941427819528
0.8856794266923762;0.6377863853377271;1.0051527131769793
-15.207135114572862;-2.7378379660555856
0.3354623797879766;1.8082422135893785;0.2595274934143214
-2.72574499412974;-15.23623698827742
0.07167094532379308;0.967759633231164;2.985115462035879
-3.8328670300769248;-12.90146219849628
0.23391992023637964;1.2143085368073818;2.231763560822965
-4.139137684767087;-12.350293344447936
0.7656675106355333;0.056908472990850625;2.4393120876292405
-17.970779661814703;-1.7520876307323243
0.6417884705943941;1.0515350734364763;0.6650020031348436
-9.017573701027697;-6.465113155752266
0.3479403596769802;1.7316535348744293;0.4550225216004244
-3.0635748400086205;-14.457075810733777
0.6849452522380269;0.3503589730947676;1.9978526761568938
-14.334367966077744;-3.1195211208835962
0.7952699668897807;0.8241254278070944;0.7349460558894753
-12.490170977813587;-4.059611412116452
0.956550578398494;0.5756741244913459;0.4193330406199158
-16.832059744422914;-2.120362389060846
0.8993318929776803;0.6483467627186764;0.3429643786417025
-15.337472881749871;-2.6839856261463426
0.9400732233365379;0.6135974169808964;0.35738087177890415
-16.257666107921185;-2.3256267813072147
0.895360917471035;0.6260451770726935;0.9235096014352441
-15.44969333566735;-2.6382500991042104
0.6836121659762152;0.4621858546646898;1.4885093220829686
-13.484306270453885;-3.5288830202887387
0.11891429317247616;0.7348022268425877;3.4872660332565815
-5.201127776612478;-10.667837822086469
0.07900766458947131;1.0148613760876612;2.885315615046872
-3.7090318901051456;-13.134338406101051
0.40225829549116937;1.5585218413978992;1.166123291255244
-4.108995040368649;-12.403052794939816
0.007932883538977012;0.16066619615876307;5.08693845616198
-6.912064804317536;-8.504869524206438
0.38669036641214205;1.636220955888122;0.5269589719372769
-3.686372023685745;-13.177614477387962
0.7211387992016476;0.9049995810160154;0.7816009944906083
-10.931196763597645;-5.021138572337567
0.22459435477722875;1.263877000054837;1.3760876497428243
-3.8704314129263437;-12.83200260843052
0.22457074777261543;0.08832576593848526;3.7998425352100615
-9.802174503568747;-5.833201477894549
0.5107494807494978;1.2603800702125096;1.089357157123816
-6.4307180861758715;-9.058410282024523
0.6332082964020721;1.0702353305091614;0.8061592464265117
-8.804984030298058;-6.646990145053247
0.19600289554947325;0.5966985992824038;2.755246190264372
-6.603588700713015;-8.855209590731043
0.0063281504562587255;0.08884695753328337;5.850694782115963
-7.274256404742092;-8.112353627570515
0.672624151530063;0.9518732923976666;0.9616508095316997
-10.005806457657219;-5.678681340370162
0.972862171168784;0.5645379920089045;0.18894189491803665
-17.191700661141862;-1.9986508075265645
0.23707814521590403;1.2413160232311424;1.4357739820692141
-4.056655525232406;-12.495412586025086
0.02666356336593016;0.04124452017315222;5.506930883482976
-7.7541003254541465;-7.621191653308358
0.9088938028174943;0.6651463046071917;0.007587746812097215
-15.355609124487936;-2.676554813182169
0.24981795632478368;0.4049430338937954;3.5652443688773796
-8.2172775744438;-7.1756559081303095
0.42309732943551653;1.6165015585084759;0.11839931232327452
-4.044184771623113;-12.517560667634985
0.5799301199035021;1.2174204630319805;0.4430969246712878
-7.374231951560339;-8.007394407035079
0.09495948780825578;0.9340280250209748;2.556366328292848
-4.148598505681065;-12.333798049130165
0.16717724846495782;0.7338426799504016;2.411704722250971
-5.649905801760336;-10.044275814985683
0.13809946377471413;0.6887256812603085;3.186529879079444
-5.588781177117396;-10.126575467937078
0.048479388316581065;0.36168431964733483;4.294211553134934
-6.301589126546199;-9.213570099702098
0.3573481776157217;0.2788992227796617;2.6812322635774275
-10.274303369137995;-5.480534912168397
0.8167973928223731;0.2200155192324253;2.094145520353284
-17.460392307698562;-1.9110203771630307
0.2603768746595049;1.9955313157036012;1.0827632420020623
-1.751192255196005;-17.97374548542651
0.7141845600607035;0.024207777346006775;4.627467717680288
-17.382056461809515;-1.9362816912801135
0.12383102569352253;0.8388115545527727;2.917340716621719
-4.785635467681585;-11.288280002504587
0.3801830617272206;1.770893991394408;0.030526943961861543
-3.150763298213478;-14.266569845553112
0.00685839622697821;1.482027281565042;3.5361815717756686
-1.7677280023226651;-17.919143382544608
0.00509244048361573;0.02083011527652318;5.874039373445533
-7.629064532312395;-7.7461621097146045
0.8841169308428836;0.7604098392241896;0.03369000427539179
-14.246241383789313;-3.1601771367119578
0.8239558852566496;0.7940453739574758;0.20240825922137323
-13.112853004224258;-3.7203226421101974
0.7315791867080081;0.968362049419395;0.035074360048138964
-10.653703184221989;-5.210943620259151
0.024545015113143324;1.2962822636869027;2.6915265687973084
-2.3834311831710915;-16.10254575123787
0.13191591722020737;0.7081995091109274;3.1625909590557346
-5.440940419604259;-10.328984840979897
0.4631521164678162;0.7512151391719343;1.337522321430614
-8.681146206455331;-6.755166175054654
0.62878494665662;1.0579607000611386;1.0172526219829143
-8.825194392917311;-6.629493267144198
0.2855047892752009;0.3686631499518404;3.1253234037014384
-8.84134943445868;-6.615538719874505
0.9627042506877411;0.5870551023459555;0.39569186001923917
-16.83963351535629;-2.1177461260314905
0.9230216272008808;0.660813271279956;0.013716875179228063
-15.611035020060845;-2.5735052057209855
0.7879114486657269;0.7918025463348686;1.1356536119308167
-12.61429984125803;-3.9900759802955896
0.0053734711795002665;0.1217202128083933;5.176128099406211
-7.089462079282574;-8.310168054225894
0.5292466899865671;1.3422933812674307;0.016581377127137833
-6.207142433616012;-9.328942447853274
0.020607872876468397;0.06267621812886104;5.200960670916439
-7.569927953807014;-7.805993149942182
0.8671304130858636;0.7086378294451862;0.7683651858408159
-14.380329013410307;-3.0984760494183545
0.25537631181237463;0.034527054393047825;4.520920929000488
-10.533531423564414;-5.295050162015701
0.40689096897824295;0.2719488390048934;3.5161273692212185
-10.961165151353244;-5.001001062885728
0.37377551164246864;0.8578726173949125;2.0589784364925117
-7.092902086522102;-8.30643962173183
0.16016404508062917;0.6315123772241527;3.112820023183466
-6.072822081668924;-9.49584923936076
0.5183217008342289;1.3183878807363056;0.7797575900736107
-6.21728531661205;-9.316474586358376
0.27182585524498837;1.931100919011394;1.1162358276863547
-1.9815446593589126;-17.243485953094503
0.01927224731333739;0.48296784292242456;4.509592627093912
-5.44068369688378;-10.329340528137031
0.3971311457720275;1.605430328580502;0.5331688307542348
-3.8840693806091036;-12.806917788010022
0.6362795334505374;0.45682290917844826;1.6065181105210296
-12.83947434649052;-3.866376611541627
0.8272756073200661;0.7493549359001505;0.5947444131190717
-13.485459836114611;-3.528300769974811
0.07853183805678812;0.290841519331076;3.905624475579902
-6.969618373639678;-8.441174649032174
0.04489375900433283;0.4119989065481442;4.0741322504741735
-6.019157541937407;-9.563482815871671
0.2688909967881206;1.231096872824541;1.347655711898374
-4.354953685921435;-11.981417357652735
0.9342088752302288;0.5775166811224476;0.9778767424096155
-16.45388145217707;-2.253969689458963
0.4915437694843428;1.3694423225674603;0.5485712537639752
-5.711818709016396;-9.961721328602916
0.23893430216384906;1.3215182886476227;1.2780531916477333
-3.7591715260935232;-13.039318053612693
0.49737715813888467;1.3887306053535007;0.008691299331524054
-5.675847726437363;-10.009586906270407
0.43266196512270866;1.5547084218084783;0.011142934026871406
-4.371136273610825;-11.954365680804495
0.0005285369776341098;0.0005926661560137225;5.978968400895597
-7.690054458570503;-7.684945972778705
0.779707147627868;0.32649482868793184;1.3303924604707764
-15.98864747716476;-2.426533344918916
0.011886290781514857;0.497704948472094;4.931230232444734
-5.305483870404173;-10.518739906403884
0.6713565530046255;0.36548582500336824;2.0250893898865963
-14.017223204274504;-3.267723113209796
0.7670081950603219;0.9140016917853755;0.04035481999873884
-11.481999066995748;-4.661837385307799
0.9489421287814201;0.5876265403510628;0.6294765456557715
-16.6106927301778;-2.197857840848242
0.6951005104474952;0.33598925041721517;2.1429212608880017
-14.597027194641651;-3.000697719386121
0.6197128770223336;1.0938058508959734;0.6796470537503358
-8.50961462351085;-6.90779568887522
0.2714254563320282;1.939319966653144;1.0737354679000393
-1.9570460218091954;-17.31820561568916
0.6091311249447309;0.548654569532823;1.2452900743958732
-11.818716687554112;-4.453032203631086
0.028695000381241717;0.42610251056981663;4.91004751145448
-5.79553011094809;-9.851367718828755
0.2300066824236594;0.4894752969742177;2.758444530067314
-7.526327378746707;-7.850408632142593
0.7008184124337837;0.9888964211604186;0.7649281524995313
-10.12792686124166;-5.5877824204630215
0.2081729362075497;0.5069268048140266;3.183904239575614
-7.19750977712016;-8.193900033508358
0.4757631680617069;0.724729790134178;1.396255419826141
-8.986317676213444;-6.49155567033185
