200
2
0.00023495591189082247;4.0002109873706475;0.0002578657261258506
-1.6868527559090372;-45.68400458692456
1.99936116715164;0.00015842301269154124;0.0001810247412167603
-45.66811486477373;-1.6839118405772528
0.00012479101690973803;0.00012362689772099053;5.9959355758028785
-7.688192769113237;-7.686807262616155
0.0006147530725117825;9.713936007074968e-5;5.916952167057925
-7.693729299571776;-7.681273264937295
0.26509173442122164;2.0281854021207546;0.004079928824939222
-1.6924991590748457;-18.170520425136274
1.0189626486692531;0.540465698326684;0.012293368233539156
-18.165913045237673;-1.6938574561076252
0.00023495591189082247;4.0002109873706475;0.0002578657261258506
-1.6868527559090372;-45.68400458692456
0.04063301987323771;0.437723924436854;4.285737533175063
-5.854043857760857;-9.77508058935502
0.13911387066824285;0.1607489497783619;4.57498687880367
-8.347434620035637;-7.055167912896277
0.09056430501754989;0.8844436887830649;3.1335391802376065
-4.3139191668804475;-12.050385033108066
0.22599103559845324;1.1801603203688804;2.3850607032994153
-4.2127631921213045;-12.222723933013018
0.38102154884501155;1.6217782257074262;0.7952916380100132
-3.698101286251384;-13.155187694442818
0.26904129536722615;0.03367501926957009;4.198320437172915
-10.716168641207952;-5.167685355094249
0.24497519884575855;0.4883205825812222;2.7183475698895365
-7.696466639403917;-7.678538673190671
0.08014100738794211;0.9047145811666553;3.2658304759010526
-4.147300730753909;-12.33605896105239
0.29604167031822737;1.8547154476821057;0.4864171304520428
-2.33726324899146;-16.226216426493618
0.015937264480258492;0.07882206954864376;5.41921081433177
-7.431492598332578;-7.94791554480197
0.24954141562377002;1.993569719301173;1.132604364374117
-1.7013131742692504;-18.14066894285921
0.06621053175801148;1.073938365140064;2.5402125381427108
-3.39560967032519;-13.752299988189641
0.5566620788231351;1.2135689525423483;0.7109350299465343
-7.146202646975328;-8.248895390832185
0.14533324230191189;1.7415267390647955;1.2747203467593209
-1.8127640784392114;-17.7722268775099
0.06893485279337087;0.06954510927047962;5.109445134427103
-8.067953530201223;-7.316382970722338
0.021605109924618317;1.2807905717429335;3.9250179687249225
-2.4124131919779934;-16.025797062808657
0.3131394270984042;0.36052172181440395;3.0645745201140753
-9.219791081515343;-6.2964626253088944
0.27160811400741974;1.135633574443389;1.8547460057199316
-4.780162906992421;-11.296753717706467
0.285954846359917;1.8727359923608482;0.6802663767540122
-2.225104413812156;-16.53419370986331
0.16668904522690162;0.1386101274943206;4.453273730116456
-8.79665835567254;-6.654210763118233
0.884851759208914;0.6971216944902612;0.04852751364423582
-14.737131800621402;-2.9387317374181685
0.07725093706300869;0.02120243073409438;4.90506215310014
-8.438415680264171;-6.972121802953021
0.10956543327863107;0.1865578775067639;4.674111290088069
-7.867712439393426;-7.509409559837943
0.08617123428621926;0.9779647143516307;2.4961670625741257
-3.905604851108752;-12.767449554679866
0.01815934375785006;0.9140255653276267;4.103363495929547
-3.630481535392764;-13.285257191323957
0.07015306644885706;0.06701821553413324;5.045993625976582
-8.095954664331185;-7.289787573331797
0.7776476599505129;0.7908060496448963;0.8295692774887983
-12.476634830745462;-4.067252857928038
0.006882764884410149;0.00313292313034189;5.846506080899618
-7.746092388835559;-7.629133715812298
0.27303956909439064;1.1054442716658854;2.3324567818134123
-4.923881118425785;-11.076897586673931
0.0707362747415558;0.013378971731293897;5.2844442160145455
-8.408422642296259;-6.999393287026264
0.2772481123976595;1.9245239333304673;0.5735673389499892
-2.0293235252107538;-17.099628319097384
0.9740056528270348;0.6007573946467623;0.01557322358955513
-16.912489611264675;-2.0926965901842958
0.034897335453906116;0.02293629683122382;5.730219208165042
-7.947416764642337;-7.431974649799867
0.008362595819730893;0.11160013584893627;5.642189953058981
-7.1746890618866415;-8.21831344819086
0.18287892975042827;0.588578121084164;3.328857556866496
-6.511637430263862;-8.962660307680245
0.07260963772289279;0.008368736451233904;5.218661090169779
-8.458906034493133;-6.953550105553066
0.19859194910197164;0.09326131701947232;3.9991694934891737
-9.451443131868421;-6.108294738839242
0.6312365588967876;0.05070515781219098;2.67575094911182
-15.820605368735059;-2.4911578089398323
0.6436141557980978;0.3905623290743738;2.1527485977866
-13.423172788081843;-3.5598469803418045
0.012461738665695176;0.17767635915039676;4.9822272888685
-6.870692592899477;-8.550974292908545
0.28043602334256695;0.03673677290365722;4.017885172908487
-10.844961791020106;-5.079473779423861
0.6884564887780213;0.3790840964761665;1.4239545034893843
-14.171221321856438;-3.195103629977798
0.3077621758092812;1.7919191124360254;0.956820623656579
-2.6012334487827298;-15.541575817774822
0.4316968098112613;0.20831436228785052;2.7832555176968246
-11.719564748730841;-4.51369291804945
0.012371745151245795;0.11429321277277774;5.183250870886354
-7.202995679207931;-8.18804262638108
0.017516167811775677;0.04473194420320661;5.742711523922878
-7.634246235218494;-7.740941929594704
0.44134437424585543;0.7482147433785254;1.927771688148369
-8.4451902861737;-6.965976229928661
0.7151016891569235;0.9310788425796697;0.3338032889929275
-10.681810248709832;-5.191440355633883
0.7894668639357214;0.7998720968245498;0.6541831318996919
-12.579275995727356;-4.0095980542115335
0.49055457032905214;0.6793139732097524;1.905643442241263
-9.438453744061114;-6.118706902129244
0.9632935778295165;0.613720832696389;0.12687935326603295
-16.631882758263995;-2.1903532056749113
0.3229994169024185;1.842171807976286;0.5288078113332257
-2.5393784261952;-15.69728114208114
0.8124834499838227;0.2309307475032595;1.6632781445158498
-17.298035632931832;-1.9636379558235864
0.12026807799917372;0.25617841361267346;3.6572595890059976
-7.60171226334448;-7.773777097102066
0.9068063962356069;0.6638836827574173;0.06526830106202818
-15.33288712914916;-2.6858669222973983
0.6429432402678807;1.0562789799073693;0.17350450546384355
-9.003060857800975;-6.47737835088866
0.8980851106689768;0.6431697250984674;0.9322499741599828
-15.358412873645678;-2.6754074150113274
0.1942436577020207;0.09690039952852379;3.8162843687098493
-9.376250966825143;-6.168794892194448
0.4834552662390279;1.3444260474292153;1.0516824516417942
-5.753682631797461;-9.906353296260217
0.590836110255787;0.4670295276766695;2.0372785108260065
-12.1287489890143;-4.267679367830349
0.5399883938136518;1.3161272971305218;0.2964151844071154
-6.444439260870929;-9.042094865406328
0.2676962478889181;1.1571129626343657;1.8025402263763475
-4.65457377119739;-11.493498906619212
0.18800850623129864;1.4344037061515624;1.4463334311923177
-2.986555578088551;-14.62880920866717
0.14006071527978836;1.5359001942985364;2.081231399765455
-2.3576971028934715;-16.171263504022026
0.15324284163510027;1.6083855469144581;1.4651759760134264
-2.22199400491352;-16.54289250500035
0.9255106009530493;0.6514511505764045;0.4298887213583522
-15.724103590360441;-2.5288330257338076
0.05151066637096685;0.404070484631733;4.145657582907043
-6.122360256459671;-9.433900927247464
0.4642791033288508;0.7340738722551879;1.6015858482499357
-8.794987995541815;-6.655660317114163
1.00122606380204;0.561439005387473;0.012492810817645498
-17.68959099059179;-1.8384466462091156
0.05760624421705555;1.1227430007628945;2.596823712298697
-3.161199915465192;-14.24403555108181
0.6984119097236623;0.35198572480726964;2.224045715080183
-14.525796164531362;-3.0325771234907584
0.2840007559752709;1.8910026014692065;1.1669667035146394
-2.1613258905149184;-16.714337875220224
0.010380751963817707;0.11050011077351035;5.344309072473279
-7.201990679906326;-8.189115355210951
0.6598796686154669;0.37102685158985943;2.2030281859489502
-13.805622000336601;-3.3695646582847822
0.6203705075211137;1.0681774214362392;1.0085364653738143
-8.666377958671147;-6.768178429005277
0.6683269161873517;0.3770663632007658;1.7778787392057054
-13.886039191452301;-3.3305770305389855
0.007368158045595321;0.3470241868905779;5.557675966074777
-5.97033193968376;-9.62549851847702
0.2104213566870929;1.3759783189898327;1.3403391300499867
-3.346538194228711;-13.853029856000825
0.3397614173512346;1.7755668357088787;0.2488605976398304
-2.8605704466068853;-14.917054457677391
0.7104160202446534;0.9465199064650701;0.15122530303352139
-10.521188737615928;-5.303755263349323
0.02954881317991668;0.05582874099121031;5.369101768257841
-7.70548955513898;-7.669531816084126
0.3321792894514257;0.30620468884146773;3.241004549346092
-9.785620604303713;-5.8459278136284905
0.7801265859772344;0.8155968173667313;0.5917502477125196
-12.337623036660453;-4.146403136195342
0.2524138148431635;0.028780256319113705;4.736415499854482
-10.532381655209496;-5.295860548170149
0.11055927373893833;0.1980172843835961;4.54380199030021
-7.8150906153750945;-7.560976721338008
0.5844488351164406;0.49875765180881626;1.7398347784886912
-11.822357745625762;-4.450817542961049
0.3073057000913121;0.9919013926066856;1.9875163118023196
-5.754752780051011;-9.904942696715686
0.4787560385564844;0.11986481271512717;3.573807672559293
-12.996212893741319;-3.7820929853650584
0.4569338438518631;1.4460774154663636;0.40464960005852374
-5.043593691630674;-10.897900697019688
0.13707137753077478;0.6753360069069757;3.5060720146647104
-5.641893140176465;-10.05501891047615
0.4231478193577069;1.4760125895089415;1.0883991626306797
-4.620600208752296;-11.5474866674811
0.8251249043712342;0.7523853191260345;0.6427467222260861
-13.431915334604565;-3.5554059488237932
0.5639642797693926;1.2514249975506653;0.27858420623428803
-7.02352096113628;-8.381981779266964
0.19298627764967224;0.1039946981353698;4.394354634604904
-9.317889726332648;-6.216133297528925
0.6540804935804769;1.0345849214004823;0.3771824920003891
-9.267012225439572;-6.257675502074385
0.4982218169878025;1.3639478014545237;0.6176756514421465
-5.801286391980321;-9.843832234248426
0.43249954712107375;1.4991004994589816;0.9140107531441108
-4.602026863405376;-11.577142320790552
0.3655344285718338;0.26310745510927164;3.016632343363378
-10.480275584983175;-5.33270016260482
0.3618044971632811;0.27255764165778185;3.1916847426942283
-10.37172976242263;-5.410164883066044
0.19861591417671343;0.14216524253625382;3.754723539803727
-9.15542518519488;-6.3496927412059785
0.5478201184750857;0.6193040038040164;1.233930757097693
-10.534245489311722;-5.294546924704015
0.7269245499300095;0.3404425284370369;1.6949882138591015
-15.050910336114281;-2.8034380504614784
0.5974856439810653;0.4560721182273441;1.9520933701957406
-12.29741741657608;-4.169526549493432
0.33465714889602133;1.7657738010720512;0.8646747885284599
-2.859196174292996;-14.920250710373091
0.5778429463076604;0.5278433873451351;1.3006558000353396
-11.534819990409966;-4.628552432437921
0.25059931861831475;0.06142785032972078;4.3481654177802795
-10.29963767300472;-5.462159017028724
0.41151729212108273;1.5707613990067586;0.4119993300699246
-4.134097908312741;-12.359092870723266
0.06157732136275454;1.154926747524237;2.43730977816371
-3.0773070998477934;-14.426800252633802
0.1284654522296646;0.8301473417286818;2.9092153752946097
-4.86338667897433;-11.16876748893721
0.23376031177892576;0.07094345204294994;3.8505018847746113
-10.02594789629872;-5.663599009634801
0.933618792570303;0.6707429769238493;0.035256288606433206
-15.69981969268393;-2.5383790022996084
0.02004546368936902;1.4655125367359327;3.875164297981817
-1.879507912957884;-17.55914561588703
0.01646876420066195;0.13484919290948771;4.8335961716115206
-7.137371832567923;-8.258400142157726
0.7399633479223678;0.31790458050575426;1.5637595097805603
-15.428917030901278;-2.6466737621724836
0.26023999965746336;0.015803065099276252;4.690356676031758
-10.717921946115386;-5.16647566974323
0.8335537503788998;0.21586689808600693;1.6832261343470143
-17.77542260153805;-1.8117759721483286
0.8151517653819972;0.24300427895309082;1.534750934359645
-17.24224509903506;-1.9819533291151232
0.7727329682502673;0.8633683707580364;0.3631412556736398
-11.904293700775579;-4.401220477608103
0.8521224757535857;0.7170356357632857;1.0356595373987112
-14.091733469682882;-3.2324309965001397
0.028444125190592515;0.053244581478938416;5.491548902536827
-7.707553455285426;-7.667473097360712
0.3287817277007007;1.7873459883972318;0.43885172523937566
-2.7501046403854073;-15.17771250333954
0.002726179883038437;0.0005319919210270693;5.8580717123858745
-7.714586233167505;-7.660462186871957
0.21825829594127305;0.06060544508951164;4.4860924180403146
-9.896320497644943;-5.761297882921564
0.9475251472953594;0.5747842341912781;0.9690058678650104
-16.69206580243958;-2.1691391380457357
0.9686634497952498;0.528223470612946;0.8987282953983973
-17.423141332932847;-1.923003614179755
0.0688627900272577;0.965570461226199;3.432199381864247
-3.819680300837899;-12.925973993726421
0.5220804097403471;1.300106727047332;0.5433083174400958
-6.345305815983601;-9.160710799216618
0.4698515603445107;1.450926119834701;0.22549192750617406
-5.1371224595542655;-10.760575450156741
0.05118708456778499;0.5898469333084374;3.7037548319770983
-5.244029492859565;-10.606229898761107
0.7973414124646219;0.8575534115268799;0.09848476267464529
-12.285071545815914;-4.176647998389912
0.717433262729519;0.30788629963754593;2.264966849985115
-15.155975671410866;-2.759193187374455
0.7321694930291782;0.8813789386729699;0.9364383206811794
-11.2336226774672;-4.821062156227946
0.10678816572470551;0.840305874139319;3.17783811742893
-4.633277434885806;-11.527302404474797
0.3032220462176806;2.006958387984141;0.028920956888410322
-1.9461116665182068;-17.351768917554782
0.17512278667570091;1.4088628644108312;1.6321294492647833
-2.985775468103143;-14.630565669756866
0.8704559019661385;0.7188520128813283;0.22060757801564526
-14.353435067263327;-3.1107773657028908
0.19267350068095285;0.5352529043154173;3.537297248620436
-6.885489313495994;-8.534454245984621
0.11381079184242548;1.6913078229231204;1.583156811456984
-1.7796030911249865;-17.88015172274595
0.42062673387816246;1.520279067316161;0.43025839465419735
-4.413934967278496;-11.883216562436694
0.3178762007244947;0.33166190446705257;2.8124462261176553
-9.452468763755375;-6.107473296954068
0.3973594586792964;1.5616862136989904;1.0216462835309135
-4.057418703783512;-12.494058963527888
0.9493864110767716;0.5686771771962454;0.9886318208212299
-16.772180471999512;-2.141128377469232
0.8461954250158957;0.7652860604006788;0.013446000674078149
-13.646099633928067;-3.4479469479858302
0.1549379407875107;0.14006929059062043;4.110327703887444
-8.650270528755948;-6.782398027927539
0.10096545073811093;0.8546958991382092;2.990917781111248
-4.5233946550317246;-11.703809629313584
0.33084872270014776;0.2931483306922152;3.4764282396689197
-9.85034858084655;-5.796308319057669
0.2030836417032371;1.3994524723396327;1.3223146669916033
-3.211046927421609;-14.13718400568635
0.26624597727173643;1.954864930009782;0.5408113272497298
-1.887593516272181;-17.533696246401586
0.04718157326859441;0.02127612470384975;5.612131542838053
-8.094820332843833;-7.290863092677101
0.05249591142035974;0.019667702823730593;5.487318699242582
-8.164062865550111;-7.225497545363235
0.38141395251916205;1.6693546394721637;0.11628214920484305
-3.523393680857164;-13.495187759629397
0.44954358861924926;0.6966578470572431;2.213287586331956
-8.841838949714536;-6.615116317720728
0.2732339059171626;1.2003057421473542;1.31734375429295
-4.518895422394365;-11.711112655837685
0.39434747705628176;1.573961402833238;1.203855560568425
-3.9851779275226704;-12.623108863450089
0.49720570313560375;0.13296474818716555;2.960736405504151
-13.167546964186394;-3.691633725261934
0.1082183664507363;1.6338655886946019;2.1289142251016586
-1.9007458543728089;-17.49246326809723
0.00038359295419525366;0.0001031640559170847;5.937404635650986
-7.6911525611136256;-7.683848320736415
0.3464426153567208;1.7129132418003437;0.5066534749516522
-3.11780308242394;-14.338111204379862
0.7470142225205694;0.8389067543246523;1.1110934818829221
-11.719853728587903;-4.513515130706552
0.0603182109001954;1.014639533040743;3.336969168406397
-3.569724451085493;-13.403758674729366
0.7041663282461078;0.420138718304711;1.2584094402142996
-14.099093919501804;-3.228960599439254
0.2791203986097081;1.95297074590441;0.5222906433886413
-1.961756911991379;-17.30378634752631
0.32544334210057596;0.31207940763182085;3.360947598241002
-9.665730391787648;-5.938850349525007
0.024240495924941964;0.136046916132648;4.787155685842072
-7.213555207540292;-8.176780374650699
0.17149782723935997;1.5072215908995665;1.3944507478843717
-2.6396793807203407;-15.446164681349654
0.1950756806939798;0.14765388772851107;3.604008616707087
-9.080041129858182;-6.412568919604247
0.0968799182975412;0.016721665432817858;4.816297422840035
-8.692552455440934;-6.745132572656025
0.024103601442313455;0.10341084102041771;4.951428500277357
-7.386927431916577;-7.994167451410278
0.7144905276331818;0.04863212516493512;2.425397922176905
-17.184782284390014;-2.000944053274302
0.38680035991154677;0.24577380184999448;2.9413770040529044
-10.869149304189024;-5.063053206484936
0.23859228866123805;1.1421708675994722;2.2745433769818293
-4.472282169732883;-11.78713136277984
0.608289641750474;1.174772716562989;0.01607679986861897
-7.919183907197913;-7.459311670880363
0.40248045113362335;0.7603944791419618;2.095831233270115
-7.9346014932592475;-7.444370838881116
0.5036582175727738;0.6840039007681004;1.5465393485984835
-9.570249933961527;-6.013812055809608
0.7551510707647237;0.2713712518072223;2.327544676825906
-16.03656964298014;-2.408329856035666
0.0573971326345475;0.29173669441188815;4.500885319259718
-6.745625262945589;-8.691991983516315
0.09841327852884789;0.9536381126644544;2.6262750750617716
-4.0978001748627495;-12.422727286537095
0.4010526198325033;0.3359928567613656;2.635294086620645
-10.468378859466137;-5.341142647526085
0.5687605956428787;0.5372305654020235;1.7370990050080874
-11.34944727788442;-4.746250393163348
0.511209097023374;0.6777908856740565;1.639256634915221
-9.70171817772601;-5.910817785626404
0.022098390528912205;0.5076842991344311;4.75830518383326
-5.353139329991476;-10.451502028834149
0.6490439358791532;1.0415712518610054;0.5000599103254639
-9.164142185718692;-6.342459366848381
1.0036708374922745;0.5546384105476793;0.010674661862259186
-17.787714728908327;-1.8079788201027542
0.3117854264252465;0.9649926473085436;2.2852488485096454
-5.926248972211676;-9.681888711250235
0.05657686170429165;0.014702121129887507;5.592825183081423
-8.238676530524069;-7.155708905458416
0.8570092429384716;0.6864898021106585;0.9937151175735616
-14.39472295667704;-3.0919074352479075
0.15377797188388645;1.5899371923618728;1.3367213195429797
-2.2789047994782132;-16.385098534013313
0.6792216452736516;0.3660548471003602;1.6558278969896152
-14.130471261645235;-3.21419838372886
0.6682617740224323;0.5121712902254062;1.374190565540957
-12.900994062979061;-3.8331192269650174
0.4300799448404302;1.5447269579396126;0.3721835903870777
-4.391013195521247;-11.921250946367518
0.6660074649188894;0.9498918009904056;1.166519910906255
-9.935195294260659;-5.731840876939554
0.0375704537958294;0.8671762419169563;3.71647010069529
-3.9586256320306497;-12.671014309608921
0.017744103772064944;0.8167247433871784;4.367307265355355
-4.00102957779928;-12.594631472072813
