200
2
2.000220801188206;0.00023877756475686803;0.0002616873610392533
-45.69023817609525;-1.6880071031670423
0.0003571113833783316;4.000333142842135;0.00038002119761335973
-1.686547445410355;-45.682355566239515
7.26530068342385e-5;7.26530068342385e-5;6.000072653006835
-7.687899596816048;-7.687100413740871
0.0001028970969924087;6.607007675087822e-5;5.971656855159998
-7.688268502167617;-7.686731536878042
0.2661148652908416;2.031095120616686;0.005520247732516718
-1.6903378122522654;-18.177857102637297
1.0129077368063368;0.527890216417144;0.003194443692354272
-18.169868990719703;-1.6926911615688804
0.04229499904025877;0.007464570612593843;5.551283435403523
-8.117638182635691;-7.269258480488529
0.23136579492905557;1.2065385231251442;1.8453791522989629
-4.149810621007426;-12.33168688694479
0.16571396656089007;1.5387325330604233;1.3723401945053078
-2.50490909737047;-15.785259696695546
0.04194280353137188;0.01830506033836801;5.7021234995519405
-8.052493815092735;-7.331107801124602
0.2229051628446437;0.4886082530231314;3.1090493733968514
-7.45394306224793;-7.924720262920216
0.8954591893141792;0.6334654117967392;0.8395063965818504
-15.393188688001224;-2.6612060528534114
0.27653173256219826;0.4098770247294514;3.0260171771607
-8.495527778885172;-6.920476934540778
0.06210493387492828;0.3284637793017564;4.604303200004179
-6.6058231468488025;-8.8526161739197
0.04272314970328002;1.0208664089284551;3.5757188112724507
-3.4177001789275305;-13.70732138366838
0.5302849087199206;1.276516182933629;0.25347994274192587
-6.5464278225541435;-8.92183784298581
0.6885945056266749;0.3570589829268576;1.7686526110362502
-14.338880430489118;-3.1174501188977026
0.13665558585730614;1.5974816181611433;2.0957577320271255
-2.157989915786485;-16.723864826698325
0.7445889589263078;0.2585885648904293;2.2614860073479686
-15.970091596915918;-2.433608714331868
0.22887571559426398;0.513651109150878;2.9880951796658186
-7.383176545203369;-7.998073002789219
0.5977185182950889;0.4536387138213511;2.322109404409634
-12.317655526891192;-4.157873976434097
0.20538166610400121;0.5436381670591038;3.274194964112962
-6.97434413005565;-8.435967313417764
0.027461343082017958;0.013734828213418409;5.789422656943488
-7.915729658370957;-7.4626632209141635
0.8382569583656564;0.19333190107524312;2.3815291272547823
-18.044829977673984;-1.7298278054572187
0.3297346073744994;0.3449296467105398;2.9050217839094032
-9.516402764073344;-6.056467515650296
0.16093879243580425;1.4510403758425907;1.979274983077357
-2.752113258172976;-15.172903958853778
0.006171630409207181;0.0027677191270594143;5.84754031740546
-7.740257170301134;-7.634926211696231
0.017760964021261042;0.10270808890553793;5.476998506529264
-7.322490095464924;-8.061537864958098
0.1686370281432651;0.10936762289795675;4.212664803440079
-8.992926726017053;-6.485955958742746
0.05216482323803884;0.011245898702755401;5.378493258711674
-8.208125196852802;-7.184203971346254
0.8150863739324782;0.7452414910704487;0.5886824234063575
-13.3377252416217;-3.603481416882114
0.27225308757812366;2.0010261526234605;0.4711268083128597
-1.798090568691419;-17.81981032083076
0.0012075725548302857;0.0008769287670888261;5.919701245154362
-7.695962555993662;-7.679042176225371
0.3193280014147195;0.33371997970832873;3.521094445450785
-9.457634105363026;-6.103337851030811
0.03967638822353797;0.07487090347433242;4.976751141450719
-7.712170388535434;-7.662869785835254
0.2536130616928123;0.47684998008088475;2.713635790441147
-7.85549149825814;-7.521353921906
0.7585000313725302;0.27386117131800536;2.022371966650936
-16.07015820622729;-2.395630400529685
0.6300002004800741;1.0593235532282521;0.8155968640505731
-8.831493859741038;-6.624048534690183
0.46672547979545465;0.1794123642683451;2.8235615804527634
-12.403286477510129;-4.1088619289619235
0.6603618486386764;0.3856462443096902;1.94001117143217
-13.704795834370636;-3.418943851726347
0.36145346539192214;1.667306774895511;0.6985764568177213
-3.385191922943973;-13.773590208172307
0.6698278313204981;1.0475869805112603;0.23481379053594878
-9.379181866794548;-6.166426363367454
0.02860989434576369;0.04830269162794293;5.18928750593093
-7.7366235484697565;-7.638535480770326
0.7336753111593314;0.06887302628777926;2.769540801216247
-17.334866364770175;-1.9516128084304598
0.644975358537497;0.3961262453005053;2.048580734687312
-13.402456781102632;-3.5703875915832555
0.06886659319105284;0.042846381801491654;4.886456513924563
-8.218380930876897;-7.174626080490143
0.06758998828126751;0.010017436861942163;5.130970613672279
-8.391559629697563;-7.014771692991043
0.520108997029011;1.3085036598075703;0.14613754155019626
-6.2839060368241615;-9.235048360069195
0.10531878010127632;0.810533657038222;3.4552858325193894
-4.7479467944024885;-11.346803859594853
0.4579173994626506;1.50576967414165;0.07578132758264805
-4.790881343306611;-11.280164970686446
0.30472577198593587;1.140826146777382;1.5830011224085792
-5.047298653076409;-10.892419283937018
0.35511441812429423;0.8667655538459187;1.86720323739534
-6.851051797170832;-8.57295569074146
0.007321217238027348;1.2690041999506572;5.710212064336863
-2.361933728574248;-16.159913148794875
0.23636107995390165;0.07620900337395653;4.343875299281115
-10.025545044240593;-5.663900322368277
0.047001397510859175;0.029697627013321185;5.0001193433737825
-8.045313578678773;-7.337956730586405
0.45129983855603745;1.414209088191679;1.232856216886072
-5.135392428567397;-10.763095950443041
0.5256501710966553;1.2967709119439668;0.9617476136906623
-6.397667666985103;-9.09784393424232
0.8676307695613619;0.7412239061754657;0.01608069281285133
-14.142817796925305;-3.208403834505469
0.047610451350634714;1.3494181437029245;2.515028643075856
-2.362425893827061;-16.15859554484527
0.5040822630660796;0.5868682012794787;2.1651981735483807
-10.182120380024118;-5.547860806644632
0.5740291401258901;0.12723026963989714;2.4801871491968046
-14.344143885615173;-3.1150357688844577
0.3337323029566427;1.7451502225762274;1.0497368447922555
-2.9216353967160043;-14.776177180008366
0.0264038560000531;1.1102260485430402;3.7524120204932494
-2.9898326874710888;-14.621434389443364
0.7123739770095655;0.9497940182690343;0.7492757194509325
-10.52532788771004;-5.300834594458975
0.8483089299320268;0.7312839505411775;0.3351532157737122
-13.928706057764403;-3.3100330552127684
0.9271721769621883;0.603303807007367;0.6175990128796988
-16.13332545807396;-2.3718794419868576
0.6797417549149377;0.3627437284786559;1.904594056165775
-14.163058989159785;-3.1989213942963692
0.3208725734486969;0.01965391515000159;4.26325200913956
-11.495999275227645;-4.652995726006331
0.43439237632147154;0.22672100616104957;2.7544886823203374
-11.63109646019678;-4.568395248895951
0.1770510181150567;0.10545957049751548;4.1199801736418955
-9.116856637294875;-6.381789514236297
0.2951707451950427;1.8552302227245931;1.0256577338969104
-2.3305554773470054;-16.24433153302659
0.1891676026782592;0.0909481144966764;4.059956418778482
-9.350720339722015;-6.189462340263751
0.7386044567530407;0.8866736049958498;0.297426926675792
-11.284176147403548;-4.788287753791001
0.24515415901721913;1.252762108045475;1.3346933144235
-4.075339936841493;-12.462331626962897
0.5667265707168955;1.1635784532108104;1.1760778192907353
-7.5227183196360565;-7.8540967491832685
0.1921523776779386;0.0839066461061194;4.170912445836785
-9.429928624914496;-6.125549423167162
0.1154960836871882;0.16347487648846154;4.3834242226836535
-8.063403684441106;-7.320713484696041
0.9813804255926455;0.5380621289514997;0.3262465460244173
-17.553109421420448;-1.8814234768487457
0.31273813652538307;1.8043142391171234;0.8486364652649384
-2.593550136874501;-15.560767763604431
0.2614028794436091;0.4254422942994072;3.432358562293113
-8.232478699469503;-7.161480589003582
0.7532003137652485;0.8497307726082436;1.1743705484161238
-11.730399500436008;-4.50703109629122
0.9391281022111276;0.6109839853744152;0.4057127938640387
-16.263476081933554;-2.3234816724073166
0.06962557166889048;0.005048583238388517;5.219295857966894
-8.443624407683888;-6.967396246590573
0.179469873580104;0.5955678258576065;3.3919280820651143
-6.44203841479233;-9.044947280463713
0.1395051718484043;0.11726595842693771;4.683983875677077
-8.603255365150618;-6.8240671271820394
0.5939644649519541;1.2389703600323765;0.02776256690338244
-7.409377361882982;-7.970833093296136
0.07423442964152963;0.3752440495065543;3.6343611975443313
-6.4916634406716796;-8.986190533130126
0.5592101232972385;0.5104899174761625;1.685181251934503
-11.400696095212632;-4.713462474911172
0.3271924946729628;1.819831141693084;0.5416003955868488
-2.6358108961114253;-15.455718571930166
0.25922280664353275;0.031072969168215336;3.807940783037231
-10.605581636889077;-5.244482551581722
1.0032775929335749;0.522269014014735;0.166775821267518
-18.05417938514058;-1.727031494764015
0.7351582019989428;0.2911348209087854;2.203575951002543
-15.56346791288657;-2.5924704989064655
0.7470197439006059;0.30803395102490055;1.6167896972859874
-15.617139585533778;-2.5710786809943547
0.3782023937970962;1.6160749280011883;0.7221247779756873
-3.698346978068906;-13.15471852254586
0.2990318183802858;1.876921034557639;0.43659937610133825
-2.289260556016416;-16.35669193178416
0.2602047081850924;1.954368974515602;1.1357682887708431
-1.8569624445968056;-17.630517584196397
0.15469737851578316;0.10104360636024212;4.651912457730882
-8.876841530678348;-6.584978873293782
0.1816153762140731;1.470111172898323;1.3378846127694832
-2.824841952634263;-15.000526577806207
0.009722327688634316;0.8692297131925634;3.8378038474700507
-3.7358168265020226;-13.083452462470264
0.08381125134023013;0.012757215878618215;4.861750810427633
-8.563242334466347;-6.859724179646086
0.30966058703910576;0.014858690602482435;4.305575684601882
-11.377418553046155;-4.728331234813136
0.21279088679733937;0.10006640817326426;3.95382066049389
-9.583794762943215;-6.003125743307659
0.6371511656998905;0.4279783477502702;1.4575601945549317
-13.058546195372687;-3.7489823752280684
0.07248803026288103;0.9708576543456522;3.1437716393657076
-3.8272316410010867;-12.911929173019876
0.031073054931202437;0.040117805278885636;5.278741048398765
-7.809140921412181;-7.566829570993467
0.14385776811711706;0.7005555249838773;2.6542815390099688
-5.587316918187769;-10.128556794433841
0.3906056079266851;0.24770912394346087;3.1690342285032247
-10.906385987576751;-5.037862976567748
0.3229409436352847;0.9847362172278536;1.7388899614236701
-5.938623442165738;-9.666021071695862
0.6916612487855842;0.3480584698067807;2.1342458833675573
-14.453223759887077;-3.06531945447881
0.6731425911283329;1.0003863807136468;0.8045502201271216
-9.7095893893955;-5.904702572422294
0.29324331239897455;1.9622288532803982;0.011014825964195852
-2.013584422576385;-17.14674893588333
0.49699711898801646;0.7579397138257457;1.2975271263637873
-9.041521621198399;-6.444921855545238
0.40611219595580633;1.5605579491094261;0.4284767367293514
-4.131668548240359;-12.363337677416306
0.12472813513955115;0.15500082563296894;4.469218018608217
-8.215926776577032;-7.176916885469566
0.6154808734972266;0.46532327389394823;1.4340840775741825
-12.48471387354445;-4.062690669438895
0.004663341913001953;1.4289438858058083;4.100944231826469
-1.8949183892680448;-17.51070761104589
0.09860881313722707;0.922020801663147;2.6540770397378
-4.226422178415721;-12.199257107691343
0.03107680452257094;1.1964936825858827;3.203261230191896
-2.7353569979663384;-15.213097806914488
0.2975048904414466;1.0942694244985625;2.336431157946819
-5.190832151857065;-10.682688231629426
0.5036005880116965;0.6507000620871418;1.286530716534187
-9.77534917088717;-5.853836917588406
0.2148954773538033;0.13769324570143499;3.6790790739085897
-9.379358471140598;-6.16628367207271
0.03272275885963792;1.3215304882302652;2.5770349377269888
-2.3567821153331514;-16.173716790954035
0.03623624001902791;0.5056402283569724;3.7223685802166315
-5.492711682429639;-10.257556913937723
0.34016512640007013;1.756216889778664;0.38437732642252886
-2.927655552247077;-14.762408559010838
0.6964549444589859;0.3641306083014331;1.5394975583700752
-14.404172851616847;-3.08760076483492
0.46160940883700546;1.402156173387335;0.9169821153827243
-5.282725534274389;-10.551036447120952
0.15792119098812593;0.7479982890559036;2.533139578234065
-5.497401239085752;-10.25111621696192
0.8903113256458286;0.6872175548276529;0.006454164644949492
-14.896762735525483;-2.869306674421435
0.2852711107217806;1.9431874301120209;0.2778501820728812
-2.022106221203951;-17.121203516557006
0.302765399731196;1.9307165575905243;0.10438933706424103
-2.155095623840905;-16.73213896325036
0.11206474098478522;0.21878699800104942;3.8842431999834126
-7.71691220396182;-7.658144880308089
0.7236824924196661;0.29859799050738345;1.6723960103911533
-15.325384076092176;-2.6889471384407413
0.40690107492794575;1.5170892481025735;0.9785810179472567
-4.314033702203488;-12.050191782916988
0.8046849801122418;0.7643529023945375;0.4614082242180908
-13.049147646088281;-3.7539600099588752
0.27299145451078943;0.3994355839336525;3.3586282002609344
-8.514986406474021;-6.902965830506831
0.2856390249860737;1.90840906083764;0.8851021302215615
-2.121198780457964;-16.829639899978385
0.34166142652265263;1.7107920655946556;0.7652608205009125
-3.092112313715355;-14.39427365175821
0.6158973839753374;0.44173914729215824;1.9230805442227095
-12.656993797355955;-3.966381970112272
0.44517835464766903;1.5209013933311635;0.19632159330183394
-4.617090836368799;-11.553082360762877
0.09347400628733141;0.18988887234819854;4.719915336718022
-7.671333919901762;-7.703683377410654
0.41873856172705115;0.7806391599912168;1.6400615691163516
-8.003339353136477;-7.378121755044739
0.27263804683051013;0.4022869197491362;3.2265319885113493
-8.494386360371365;-6.921505447340641
0.01191124770153253;0.08313161332890763;5.533251570173709
-7.364817422877007;-8.017217720061275
0.10925811321853393;0.22246140567148803;3.9419080082761355
-7.665817078649881;-7.709214050228502
0.9724505148982032;0.5752487786836036;0.1256811021657927
-17.096534670098784;-2.0303599078579526
0.14855711408973904;0.18311289594926033;3.9992337520669583
-8.32750363101646;-7.073488976484068
0.10821261103546825;0.18074735526462682;4.539987901621916
-7.885001177614551;-7.4925446427451465
0.019435511768057974;0.07951067699366422;5.493474045884277
-7.465633487416635;-7.912669675449664
0.9439192397014968;0.617696272074202;0.0065078803596113855
-16.286543367146415;-2.314979086529701
0.04197605769145412;0.025776669963913312;5.07744491368616
-8.010849332254171;-7.370919432645227
0.05623531814543745;0.33286754488580705;4.491679538641386
-6.5238918000460755;-8.94825779459033
0.15478504612209307;0.659071274737489;3.1629173014495207
-5.8873945728510515;-9.731907580277381
0.41276788685061677;0.28669295235316117;2.576565180659568
-10.941487103532749;-5.014216068703952
0.30817890374442924;1.0251619519616972;1.5201966819350758
-5.606198033937556;-10.103043623138785
0.6952275542605884;0.9903044955347317;0.5805017637914912
-10.048448884498876;-5.646792141647979
0.7876899625332044;0.8174346250859956;0.03284920383398885
-12.43068022765467;-4.093281927870126
0.4814334007173008;0.135549332921154;3.121583639568981
-12.92220027053146;-3.821708116883538
0.0288955606988478;0.043994258197970745;5.337963585700166
-7.763573101032638;-7.611807605835666
0.2589301799215332;1.2569950983202287;1.2598578758027261
-4.168579099999311;-12.299061223248094
0.6257820117320579;0.4381473128045582;1.6497830722311508
-12.822938653807782;-3.875354836552648
0.5535810949790728;1.2566301245465852;0.006195928979852607
-6.8877670232337165;-8.531914303706552
0.20220153199347074;1.300730908593099;1.740726860362002
-3.5611004596824545;-13.420706750350185
0.5649825285259729;1.1781091202068368;1.2021257399353893
-7.425025503465163;-7.954610198168962
0.2871659946517486;0.37741388005802134;3.3182173068345113
-8.809326342598931;-6.643227140898696
0.9952505267201244;0.5652199078108723;0.11647301957743215
-17.557972645048164;-1.8798800431250169
0.15907535343864115;0.7875319638870714;2.4163563605429506
-5.326221850878251;-10.489415677985928
0.1457917924990225;0.12113312546588656;4.415667676149375
-8.654030886581594;-6.779075831727853
0.3475206630891291;0.31469213981489097;2.8739032104605795
-9.924086028565796;-5.7402449785687555
0.41497974828513345;1.48844435881076;0.9769560744190138
-4.499435571477168;-11.742769056122594
0.7669042912301376;0.2988395108633189;1.481452347956658
-16.004978501584308;-2.4203187140177884
0.3452914436810616;1.7302663985453224;0.5099807866683729
-3.0501824919186307;-14.486701114933819
0.8579648404758378;0.7041125040693021;0.6100241557199378
-14.276268472287269;-3.1462795265811625
0.3167410933949951;1.8420551651888373;0.6316755540665339
-2.5009972629222013;-15.795300025309519
0.6075452678614702;0.48333178295391666;1.439875553352091
-12.247644012483708;-4.198297732024447
0.3996676601906146;1.5729405696916163;0.7555457962462933
-4.031136210553457;-12.540793952967716
0.00721016794947331;1.373755968703235;3.3142414557665028
-2.058947382187849;-17.011639343035025
0.9558089719989395;0.600107559948306;0.7939816762394791
-16.62086659974251;-2.1942523751972063
0.08934546808666527;0.22033374537974795;4.534377446617164
-7.4601986729233065;-7.918269574193897
0.07824915644884713;0.012982434508996124;4.777549615847177
-8.497434138487518;-6.91875947621184
0.12013123702003331;0.22231613582034168;3.8709113919475366
-7.7865269312639835;-7.58911721084701
0.003939820906189746;1.4361509844333848;4.009432205056937
-1.8719666437368796;-17.582951412567944
0.32223276578745547;1.784125587412411;0.8732624538514504
-2.7181947357652834;-15.254455349977784
0.12994923724333454;0.28776035385954923;3.645242260382174
-7.535035947771349;-7.841516620873029
0.7700686302862193;0.8956995669631754;0.019377218112653864
-11.647207255795374;-4.558392626093479
0.7290470079274359;0.9368754184087172;0.00957276204164366
-10.825871112277586;-5.0924665403698866
0.7435952036128084;0.26658279725601697;2.0587943553975077
-15.890724792348498;-2.4640410826828996
0.7926535027645499;0.23687356603154708;2.1714376540359046
-16.922156657991742;-2.08938882351866
0.3984562406660507;1.6085127669342192;0.3501916545121393
-3.8823934527777912;-12.809996594401087
0.4258465810380295;0.7649291210197426;2.4324514155237793
-8.17223022463016;-7.217825773010683
0.30734183548140087;1.0919390205681547;1.2956618326945035
-5.2903682458974854;-10.54017709155637
0.11290805395059503;0.16620543323685583;4.739284438973608
-8.018912143187777;-7.363194721880098
0.03556016412076559;0.029031406266281815;5.298425580565757
-7.920760548216909;-7.4577824064891685
0.446538243421673;0.1995402339636848;2.8333703982033653
-11.982941924896497;-4.354043143220225
0.2339148575961448;0.040843070046813465;4.436314245117813
-10.218244143432706;-5.521391046832471
0.2775021827305164;1.9199138230566046;1.0323632208380673
-2.043475810658193;-17.057479844209485
0.5849312399860689;1.1270836728713258;0.9024928759906284
-7.9246134653914355;-7.454046587282502
0.281204340427779;2.010092878407398;0.012573164013924974
-1.8210264493061945;-17.745552622376437
0.3894209624229817;0.839240996187637;1.5437632822039284
-7.358953155439731;-8.023342940198141
0.386653716311751;1.654453058883599;0.36405287601426994
-3.6176166702467643;-13.310218559107833
0.7429705410757524;0.027243810885084287;4.0413404398700346
-17.838132721165415;-1.7924627372347883
