200
2
0.0002140851866658731;4.000190116645422;0.00023699500090090122
-1.6869049223498034;-45.6842863313428
2.000357060736515;0.0003750371130657586;0.0003979469093481439
-45.69207775383773;-1.6883478258781148
0.0002140851866658731;4.000190116645422;0.00023699500090090122
-1.6869049223498034;-45.6842863313428
0.00013467965254054776;0.00013467965254054776;6.0001346796525405
-7.688240756227581;-7.686759280049635
0.00013467965254054776;0.00013467965254054776;6.0001346796525405
-7.688240756227581;-7.686759280049635
1.0212053887325498;0.5428534264981024;0.014603718400327384
-18.18373767915764;-1.6886068185206733
0.2701466799529715;2.0368931404341764;0.009942340090573015
-1.6960121101718728;-18.158609695982445
0.02358152083717994;0.04783303579245678;5.551801911371576
-7.6838154812425845;-7.691185416541652
0.2555278236592531;2.0079770923022804;0.901293666515294
-1.6952058650415525;-18.161341759863074
0.12220034732668655;0.18688228958725894;4.287663560604538
-8.007159594784977;-7.374457139057723
0.01740661386682626;0.07411087471639673;5.672826578367712
-7.472907246653287;-7.905181363463473
0.20145763914164244;0.6465024585951991;3.128677846023484
-6.4071052226967815;-9.086564206127836
0.2956427180585095;1.9469363355637956;0.17077148122657884
-2.0692094142135833;-16.981369308128123
0.22714363063458756;0.5923900150599333;2.7312768082065557
-6.947007224755421;-8.466137516453761
0.002328139938520648;0.005201045006925717;5.866790605927731
-7.684504088554682;-7.690496504983411
0.705107817891533;0.3404654969559297;2.24741348179647
-14.715491123069928;-2.948239595971428
0.5048886122530482;1.3199172329123008;0.7719003116451643
-6.077916778580077;-9.489456871048324
0.0014252893009212325;0.0015777133114322159;5.968039897227914
-7.694502379283303;-7.680500861088792
0.14389164873380061;0.235678568734913;3.6539205477131365
-7.976790910786093;-7.403638894726521
0.012012727828168621;0.08802024164418107;5.502282052677329
-7.339624009700489;-8.04356665556677
0.08932855320848937;1.0776125733583508;2.4971386028482394
-3.5513658633662333;-13.439875999721327
0.16212236164953808;1.5055682138888575;1.3397278883082662
-2.5857459911754277;-15.580304387663022
0.2759616185381316;1.105093471619886;1.9088070089506257
-4.951061018395123;-11.03593359837497
0.5297857903045555;1.3542044033146754;0.6620978722348931
-6.1538279753348455;-9.39478902509605
0.26465566339711016;0.4376158181568009;3.524290495635719
-8.200233363810081;-7.191582768798469
0.017984992675349667;0.11325007273696792;5.048953002925259
-7.268431731281953;-8.118512692530906
0.2022498330853761;0.5386944054188059;3.186518693708376
-6.967437162177557;-8.443579293906149
0.10252284406322457;0.019847593655339897;4.988535988550715
-8.740387853786832;-6.703208814604628
0.18323817643725837;1.456120464333986;1.7785772937941042
-2.881781676611215;-14.867866902665375
0.011762626878975077;0.15545788548718623;4.915107625957082
-6.979276744804205;-8.4305356938258
0.1355369766627646;0.16447147906119688;4.3345682672957295
-8.285177695973106;-7.11255047906545
0.9738739462952744;0.5774704551697649;0.3232527207558433
-17.10168616131878;-2.028634349690159
0.08493787630931737;0.2712147856104974;4.0440291972050755
-7.1404049181524805;-8.255134281062972
0.8397558035250916;0.7620743583421471;0.26728647087024865
-13.57509597321117;-3.4832862374227727
0.41765718399921886;0.8099983002656177;1.9901173201114153
-7.827379275815963;-7.548902530754943
0.9959190463836544;0.5178076870226628;0.8284674404200544
-17.967432868655276;-1.7530984054641732
0.544430618597485;1.2441366745470666;0.9939470499186179
-6.857595556008355;-8.565625366881415
0.3186692505991744;0.39855917351471193;2.770412664741524
-9.057801869589051;-6.431229265069048
0.34504797282432714;0.022534309229013574;4.37543808563969
-11.804727538727292;-4.461549538111245
0.36332950576697254;1.687298723149561;0.5970043979913097
-3.326810241647046;-13.89384706941882
0.23954654751245388;1.2069937864430356;2.0495847829837794
-4.213885613767284;-12.220793219366694
0.3007307806056601;1.8824003673800032;0.3848469208683633
-2.283140791221095;-16.373467659076606
0.06462214275362832;0.014298348930307032;5.113527183820374
-8.332915219508774;-7.068509917162331
0.019721472267426918;0.055700826116113086;5.702879755720432
-7.598345970016585;-7.777182667410435
0.3737378619289326;1.65396915851989;0.7165774127639234
-3.5235164564442183;-13.494944237726491
0.11066275623187478;0.21767727522151883;3.7498601903345445
-7.707578614467245;-7.667448004802706
0.6765860446608973;0.4245739406985851;1.2098037209843022
-13.657084339054107;-3.4425047041987997
0.46382216575075563;1.476832677649198;0.4233841169739699
-4.968571935732156;-11.009643743356706
0.35382705931982844;1.7149811575438334;0.7396777888815678
-3.161909049334486;-14.242506477280426
0.08603202972982552;0.2615208156099451;3.823302979569667
-7.203490352394315;-8.18751467004755
0.11163004593097901;0.8279831808209366;3.3270267768858166
-4.727213025045706;-11.379167003594471
0.42651475641793796;1.5808036654493833;0.17554855429249108
-4.214397377838019;-12.219913056586599
0.042133274225685455;1.369738800583763;3.268997639552015
-2.269841524274168;-16.41003629773048
0.012935107240596912;0.10077044825412966;5.367990395327907
-7.281158759268094;-8.105061330770386
0.5482169903509143;1.268010525908742;0.6321430974647663
-6.773267512227116;-8.660609509503164
0.6498670944966212;0.38858449530136785;1.8475663066900039
-13.529017079620107;-3.5063704490094865
0.5952012756973126;0.4559664715188001;2.120220397459849
-12.266294794740407;-4.187497916106331
0.2125685712055708;1.2848659465469208;2.02979275348176
-3.6981251939139517;-13.15514203940752
0.07641916291549714;0.22797293023618626;4.646833215733214
-7.279904884550569;-8.10638553300768
0.6940001082374387;0.9623478089035753;0.8116399503863306
-10.20976821371341;-5.527591730429083
0.962216052400732;0.5586800000288068;0.5073153502043709
-17.064415387940556;-2.0411422354413284
0.9935765029216165;0.5912031954212315;0.15235547381685297
-17.31389983053823;-1.958451915896214
0.5589371971397644;0.5053752186310522;2.363370535733977
-11.431400706236685;-4.6939097741034415
0.402679592233112;0.24711343979820025;3.436631555909248
-11.069489907114086;-4.928786715765827
0.01529980947566817;0.08137909997838766;5.416375094132923
-7.4107914100445935;-7.969365701342159
0.02019908044552379;0.09566823804834214;5.301642974066599
-7.386569357063854;-7.994540205794093
0.07622510165507884;0.2974113592154742;4.004573915883205
-6.911227379242164;-8.505800094200646
0.24964264370203854;1.271619685203222;1.5328688370874863
-4.03616123412847;-12.531839609919066
0.28632049232987716;1.916768765955643;0.48444706232428414
-2.1014766953240205;-16.886882289578796
0.15485433713760963;0.7354564646971874;2.688004276637846
-5.527148333728363;-10.210374028370014
0.29902346468469526;0.3543870967419691;3.4732692815397455
-9.08699919348684;-6.406741034585206
0.8923579918852144;0.7082442940691523;0.4695357328862493
-14.766885592085341;-2.925697005371301
0.5967106725780025;0.09606649331405691;2.995590805805473
-14.92713935599178;-2.8562359857303496
0.03468532711905788;0.46862346412199224;3.733124802133764
-5.65101235183885;-10.042793260561492
0.07124889745518988;0.3288844088937257;3.85901504840022
-6.697113592963773;-8.74736634678058
0.6458206867561095;0.11335579997582967;2.575124666834899
-15.556427547254119;-2.595286238353837
0.07072863530220815;0.31994019927258066;3.9073626765397136
-6.737700048151061;-8.70101226350087
0.2047870870720472;0.6345704947805466;3.050779964793174
-6.500643580799455;-8.975603107800428
0.37381522053641947;1.025081376810103;1.4482239604885982
-6.238498875186531;-9.290459168296437
0.3200487133308204;1.8043620158200289;0.7651158504999777
-2.639556793197016;-15.446467273939284
0.38038846136272636;0.9896757030329443;1.246026479795484
-6.4809513599350534;-8.998837943317461
0.21466975708993577;0.6034996396887159;2.529674392304648
-6.759951059018613;-8.6757124396159
0.2681446926723555;0.03812927752788743;4.439753608736546
-10.675544086012598;-5.19578290002754
0.4965875564828097;0.151080329272432;3.097062880567095
-13.028144935035808;-3.7651023144107447
0.01166608318496425;0.6214390508144931;4.098574388865225
-4.755643980774878;-11.33481970966509
0.16010495495711533;1.5205425211537755;1.2952048944889634
-2.5264690157876473;-15.73012773942264
0.13360587564181858;1.6076110687492018;1.4994647019129055
-2.111974084201546;-16.856366576322756
0.1768778976463785;1.410988742138266;2.17819675312507
-2.990460296245339;-14.62002271154594
0.8491673299238003;0.72326356050377;0.6849944454716221
-14.001154695166656;-3.275372602384518
0.4992718509025672;0.1792878180860782;2.9510259890072015
-12.8645875634631;-3.8527728425534824
0.14075577424801342;1.6226788724464638;1.3110364591418933
-2.109809509104973;-16.862650072559777
0.09526332401987662;0.9770899229959755;2.635822975212035
-3.9800837732506347;-12.632279797769081
0.30284726975843834;0.40474160979132345;2.8668075017825956
-8.833123193455828;-6.622640966474739
0.004190511393533792;0.07404652185583212;5.776303852235735
-7.330651712889744;-8.052972202646156
0.9452735806459857;0.5672353715166245;0.5376256364452234
-16.71686893672284;-2.1604392491940243
0.9293759676320925;0.5882400941094269;0.5849683811231036
-16.289515464865623;-2.3138852121632834
0.8044279434101226;0.22898303934381822;2.2965884689773364
-17.180849736323054;-2.002248414082354
0.5630128270382444;1.293323779957142;0.024346658565861146
-6.795348970579586;-8.635628355266771
0.054703004444243294;0.3748371492060278;4.20187656670481
-6.298082418503794;-9.217824961996746
0.1308678720387505;0.13167737064631577;4.7471555465869
-8.419736234371083;-6.989094126628047
0.32129619727128755;0.01978687004317023;4.726102581816576
-11.500817106093706;-4.649956336600252
0.6191149191963745;1.2415262483265674;0.045494295704211415
-7.669380611682452;-7.705641120954452
0.14636135044855345;1.5546436050269492;1.49520025773851
-2.339379395565746;-16.22050934099401
0.3196647301859344;1.9064042534596672;0.21977227136876276
-2.324067169295595;-16.261889893261383
0.8747798163819154;0.7158692398829742;0.3049965397780209
-14.441312989178892;-3.070718667489469
0.5741160341546748;1.1636289076265232;0.775042138742551
-7.603054446416505;-7.772419678905413
0.28092620961412396;1.133726344115638;1.70674154069395
-4.869233199085464;-11.159846372846753
0.4601710820291632;1.4273762780462624;1.0598883625525863
-5.155895965813883;-10.733271219681178
0.1666639879270315;0.7570419445562572;2.4143487889091553
-5.536606699411296;-10.197460355135432
0.3320520369781676;1.7576099561840262;1.02263875164025
-2.868972762214261;-14.89753746671886
0.04902407499220689;0.33824492022583785;4.5537580665190855
-6.424112252106579;-9.066276724762243
0.3266486305283918;1.7784077123035276;1.1166291900212255
-2.7652660456475604;-15.141481009361742
0.5754039586108418;0.486134799384555;2.3450682231119244
-11.784992501679536;-4.473588205471122
0.7928271536827067;0.8274769621176643;0.4287489191689879
-12.432308285709546;-4.092357487984304
0.6375421606393287;1.048171656062266;1.049523886363864
-8.987009016325759;-6.490969698945454
0.26408072832111584;1.1568295719984067;1.800168547235991
-4.625048964806522;-11.540398233724448
0.02731050378752299;0.08644233723962436;5.212158050780843
-7.513495283866442;-7.863529910176802
0.44110765992106715;0.7487241782742718;1.958420389387499
-8.439521163500336;-6.971118606253847
0.39657444163035466;0.8625509588551854;1.5535855983170657
-7.310605232327203;-8.07402806386644
0.40543950295336484;1.6395565615873042;0.18892113497825974
-3.816479935045572;-12.93193304753189
0.33962806614194285;1.0273921983097345;1.403624886246104
-5.893950357325784;-9.723447083610123
0.3585550597846055;1.8349492321798089;0.08254346911595614
-2.7889491623237608;-15.085179401040337
0.9468769224425423;0.6792885732991873;0.07459577616040125
-15.841984889610643;-2.4828669021657723
0.713324045365111;0.9204667014441394;0.34955523842338965
-10.72771723993304;-5.159721957786136
1.0042616077933832;0.5607364600371809;0.013806336633100297
-17.746413645067513;-1.8207593340220747
0.913497696067782;0.6662826287437909;0.28798131441999614
-15.418674317755318;-2.6508339204458142
0.054200355909667416;0.07826425605340714;4.8051078206923625
-7.854158712678735;-7.522657699253529
0.9091054242505313;0.6626560071319421;0.31516841451666566
-15.378358618941776;-2.6672553638814502
0.005756113496895019;0.14225347817557638;5.165760183534448
-6.985516393260753;-8.423670156260405
0.7725356595274114;0.8117747188996591;1.1612929887584929
-12.258355204652524;-4.192092602945721
0.18994224190808254;1.3746008827922478;1.549840459050507
-3.20602052002349;-14.1479009087604
0.6076157425426459;1.1177046336001717;0.946988425192351
-8.23340916992876;-7.160613803592441
0.10370671461362843;0.9388907434004367;2.4547518450673316
-4.19943383319752;-12.245684289102497
0.4289753063557736;0.8689958915377944;1.4685769796540786
-7.62687296463999;-7.748371031728709
0.06439636209887045;0.2769499411368593;4.642123349073066
-6.8945858677659935;-8.524315254096297
0.268179582655855;1.1964911115229693;1.7408747844130097
-4.492548482246739;-11.753999890570592
0.04056630908927621;0.3856734423512511;4.511293117367492
-6.105270580637943;-9.45521964653763
0.23977715948496253;1.1710536995267984;2.0872056568418857
-4.3624248002477355;-11.968917986373343
0.7277029483386449;0.3464146326950437;1.6360217173912304
-15.016813575491295;-2.817909671686586
0.8506608701235111;0.695677868997179;0.5731861736749562
-14.229860887656507;-3.1677783039082335
0.2637188346365396;2.0270646380847306;0.36313173616991906
-1.6884327171231388;-18.184329374051305
0.12738328485131545;0.18083404937362588;3.976990078019433
-8.099594879371725;-7.286337155752672
0.028248570953319247;0.44209079075364555;4.593590688948386
-5.715417393372611;-9.956947530689687
0.26445860976213204;1.1484419230525578;1.9441653651767943
-4.6639249888762055;-11.478696727687435
0.5925154265135586;0.493609081110353;2.159372920264921
-11.968383812222722;-4.362744321138314
0.5902135793944159;0.4657873183964571;2.312503992909541
-12.128729223634098;-4.26769097931798
0.06507021250660684;0.3908067078573098;3.594956425467786
-6.321782355369229;-9.189111466654287
0.9354607713029198;0.6834002637258637;0.24017977105640312
-15.6290738216326;-2.566339753952866
0.25329031007751307;1.1793078935970467;1.8829365348258529
-4.440061980501621;-11.840061988363848
0.17096107387617143;0.6222296935129703;3.362067883226254
-6.224380818526895;-9.307763821893797
0.6230663655269606;0.43332931470083524;1.7496961412511018
-12.81856818357722;-3.877730603693275
0.4485552347775906;1.542465270001089;0.019118030356650058
-4.554531416006084;-11.653434220911072
0.5790663042133575;0.5435585727672982;1.4263370931507546
-11.445358441433495;-4.6850440491799095
0.7510658351199029;0.3318969592656406;1.380450034305846
-15.493240189126695;-2.6206583684108797
0.05820738609097454;0.31513152469149347;4.471946149434844
-6.634046208925445;-8.819930486530435
0.7904020671141301;0.2820563257751115;1.3829571746602995
-16.517358816454173;-2.231132923469539
0.5993007615216347;0.0791862689213754;2.6125774994186655
-15.097374408831204;-2.7838066134903676
0.4767812637914768;0.22001217935294481;2.8258215743608055
-12.260123028653414;-4.19106919812332
0.1140827792322483;0.8466222923267138;2.9025964430872033
-4.6684766954173265;-11.471500767901716
0.6714206611973095;0.985263321806925;1.0853983862792043
-9.782041029736611;-5.848683023271976
0.813554361439689;0.8125728086850178;0.2576484974434414
-12.830916283581422;-3.8710212274434617
0.11336216621773479;0.8450878138247536;2.9150866119048544
-4.668874247474814;-11.470872542756938
0.36648939526030444;0.3670149371639373;2.590231156076605
-9.834230735425356;-5.808628348501971
0.7777410367046982;0.26149729798391846;1.668950888986344
-16.47881286387305;-2.244980334192796
0.5786608535408666;0.15051249179153164;2.8159435575690965
-14.238615480089377;-3.1637141118971632
0.1117785155077145;0.017215114120628157;4.869488820009983
-8.864957529589226;-6.595196443746415
0.7217648030792855;0.9584596114825829;0.16418100048601952
-10.590677870452897;-5.254907929017029
0.8061307897759519;0.8004464654387978;0.3378958601077788
-12.811526907124557;-3.881560651880393
0.45733009795164603;0.659111690329218;2.087881074581024
-9.158321819358552;-6.347288258043734
0.4883687345332618;1.382986143107304;0.9589575977383741
-5.618170277935601;-10.086905692384184
0.29911608501154624;0.41242569959252684;2.66038995543735
-8.743959631821975;-6.700088457085754
0.6305558323166879;1.1804745404864119;0.03277351155118407
-8.137506528598996;-7.250498162982391
0.8606228029350872;0.7308392988687357;0.02219502866455701
-14.11563934145614;-3.2211699644403153
0.033522677129012426;1.3965924267434517;2.42660622049287
-2.1426865192847213;-16.76770431662442
0.10243608174934761;0.8774967873377341;3.237437038929474
-4.440488453479894;-11.839359315709324
0.6577068670353129;0.9893568918840429;0.8600006697822217
-9.587125696362893;-6.00050043231048
0.3337107514003324;1.7484097028873897;1.0486087883645199
-2.9106003882497498;-14.801470589203726
0.468665638611972;1.4070291779139166;0.9622600533704021
-5.324777664117719;-10.491454571707415
0.13363752199598375;0.17594841030929467;3.9462481226446564
-8.19813703927451;-7.1935440687651075
0.15090365791960103;0.6928280538722376;3.0607621425213143
-5.689783158390203;-9.991011276753596
0.3868256649222072;1.7266597113414395;0.02407625117731129
-3.354178876969941;-13.837271073437218
0.9428061028341752;0.5822582512819336;0.6510137497706223
-16.55467827954;-2.2177847812894176
0.05492212431619158;0.023924134485040778;5.781366627611473
-8.167442893825475;-7.222321638204709
0.3493339479379185;0.9652055414143325;1.6926276535637246
-6.292585266027479;-9.22449936695093
0.7315673571466897;0.34033984575729553;1.6175435357101693
-15.123540093759422;-2.7727965398625
0.6556877978735499;1.052288061684317;0.49715968369457986
-9.179607787652037;-6.32964491296143
0.8837920328606943;0.27020508527019993;1.26367130427831
-18.165228203578575;-1.6940594186155038
0.7493358022020365;0.9069577598418685;0.01088877904108663
-11.29205141893871;-4.78319912875446
0.22069860859367801;1.415376469369583;1.257936781231639
-3.2792496966792015;-13.993021470683699
0.02389764021234384;0.07776697980022484;5.266630004476606
-7.523553956198003;-7.853242649328912
0.0742094072686148;1.0706490101248562;3.402322346245136
-3.4657424579216456;-13.61027460938554
0.47820786360267326;1.4654288870528347;0.19523269642144847
-5.14702201773674;-10.746166776059109
0.005886828583396054;0.09298597230342058;5.402101160331703
-7.247427706878393;-8.140763173381309
0.26798265009255495;1.2175745330488523;1.4066455176114248
-4.403240365574516;-11.900941927075683
0.5023798929736669;1.3428443442645643;0.9278176040076738
-5.9423360978277895;-9.661266239317325
0.17881407545803188;0.13163423920979728;3.5969202658962303
-8.981539762512766;-6.495606733743835
0.5353564053086992;1.4651504097951724;0.1151595948017246
-5.673674224167369;-10.012487815122883
0.2734268516105002;0.030994433001528494;4.529692722009355
-10.790836772878462;-5.11638480046427
0.03161916934053483;0.47187954452947045;3.9556157109662893
-5.606961002951031;-10.10201426728344
0.0036421953060017283;0.08787459704076815;5.832933381089369
-7.250748646014025;-8.137240916730436
