200
2
0.0001737193098279682;4.000149750768585;0.00019662912406299634
-1.6870058194528084;-45.684831253091026
0.0001737193098279682;4.000149750768585;0.00019662912406299634
-1.6870058194528084;-45.684831253091026
2.00022721549537;0.00024519187192054034;0.00026810166820292564
-45.690324771885074;-1.6880231415780582
0.00011008392885969193;0.00011008392885969193;6.00011008392886
-7.6881054737272;-7.686894550509743
0.2630651794959294;2.0257574510158025;0.0019645704463805936
-1.688432409000499;-18.184330421263883
1.0118965996562266;0.5246515745927117;0.0011419201991006447
-18.180204546925925;-1.689646675008768
2.00022721549537;0.00024519187192054034;0.00026810166820292564
-45.690324771885074;-1.6880231415780582
0.6453595161062166;1.0257535852648696;0.8765160123982795
-9.215016646287722;-6.300396729864523
0.0546170706272618;1.3455863312205447;3.003464589266979
-2.4161296928206606;-16.01600378244689
0.002830314867315535;0.0038325467483871552;5.866890237546457
-7.697557798311745;-7.677448885463064
0.0388570932778359;0.028150781761266362;5.464373507443574
-7.962555257464045;-7.417357804725583
0.11550281634398826;0.2138361082927909;3.9558593916480125
-7.782227176741477;-7.593362408394436
0.04492966178450152;0.04763914949133469;4.90447700866707
-7.921493500526323;-7.457071585671973
0.5261530451724751;0.17185335844546934;2.8318702979217454
-13.305187038556403;-3.6202069876621144
0.04455538393584924;0.02947294829941917;5.251448215468075
-8.01906467717087;-7.3630486618757995
0.15211316585095663;0.12805235475481203;4.510256175143569
-8.687494143362414;-6.7495803969443005
0.6285293584399395;1.107147762472538;0.3052246514965644
-8.534483543491694;-6.885463045010945
0.22649375366946467;0.0621731869801294;3.8689059002234023
-9.98971459497091;-5.690757071024112
0.05873336586824074;0.010054529736000815;5.6092919673838155
-8.289804492141236;-7.1082702701359475
0.8358456327207507;0.7149263465577801;1.1728151589109654
-13.865106163867042;-3.3406920561461066
0.010916639634533246;0.1527532218834339;5.16264114527912
-6.984580346995128;-8.424699715753171
0.9005129136640175;0.6260761641061067;0.4418459404012852
-15.530229858825928;-2.6057835633847173
0.7634945878758587;0.8307344518766483;0.6622311909444741
-12.001671621831228;-4.342869659205469
0.07820902714666382;0.01571987016737943;5.077424138466089
-8.481135991709055;-6.933455966323624
0.7145212122220773;0.9496523438272961;0.2295166407760248
-10.55396029278656;-5.280669406001116
0.357572459742905;0.862248534432481;2.1401802202392086
-6.900069591323688;-8.518209355737069
0.00033145279957348645;0.0003538661402231747;5.962146390514965
-7.689199812529468;-7.685800378481306
0.0339248379364939;0.3892539452574825;4.435454067666987
-6.0230772227638605;-9.558524185993301
0.9210428769737595;0.5958908483466667;1.1674892208468344
-16.094573723550205;-2.3864297619408292
0.7781128294474119;0.26237902524775786;1.5698275926090208
-16.477695596458705;-2.245382626340982
0.32881686170187163;1.7646045426204966;0.7163183276463315
-2.8245448889052667;-15.001223900289554
0.669433734393356;0.39726206211554793;1.4229977992620029
-13.752950478563768;-3.3952910051809666
0.01982973075563396;0.09361842795211567;5.0161392448902715
-7.393637254634701;-7.9871858854840285
0.004415901375824088;0.13596179162885141;5.308051083952027
-7.0044470952473;-8.402876972896536
0.8222917325769038;0.20718920618421202;1.9034580702009423
-17.659270680051527;-1.847933831385977
0.04225408892977157;0.37504259722193384;4.016660853724709
-6.173970942341093;-9.36984955532739
0.6695846106730883;0.410871465318538;1.3204849467210398
-13.65487438199796;-3.4435990656939377
0.10718368220943134;0.29619220505476496;3.7632646588181053
-7.244158681047628;-8.144231928042554
0.18638639009060004;1.3217785453348587;1.803030475893291
-3.3685802339497584;-13.807643650640005
0.019425137131694456;0.06988205201327699;5.390381836641582
-7.517788193605934;-7.859137748854703
0.7305264827061073;0.8910445461778648;0.496355709739227
-11.147455903786968;-4.877363292209117
0.06629136378173017;1.0607267766990605;3.172970480951374
-3.4441591057000265;-13.653743646191629
0.004748962696817352;0.052265659813027415;5.758091946919338
-7.454106539800707;-7.9245516184140286
0.10046723530822507;0.2072563966535253;4.3209113726128745
-7.6527693735449045;-7.722310559952732
0.07119591952494278;0.942749330805569;3.383467464497719
-3.92610590995319;-12.730038319265706
0.2801166169398323;1.8654682391562991;0.9599991290206952
-2.212345889978007;-16.569930948020982
0.002107192330955372;0.11295535754827814;5.548274906817788
-7.101249248309252;-8.297399950059296
0.004561688958997713;0.05720518844687017;5.799622533548949
-7.425361902594922;-7.954261818412546
0.4424420750939617;0.8137235742816639;1.5128019747739705
-8.083946995047738;-7.3011806600788836
0.14464239258553682;0.7355752586790708;3.333794272520409
-5.432077582450008;-10.341272791037976
0.5376268577669651;1.2798090202340682;0.26043127808895794
-6.604288696830207;-8.854397048531725
0.8949260045559425;0.6836806729033179;0.19593427899532037
-14.995057374196564;-2.827172675902328
0.059915624928863404;0.3325516707388732;3.824246891946633
-6.562787662613547;-8.902712292306157
0.8813527694430022;0.6253027675586316;0.9205274437180473
-15.236900306523738;-2.7254698219226374
0.09348493003224524;0.23351528447382658;4.067881605776767
-7.4336666422820965;-7.9456663107847945
0.02961471001077251;0.03542895773249406;5.684637951452282
-7.818969004594954;-7.557163919415392
0.04946268198244186;0.34429607425752234;4.277390387598443
-6.398167878860001;-9.097245692079028
0.6264397884181477;1.078855753395034;0.39912393862567225
-8.674915320052053;-6.760653262198177
0.7444182225906066;0.8751725350090671;0.5248551390454529
-11.439234900594574;-4.688931888700963
0.8323713305692366;0.21658142403310834;1.5375941237296444
-17.74955777273405;-1.819784164575034
0.29229916269674494;1.8899949070000122;0.6324632794212468
-2.211879036434121;-16.571241434105865
0.20327390312446852;0.054272522302379105;4.6303952494569405
-9.749111937385697;-5.874083813973559
0.547430730815162;0.5137616796959111;2.27471732233526
-11.221225757203493;-4.829128155924952
0.8636508852330778;0.6441395077815051;1.1346660944297722
-14.81813293206971;-2.9033480425385543
0.9909445435349032;0.5426647456060971;0.3605548047301516
-17.67460058311205;-1.8431328270112464
0.14295962836946774;0.15296735506476095;4.586240112221704
-8.436411667366741;-6.9739407489508185
0.5159053424986113;0.5905008821262173;1.8168668206366303
-10.309458257900573;-5.4550504263195165
0.296844657499346;0.43346759766485077;2.5340678382210524
-8.594390444041531;-6.8319515533692785
0.39678419330628745;1.5677362563487915;0.8488235869606724
-4.02891260698272;-12.544759174081102
0.0720378421880688;0.9296019713748319;3.4895228736478554
-3.9841569690731364;-12.624946126058772
0.41635650052401113;1.5511031965558795;0.569134130199053
-4.252438397708602;-12.154730548295033
0.22741721549095265;0.4384526706397642;3.5618046870565903
-7.777868043953684;-7.5976686801901305
0.22850456144085202;1.2445389908485858;1.670277732632366
-3.976289019122085;-12.639117566757783
0.5370947093065142;1.3060765492999709;0.12567455191004023
-6.465892422600039;-9.016650860156407
0.42266460000723666;0.7021830498652578;2.104270186206034
-8.495294646123227;-6.920686994481857
0.9616253635038297;0.6112391847163767;0.045509656207478044
-16.6249377697076;-2.192810804503496
0.26403059221881414;1.952553749393819;0.8327176405393426
-1.8819699603564186;-17.551388174874518
0.7179501534797148;0.00664619833208754;4.122076784281199
-17.591164904478518;-1.8693697095777568
0.38544467628826234;0.26718605165749965;2.583115556236595
-10.71158517041136;-5.170848860302084
0.12041010120470133;1.6171794853537105;1.9388615370150608
-2.011888819553276;-17.15184093194066
0.30693246095707305;0.3583375014988617;3.2991287715012296
-9.158195074868155;-6.347393450300024
0.476067365084419;1.4718734782578229;0.018429853590318505
-5.099065251775689;-10.816191480754522
0.40991215790244995;1.5438017665322143;0.5970295569846862
-4.22976737016139;-12.193519328161852
0.2569284857931638;1.9357945618169414;1.0418445159359266
-1.8887497642424687;-17.530063256779226
0.3655888514925478;0.008038524095597872;3.790051786933049
-12.187695755937213;-4.23316478815274
0.7918322365462734;0.24672857511390855;1.6962923990102197
-16.82804503418646;-2.121750156421437
0.49563643397014845;0.6323358066607496;1.6056991910789085
-9.790489650997507;-5.842181976922488
0.796215192544551;0.788510203076274;0.40328915941207777
-12.755348660118093;-3.912226657976984
0.40392828361711214;0.7258405246151429;2.304631613157737
-8.145314865651843;-7.243138396841947
0.018715991117595414;0.6274714691996115;4.756431230770156
-4.7904294178729225;-11.280863774481551
0.8589833101424973;0.7414104149827029;0.011104757970814807
-14.012221151277016;-3.2701028929518077
0.26634777014749245;1.1224147036791932;1.8648764089129255
-4.791813293049426;-11.278724090275714
0.047534082484492875;0.02566772927560275;5.355547578327155
-8.074018816788037;-7.310614024160825
0.5926448504488326;0.4179385804537733;2.4097184315755396
-12.496758904487901;-4.055896579605092
0.16227084589614257;0.16109553415040814;3.7191458721431294
-8.613168513478216;-6.815260779417571
0.023473729013618688;1.2896419641423864;3.0950598718059745
-2.3969698518954545;-16.066609419162095
0.2923753991887128;1.8196749366842055;1.0642768571042631
-2.420454866685453;-16.004620388060033
0.3920153554465749;1.5847759993427974;0.5425309383690637
-3.924593930501247;-12.732792103447371
0.06258270340802458;1.1969241397984158;2.443680413522843
-2.941493750320951;-14.730839813126986
0.34009656877398087;1.7305416983018902;0.7936749022294968
-3.0138150149312426;-14.567649183224454
0.48063148421124663;1.4289723464096227;0.009016841292056276
-5.333850483327896;-10.478653641186318
0.22607158617102605;1.2740667283400142;1.725861322090154
-3.8424787739155435;-12.883637889893128
0.019546863570454175;0.08767958464030191;5.1282043923781035
-7.4226383693022875;-7.957082801795615
0.5033099310944648;0.11846780810114214;3.44889319059027
-13.361150368663187;-3.5914777736975254
0.6133264839073458;1.1377206587362072;0.47128543670678713
-8.184536655529696;-7.206281255666367
0.23179150615460584;0.48262681294625254;2.74587804046014
-7.583121762838978;-7.792603569846429
0.6841541651463494;0.9704494387918795;0.8212405525712791
-10.034015600800766;-5.657567794291755
0.20559021118861587;0.5046858004777253;3.2097587885790637
-7.1819636761810015;-8.210522835286431
0.726602012851456;0.01444061729462675;3.1280154675553318
-17.67073889162019;-1.8443413991290574
0.16293622049536985;0.10053354227955764;4.686339295144257
-8.977641562183871;-6.498913676360867
0.37068415604121785;1.6561147813191415;0.3713665330707875
-3.493155522179138;-13.5553666837829
0.20016405262139486;0.5761480206272146;2.6124467189112592
-6.751403108031449;-8.685422177260124
0.5984726562770968;0.5268655597022994;1.214522864981689
-11.821945515867473;-4.451068234496638
0.09031663606394068;0.023329372937722657;4.857734028190121
-8.577415962246299;-6.847073071154556
0.45870103472241663;0.19265883114002644;2.8884538422609722
-12.198840572144974;-4.226664950792101
0.24888173801556857;1.9820602788659458;1.0108305688669108
-1.7270045833141872;-18.054269414497085
0.09551953245094538;0.8986764151276756;2.9426198633843907
-4.296245193192753;-12.080256045676387
0.33338580552528063;0.3024161934919002;3.2955208940571703
-9.824209666876984;-5.81630007373171
0.18231072760445205;0.5817665243574838;3.4188989685439037
-6.540354100738353;-8.928949861372729
0.24080241920783846;0.4499619422650664;3.058131938000437
-7.862537201705155;-7.514465344048442
0.4683503980580234;1.3711438693278286;0.9925280566752939
-5.486803881196897;-10.265677686526498
0.25796393164052234;2.006439106029831;0.15926051183334217
-1.7113119296422066;-18.106935599878856
0.29805798777942755;1.8374334042254121;0.5292596167381802
-2.4011231010452896;-16.055614816377414
0.5442004946172043;0.522855135784966;1.8434697934353967
-11.117844306325795;-4.896839918381923
0.1360552868420613;0.7650212400959179;2.957030856109674
-5.219452259797646;-10.641469590327395
0.5706711633394433;1.1908562993807534;0.5137052939288683
-7.417624783632454;-7.962278483352988
0.085066640967821;1.0126262523463965;2.683252177972746
-3.763583067932387;-13.031005742450686
0.2817642105137427;1.0314144492435888;2.054348627007187
-5.333044180211273;-10.479790490588409
0.1086866184112004;0.19111658084123678;4.37407742067499
-7.832601019879716;-7.54377780408691
0.45574968623906426;0.6663717694454065;2.2253208873467814
-9.095789358448538;-6.399385725088596
0.24941412369511345;0.45780959566743795;2.6588214432272608
-7.914785114264494;-7.463579945313817
0.3134229380818691;1.8038966795662135;0.7660161219195188
-2.599169175076799;-15.546728012504026
0.2932858081736992;0.9998954013970033;2.349661744581872
-5.5850557335149045;-10.13161736906056
0.31943829737402496;0.9764928041338099;1.757069030491296
-5.944595553218329;-9.658373856461688
0.6951723502382916;0.3193597184549502;2.2287748611635387
-14.724926232834859;-2.9440914305968957
0.9485014216647372;0.6470333090899372;0.0220278650498971
-16.124756274844458;-2.375091398209551
0.5777256427672521;0.5613541576424156;1.2519280372690664
-11.307985600776115;-4.772917193963141
0.25374215411943163;0.46816673851526724;2.493998937505393
-7.905292504768747;-7.472799237809192
0.23592421940157393;0.4758235819391282;2.7760803683508084
-7.665652514515059;-7.709379089010844
0.9273666612518701;0.5698283620748319;1.1373529564294644
-16.40545803969381;-2.271503474975819
0.8115730523627783;0.7473918965688877;0.6056179464633091
-13.271093577965793;-3.637797288242435
0.9722222082336045;0.5739342525644884;0.010304296444082933
-17.10360401082562;-2.0279922078956987
0.1239952838912763;0.18354643393177678;4.026919717606903
-8.046095782567043;-7.33721031020851
0.01693850809838407;0.6768191805231117;4.225002286312953
-4.564692722873755;-11.63705653046353
0.20075059256892633;1.3990850773368377;1.4547459941732674
-3.1959622148804585;-14.169385029069295
0.4282336390315462;0.847759728377762;1.2286263307333571
-7.735467344690839;-7.639684298152205
0.1777092595353534;0.6067278496447187;2.719873824102588
-6.368455061476493;-9.132857697790623
0.17033457795030407;1.5029157826987278;1.2342939392529877
-2.645960774113949;-15.430673668893267
0.10100985867758042;0.8958791862713448;2.9132221078168246
-4.352713883565637;-11.98516804164366
0.6275012767881449;0.044146506301310326;3.5121118559687803
-15.813380627234777;-2.4939641072099996
0.22780242689626068;1.2211685649897912;1.7795399840074133
-4.062987384317153;-12.48418820748712
0.4877106227240027;1.3851778673852302;0.17444093979496708
-5.601739068566668;-10.109061909876145
0.7730059340275668;0.8355474159743295;0.17257958795951794
-12.099814224114898;-4.284705251226056
0.27928757460476006;1.037765497387427;2.0873957350050962
-5.281576474808375;-10.552670304765352
0.5864793772998921;1.1406542813641385;0.5502164998585078
-7.866218181787084;-7.510868976194981
0.37427280274272023;1.038316311253177;1.2918151705830465
-6.1777281801985815;-9.365205943643684
0.022242305194440294;1.479854348745132;3.2545793894811776
-1.8532527248295103;-17.642319846748276
0.13349682311342137;0.15956124735134677;4.09821716599255
-8.289919914143372;-7.108163526512916
0.608659437589808;0.4296384299139498;2.238740405891777
-12.640182932815081;-3.975698034892754
0.9349822707871573;0.5700933584180758;0.9369730005492527
-16.526456600159317;-2.227873585440687
0.013529422071247294;1.5186333585778258;3.239380627165205
-1.7086347027186726;-18.11595436150732
0.270200603826182;1.9265465371952295;0.7444273881855478
-1.9850995621277392;-17.232698187099256
0.21592900129287765;0.05393782710852278;4.543399329240568
-9.90888462415752;-5.751762693907964
0.10753607228466222;0.18146424094317065;4.704020138110537
-7.873472961129991;-7.503786021242298
0.12757900517494544;1.6103911514273708;1.75762564403483
-2.0703745907485933;-16.97793914260087
0.5548822281406519;0.4632625217669368;2.392609280095348
-11.661225391159837;-4.5497041115018
0.16418466762771852;1.6110928574727934;1.3613933139539431
-2.277900262254241;-16.38785900664516
0.4698603502151357;0.6374629271589322;2.0042166031125572
-9.441277514495315;-6.116442008510582
0.7000422890783052;1.004809163752345;0.016375123724446543
-10.017757432455923;-5.669727874009004
0.14011668565690164;0.032039262078104105;4.802957160174692
-9.11416791665565;-6.384032715062956
0.13049127452596615;1.6449649552543786;1.4831315160693563
-1.9910040665644582;-17.21481053479137
0.33766652710625084;0.9166918404726339;1.983273478262339
-6.418280739274238;-9.07322738813569
0.8005456287132955;0.7923482178482782;0.15523723471197776
-12.78965202174709;-3.893478586385648
0.012801539849350724;0.6788671362367565;4.163670620483411
-4.5213016166052515;-11.70720623852386
0.3775468748640875;0.012655132503775902;3.663076871662356
-12.322127495080272;-4.1553027056118825
0.32394124490163423;0.03141784122843215;3.613129327443021
-11.458084230104095;-4.676973095780897
0.3973732758203096;1.636129194027373;0.10634960376682674
-3.7678202177825697;-13.023029284036863
0.32692330920376134;1.7678591503604468;0.8065672249326302
-2.801454995607082;-15.055592847089247
0.8068325565024834;0.1975185489317391;2.370137888804056
-17.48177719333916;-1.9041649885336558
0.8035967148694022;0.27429649249299115;1.2627241991339173
-16.795047400171242;-2.1331810904672963
0.01860802552756684;0.22532899591493577;4.794623007193546
-6.688265283294915;-8.75750767675274
0.42072752393578394;1.5220335215349396;0.754894957485573
-4.40750545366542;-11.89386866396251
0.004151606411101222;0.16271123084143344;5.029620476000732
-6.862097736922856;-8.560585935134398
0.9408407429423156;0.5765215825654294;0.7739150253602827
-16.569321841487803;-2.2125629049765783
1.0034979785895994;0.5123054322734196;0.52309872922154
-18.142397652224904;-1.7008018782613283
0.32233827379101726;0.007033761970436249;4.187156455864524
-11.60112364290631;-4.587053001178727
0.49762750429171076;0.6095697231593123;2.173127125451797
-9.957522209225278;-5.714984069560075
0.5046007643603515;1.3057887426114234;0.9141068785911484
-6.144234299044498;-9.406693651842422
0.9644496690064128;0.5716558538649718;0.33750634345356895
-16.994449038075;-2.0647707124486097
0.2993699495433938;1.9181766162687386;0.005502373965999081
-2.171511306147153;-16.68531519514861
0.3172990459324272;0.34891242096752584;3.152157362753277
-9.340387492491365;-6.197845112620748
0.6032924874283827;0.4988168328827201;1.393997727367598
-12.081160523650643;-4.295710961936142
0.2112464148618162;0.48084827584039425;3.6551808399193972
-7.369950404449296;-8.011860311733678
0.30398789179548413;1.0212109050941152;2.0257094283125494
-5.585470097376413;-10.131056433911029
0.35403847381340753;1.7415771251412182;0.003572934776542455
-3.0713716405930853;-14.439873593251521
0.13767903858249436;0.19285658448235615;3.699135563535852
-8.148064706049341;-7.240548286540383
0.34172008759791533;1.7887329236942369;0.00627588635341503
-2.8300619431419265;-14.988282176624397
0.4462272915067409;0.6937381966328695;1.6288617167309387
-8.819928327309535;-6.634048077122802
0.06004352050114223;0.009712284320789724;5.551719459047483
-8.306743748660718;-7.092621425164279
0.5097990498301401;1.2978013999214428;0.9956354659296621
-6.234778924839809;-9.295015227712597
