200
2
0.00020857621041522767;4.000184607669172;0.0002314860246502558
-1.6869186921979153;-45.68436069992967
0.00020857621041522767;4.000184607669172;0.0002314860246502558
-1.6869186921979153;-45.68436069992967
2.0002876508677647;0.00030562724431523313;0.0003285370405976184
-45.69114067835572;-1.688174258952367
0.00014667491439023168;0.00014667491439023168;6.00014667491439
-7.688306733542676;-7.686693309484385
1.0137120147184104;0.5298754336221508;0.0045505122301292625
-18.16666907380718;-1.6936345198458045
0.266124312442978;2.030515840871458;0.005399541861775598
-1.6918349625766855;-18.172774338417206
2.0002876508677647;0.00030562724431523313;0.0003285370405976184
-45.69114067835572;-1.688174258952367
0.024273787457850186;0.07470177782825915;5.128019168501485
-7.544335926310918;-7.832032158349064
0.6545958470761322;0.4313628506641486;1.5754653811424735
-13.28614211764432;-3.6300248392750456
0.3149600591761976;1.8745678010814824;0.3180122261829623
-2.391085599112907;-16.082210109132866
0.02069198330804864;0.0564528008127444;5.210942156426849
-7.604848481682486;-7.770605657845605
0.016658257651839706;0.05453510883586909;5.456826240341234
-7.57124796428444;-7.804652493138528
0.07077354912492773;1.0303297745161433;2.7652921815023612
-3.589129926166482;-13.365739365095648
0.26175377889381785;2.0055862137972666;0.8029111445828223
-1.7326245345463434;-18.035489750652285
0.0675489967420322;0.021252406041659337;5.041260005015569
-8.326611548713334;-7.07431008684688
0.24212169785992596;0.44504191135426735;3.1392690838474526
-7.904644920387179;-7.473428592365751
0.7977676637881941;0.2680866826529056;1.7134994986396068
-16.75058745198834;-2.148652357830036
0.48201257921624524;1.4013104493875144;0.9821887602033632
-5.473649325432989;-10.283787525938251
0.6716308269378639;1.0120965461957074;0.6980113315639531
-9.618578420784832;-5.9757622363046075
0.36338053757186517;1.6448166170597647;1.0579217435446535
-3.4810204975045544;-13.579631458580934
0.44854421339954653;1.4819180492861665;0.8613049200302244
-4.812962763659469;-11.246088611017276
0.7497258468686786;0.011956257060894242;2.7020422848939547
-18.081367575853847;-1.718917772412755
0.9811667264973459;0.5725555204487373;0.7321316218041267
-17.262761330794458;-1.9752040727889573
0.0008386694868001619;0.0010051249859515795;5.922905879663284
-7.691197628803713;-7.683803274939577
0.6417256025558126;0.47521934283099554;1.5131290241494029
-12.786013985749078;-3.895463500662151
0.2185299051378294;0.5424727637133269;3.421818760445618
-7.1188406468452765;-8.278383134659627
0.6461896374351661;1.044631832517803;0.5388770007546005
-9.111489728131131;-6.386267862253309
0.7078447844403404;0.9455686341541385;0.7076723936834314
-10.494178834264138;-5.322848552272176
0.2498479274406475;0.5107265428352099;2.950869314141523
-7.626952892330204;-7.748290459823269
0.0861146555511497;0.8339965865034797;3.503527711058927
-4.48571591208541;-11.765155941498394
0.15306259951544873;0.1553827980297228;4.198520293171212
-8.53930647696606;-6.881140065953138
0.051679141397093634;0.3679075636493852;4.131939849488128
-6.302465277297414;-9.21250736670459
0.031082792462400394;0.4046678154676868;4.282989465452875
-5.921045509940979;-9.688570045912726
0.7455262484417616;0.3520294086862872;1.4769626231500805
-15.249500580531167;-2.72024661036157
0.24325702198877355;1.1886743041185397;2.0922134856408263
-4.318647600145808;-12.042410461696724
0.436169736746124;1.5055771743169355;0.20373893773159887
-4.605682631209955;-11.571297340281518
0.03371827571992259;0.3826061268549598;4.466871071222462
-6.053399196484213;-9.520264526050475
0.36975644311390393;0.885173696861898;1.8711733266051886
-6.907582613267086;-8.509851530242075
0.07734833159776021;0.28759190574211974;4.008695116722029
-6.974237311485224;-8.436084979497815
0.13187103322322882;0.7607014275736255;2.653169704133829
-5.2011921204125;-10.667745092811344
0.4011387312037329;1.6119779933754095;0.2710204112844912
-3.8897620295260795;-12.79646787017346
0.35273362082998505;0.9122067579865001;1.9870349665324387
-6.593173887815014;-8.867308567406841
0.180385988078642;1.3631463213421053;2.2904050542334478
-3.1791954293681823;-14.205313226401216
0.9310334440147884;0.6032577416856576;0.3475915283161898
-16.195550771810666;-2.3486501620275515
0.8462412444794686;0.7682562181167819;0.08880669091422652
-13.624938689346651;-3.4584497100829426
0.07979827941040765;0.2985089009687042;3.8732535678449325
-6.9427787569876225;-8.470814520614402
0.5200209686772559;0.5876480592121668;2.063109263930474
-10.380326550763568;-5.403993891197774
0.27225106466548266;1.9682861685601332;0.8383512414359642
-1.8838487746033015;-17.545473206124147
0.09008459477613553;0.21418052268668628;4.608067600218835
-7.501594438542297;-7.875719103020864
0.16795671084194344;0.0775645958535124;4.692239562464456
-9.175162657874994;-6.333325573740873
0.8340325086155519;0.7224115593443975;1.03061118740178
-13.78285448078997;-3.3806664440361995
0.2102123424607056;0.6083608985895701;2.995430116710768
-6.6891708452330505;-8.756469195582797
0.2476370612236981;0.4313331211646195;3.053931785991372
-8.043263958700315;-7.339912944589772
0.05686302404783233;0.30406167519760957;4.594766198107491
-6.676881701883595;-8.770573600004987
0.2856225664434518;1.9048157846569003;0.5845384297277917
-2.131272098527272;-16.80054926799723
0.07435498611509228;0.9652307454419655;3.2267040128169238
-3.8633419204215693;-12.84507042575116
0.501599550018448;1.3416022086531187;0.6119282363550138
-5.940799566531898;-9.663233761310348
0.22802289093547745;1.2956700163305952;1.291279232169574
-3.7745355655639155;-13.010402144619958
0.20092956705761025;1.3789996174374886;1.3158179315739305
-3.268030865874801;-14.01657618241975
0.05854147403044761;0.0219259133893599;5.362202248560769
-8.219918551940925;-7.173191170554035
0.07791520914283054;0.23013251482762423;4.522522226498152
-7.284359270569734;-8.101682332531329
0.14384883748569136;0.17719876283769034;3.7962904260474075
-8.307454026318037;-7.091965992847421
0.1292695003781069;0.7183085860153103;3.3423603654734575
-5.370155352604291;-10.427620790454352
0.0075109773991295275;0.1371233088850771;5.276325910019709
-7.030851293192336;-8.373966188147334
0.558516879772183;1.2246156963124462;0.359855369371457
-7.10737322089433;-8.290774525343211
0.4101989106945721;0.24698419792503362;2.8065052308406253
-11.170078112626848;-4.862528254521633
0.062466633092953236;0.3235165213517551;4.219367725435983
-6.634727405820097;-8.819143212644432
0.30378900567116324;1.830501397500152;1.1084082019427322
-2.456962984543682;-15.909120232279761
0.37147139221162395;0.9768103260289167;1.6333076837433798
-6.455922548185501;-9.028465505847858
0.0170135424958883;0.04504578081170485;5.5271612563667425
-7.627018584647966;-7.748224238667178
0.8078199453048014;0.8137982194467304;0.23151777821032235
-12.740579257009067;-3.9203208742174698
0.9068616677076593;0.6197583659254997;1.1447910537549078
-15.679859680562828;-2.5462450161748205
0.017762374240829073;0.04407543808004735;5.62223297989824
-7.6405443215014675;-7.734601907083748
0.4428824250905207;0.7020249592813613;1.9250495048101643
-8.731829747456068;-6.710690947559584
0.7346371111126663;0.9020422584760832;0.18444648891881812
-11.1290279013197;-4.889476300077958
0.09863119021360858;0.24971958392737276;3.8363497154277186
-7.401737138948199;-7.978766377449913
0.11040489690184652;0.7930674512082623;3.5543166357671825
-4.867561710733034;-11.162395942183297
0.030523744328528724;0.0282714984705721;5.742439759466826
-7.868842211558373;-7.508306319507036
0.21682600799081805;1.3047969434392002;1.201788476660861
-3.6550963836184422;-13.237690585651649
0.137444942093395;0.7016577850570792;3.295024253453165
-5.522407386426641;-10.216854295999825
0.15925578241117777;0.6626244954208812;3.280285403933943
-5.913292590713214;-9.698534827296998
0.11791488938622868;0.7400054820566747;3.3755788561992413
-5.168726771718939;-10.714659507845331
0.29987441268356263;1.9137993312883848;0.29752238724238955
-2.186950949544991;-16.641506514678845
0.8570092816223018;0.2500115537991572;1.4464980456176997
-17.882855075655357;-1.778777971755444
0.24022023825237535;1.1592755507169636;2.3521756492305896
-4.414724149813531;-11.88190996614787
0.1719263019960148;0.1336295374190402;3.760000234254935
-8.887920603870793;-6.57546687156791
0.16729005970358;0.12022740932424947;3.9499631099125745
-8.912386989775896;-6.55450717886388
0.18997711461187375;0.06560634937275739;4.6568624860341945
-9.515227928747258;-6.057401250386367
0.6242878925039994;0.42385447964078554;2.1474750224359087
-12.903632411046276;-3.831698052006927
0.0408133659640768;0.4673651747331822;3.723464988007567
-5.714732710829991;-9.957855581685305
0.5826534368510085;1.1624964695191844;0.4994412203239815
-7.7029651213772485;-7.672050675366093
0.4575452335144821;1.459895067333886;0.23566969128842408
-4.987886750836336;-10.980737354190476
0.28036747497747666;1.9450091374420826;0.7617410113239235
-1.9902069949639407;-17.217223057322364
0.20517102314471908;1.3288049847128653;1.4573792917546615
-3.4795280079285464;-13.582620330586247
0.7810050209979857;0.28356474521260344;1.7821306347011432
-16.35337150917604;-2.2904732445589895
0.5398752214211714;0.5466353382248521;1.8937857648931813
-10.903844790167517;-5.03957863937512
0.4190239579374271;1.5401641084867477;1.0071535577797355
-4.318828088562406;-12.042106207293237
0.12369148732710732;0.8007845960529709;2.587478703705361
-4.950044436873612;-11.037462272259933
0.01122061437922017;0.635054154814565;3.5894252260218926
-4.693423503862362;-11.432165690479732
0.7819128229011367;0.8192588369938566;0.601219981718745
-12.336997181225444;-4.146762284332857
0.213632151076876;1.2133208830589801;2.3706448556738446
-3.9820737534056625;-12.628696143363173
0.013723834105267818;0.03724911253239825;5.795693535215446
-7.633688124540549;-7.74150401208104
0.639749466940879;1.0623621617723742;0.6613431464327607
-8.928900624403692;-6.540396131200473
0.725513343686322;0.32078656566017644;2.2320146318126293
-15.181263402147183;-2.7486220633100418
0.39513316840852214;1.626264080452908;0.1060997162270849
-3.7884046373670044;-12.984379817361507
0.18844672488646746;0.1429416049508085;3.626103979062687
-9.028968612217371;-6.455498319173982
0.5529195521276942;1.238751463078327;0.39662883754527267
-6.974147721601716;-8.43618366865404
0.21744831779331913;0.058943095765378935;4.772658921845935
-9.89658553312106;-5.761096595087209
0.18161104692690133;1.5949241207381537;1.242944045734033
-2.4302287351670877;-15.97895103089495
0.8563994966051489;0.6909382756215472;0.6440088068167203
-14.351933272889124;-3.1114653794128677
0.4762889964092951;0.19504098111429385;2.4074841464861576
-12.427815888475505;-4.094908759728245
0.33333518761663733;1.7503453803938926;1.124620968905607
-2.901638988426466;-14.822064045193265
0.8245938215117251;0.3171115183640672;1.375076824916414
-16.788345487514167;-2.1355081162609535
0.6138418212309006;1.1004751229959489;0.5650528081438896
-8.40332886448688;-7.004035150362507
0.020144870573482153;0.10640298153720365;4.816603158579878
-7.328248138408581;-8.055493782701214
0.8716252945092423;0.7330877471254256;0.015016817913746561
-14.263824597553286;-3.1520333367296365
0.6856484196670204;0.9856054983362558;0.8790369966245387
-9.957560186008488;-5.714955435032851
0.38770340307757745;0.8372607161832901;1.754563926775377
-7.351129401031025;-8.031522411340513
0.7734749599299959;0.8942604102242008;0.14873635546491953
-11.70329589898546;-4.523711292991759
0.6158351009169184;1.1260987004026943;0.18066242196501922
-8.279288599785708;-7.118002084043144
0.23389635441801876;0.5917528887318554;2.432713440621888
-7.021085136772807;-8.3846471156268
0.31842180641951795;1.7820262277367187;1.156481404999697
-2.7004388395266394;-15.29744760340115
0.755044117559802;0.29647392644017395;1.8247103143275227
-15.835238387968317;-2.485480992494585
0.7711015052482886;0.3634079002921377;1.3580096061426152
-15.560431017966312;-2.59368480571748
0.08512777447228541;0.24962911432868692;4.06551343698084
-7.257245553269149;-8.130354772494425
0.12297858535450705;0.7713048690649035;3.0338846576338807
-5.074077863210438;-10.852902545125223
0.5794276420678879;1.200909782291008;0.2517682315537822
-7.457968840961312;-7.920568320668864
0.2205657921244954;1.2550035646511157;1.6775036652680813
-3.8735917082719893;-12.826183492695364
0.0016121143585426964;0.00247652813579554;5.865760721801092
-7.6916129122532535;-7.683388205859065
0.5046860179712158;1.421522803728538;0.058883827291696944
-5.590539032563092;-10.124197478210261
0.3786708544119444;0.8648177979070542;2.05348517153043
-7.107932619767203;-8.290169599682022
0.10605934801864154;0.8404076820051072;2.5156521537173546
-4.626657627065444;-11.53783647271151
0.06643847002872738;0.358825561725179;4.149735499576395
-6.4958353604610615;-8.981270198806028
0.05816389674554197;0.33826743027713696;4.3772680558458825
-6.516089200053433;-8.957425204700018
0.08016355057268637;1.0951235764036211;2.525307220919498
-3.419963836234879;-13.70272506407561
0.56503477562321;0.5371170221425325;1.8301112839238878
-11.300331611842076;-4.777853791699316
0.17562677419827505;0.6303270410619023;3.255131446880337
-6.230477804649;-9.300286223967877
0.6308122058667567;1.0681056068000565;0.4911136654869826
-8.789302954996886;-6.660596100728861
0.5484858983579327;1.250546077460823;0.40955956105996694
-6.866426515609063;-8.555743603803599
0.8238208852714024;0.7848447753497833;0.008162730476980178
-13.177302128475727;-3.686535181352488
0.09174003935932203;0.23106335587979507;4.414000579628516
-7.428056143879065;-7.951472192651725
0.34794491241894654;1.7061963977972479;0.9084482120176229
-3.151533220088425;-14.264905522641326
0.043096447937231504;0.3588153031669771;4.335849874767834
-6.262399736849138;-9.261246217066793
0.1470971986366922;1.52691158512607;1.6080852604085596
-2.4271471320376627;-15.987036198417202
0.46597644062812404;0.6729924755528367;2.250413045300651
-9.178842723090838;-6.330278260353313
0.582009793268466;0.4931096661531753;2.021036617132593
-11.827624683380002;-4.447615559158677
0.6963118851190652;0.46101531005622054;1.2728914527339072
-13.679240854083012;-3.4315477920820054
0.9961521311746626;0.5624432407192153;0.010214364556139957
-17.596238160142708;-1.867766922211497
0.4139901871450088;0.8926534704806826;1.4048468516856567
-7.335980580322229;-8.047384638419546
0.12979161535866812;0.23292235882888931;4.0627212994276345
-7.83484559747631;-7.541576006703394
0.3279680710265126;1.738736574907626;1.1856982953441138
-2.9045543966898064;-14.815359158090414
0.2678565435839544;0.48290743348626725;2.870102121559598
-7.980719532309774;-7.3998573418117175
0.9487337344328233;0.6264599915092719;0.013073190863567332
-16.29350113295588;-2.3124188820357547
0.04801551024805138;1.1126416351164228;2.9184117963689955
-3.129638761346945;-14.312355522170465
0.8868778072735749;0.7103617480471844;0.014306498990313216
-14.666972781059558;-2.9696402495599368
0.7211103536927149;0.3938768552352987;1.352526153063978
-14.552416019166696;-3.0206336455152547
0.16081198473351144;1.5651497618121304;1.4030608302488492
-2.3944645383294363;-16.073248254125623
0.2025752721396397;0.5718328092095931;3.1667438250404696
-6.798530520325573;-8.632035434559025
0.01584937515007437;0.06232382180260977;5.309658685750925
-7.520000001740995;-7.856875788268066
0.22143482611554788;0.5636921906663284;3.194064534676903
-7.037574124400153;-8.366622047187715
0.3560984032437117;1.6648854190165323;0.9611476433752673
-3.3553282235325392;-13.834902961352737
0.5759417919547245;0.48664794982403;2.2000826275015966
-11.788834436326834;-4.4712424613872255
0.26608545982392334;1.1455873521991118;2.1458084507062116
-4.689989340691963;-11.437570098755877
0.6009271098128087;1.1477838803977336;0.3000316589503233
-7.98781046733758;-7.393036735830857
0.5713724272193804;1.1778929303435657;0.8281597709063858
-7.4954209697633845;-7.882049804716235
0.017446141768253653;0.046879724385474844;5.514116459751929
-7.6217127740687864;-7.753574623407429
0.21950103050013064;0.6846589968589709;2.630562873764113
-6.396734182912588;-9.098960477358393
0.5669622756358756;1.255106171843118;0.014778061899940834
-7.035686072021786;-8.36868389830682
0.45885120423515424;0.8529956604623443;1.2502989358480805
-8.047574077281569;-7.335799849193963
0.9195483513350748;0.6727417130151866;0.016920101005906858
-15.462836404995326;-2.6329315187907323
0.8012822995226793;0.8106010256734831;0.9277697460177312
-12.670505955093263;-3.958906648002636
0.19345111322489356;1.4309215529214003;1.5933601576767453
-3.0353700584523677;-14.519582649640114
0.054737856102708454;0.4562919065957993;3.6888634649819423
-5.900292403544324;-9.715270541838532
0.29205455481429354;0.4626051679772154;2.8590027731763743
-8.370534886919364;-7.033991528754275
0.007932979368804516;0.1792904182623207;4.931865499746835
-6.81537302658503;-8.613042081356857
0.1420176612784332;0.6286643863511541;3.518577746215939
-5.910809340743146;-9.701729042480308
0.025629591918153918;0.06408179253341276;4.9144926161465206
-7.617140071459722;-7.758188767127877
0.2483391212305175;1.135699086513406;2.263083620957144
-4.5812329968453644;-11.610462281421446
0.965667934422886;0.5834092628407357;0.02351806509704381
-16.91800246820396;-2.0908098021485566
0.09169593811967756;0.8627172725608071;2.836908671124812
-4.412693314319312;-11.885272673855285
0.014043800660665465;0.04913279325263379;5.682725967180477
-7.57219434448126;-7.803691455725591
0.007193049528896308;0.10480328161402007;5.627941291507221
-7.198380762842155;-8.192969770960657
0.3418171180187894;1.7171736993803468;1.0161141245392578
-3.0712367739016333;-14.44017087067208
0.6820194211791747;0.041063107526198774;2.405377545757433
-16.714131336531494;-2.16139825337784
0.222675273903159;0.6656586474266101;2.573950829754754
-6.524341110846698;-8.947730206669911
0.00727139972172801;0.11544866604295494;5.3465890231975814
-7.142699727616952;-8.25266426021144
0.374216724607027;0.92531051469917;1.3366564397239689
-6.745961636126487;-8.691609356462765
0.9097480716079936;0.6225223699950428;0.4338326471976284
-15.703601966493979;-2.5368904610635905
0.43065117988406826;1.5803966889224659;0.01685386888225917
-4.249577843873104;-12.159615464570726
0.5729975738559562;0.5502067108037244;1.8027757391079262
-11.319300264548536;-4.765627458558468
0.019705876252689505;0.09647217253211111;4.866645055999169
-7.376923581386602;-8.004588201680653
0.5315482352865067;1.337738752590227;0.035788923412223735
-6.2523958319769495;-9.273460934166295
0.4624641642316729;1.4462208446134661;0.4580554547247019
-5.092137048568462;-10.826354726219785
0.016844630169741824;0.0900868276575911;4.991991016443808
-7.380494065349809;-8.000867305848992
0.01982018176967515;1.5152977863575874;2.9166182334523816
-1.7489490040182574;-17.981180655018868
0.13014573705733826;0.16120927643328745;4.315177948184995
-8.242269369145014;-7.152365194649733
0.35343080242517844;0.008403183984015655;3.9583626897806607
-12.01686548044398;-4.333822850914226
0.2202748946686693;1.2464283576456474;2.1839099155019195
-3.9046081411629516;-12.769272392554347
0.39630777158933184;0.023020364434808836;3.664392293783768
-12.512550222236989;-4.047003256054584
0.9633501525512304;0.61229869237027;0.014880076365024248
-16.644360469580032;-2.185942729525935
