200
2
2.000100911084303;0.00011888746085360647;0.0001417972571359918
-45.68861962543282;-1.6877073436475458
0.00023740382743250187;4.000213435286189;0.00026031364166753
-1.6868466373938251;-45.68397154133839
2.000100911084303;0.00011888746085360647;0.0001417972571359918
-45.68861962543282;-1.6877073436475458
7.096380363928414e-5;7.096380363928414e-5;6.00007096380364
-7.687890305955877;-7.687109704115846
1.0172154795304635;0.5376256629327192;0.010036474441908036
-18.1603552232226;-1.6954969658123087
0.2660795871482802;2.029668312771454;0.005177286462951749
-1.693733358203903;-18.166333881427732
0.07284538428476928;0.01032365551020306;5.2687863768527405
-8.450343377124366;-6.961305133471673
0.08265588978495766;0.010504651245012576;5.173952015781727
-8.562904452767167;-6.8600260411932386
0.008820121206033926;0.10155892509305232;5.421763305713656
-7.232989590557498;-8.156095100048326
0.9577661225080795;0.5823250790176998;1.0220393703513926
-16.79758076046117;-2.1323019344781176
0.8196049031185269;0.25807394232998937;1.2243430476016213
-17.19128352605917;-1.9987890230814591
0.00015323462735378663;0.0015803120061319055;5.9052268640942875
-7.680495487542521;-7.69450775780819
0.0684348930365364;0.017136510831594357;5.529694931812071
-8.360369071028185;-7.043303043371919
0.6998883641202615;0.3476242038286994;1.8458113248144565
-14.581363818891203;-3.007686050361144
0.8412791757689144;0.7304807829578601;0.5777557600160041
-13.830378323782975;-3.357525069403317
0.7303010684742992;0.329987693194168;2.1440056842134885
-15.184168461075508;-2.7474095797767726
0.26037432200487554;1.2090773887886257;1.598111716243892
-4.375488364605052;-11.94710455717267
0.5984182248756715;0.46518747851094977;2.3113600920362254
-12.24687955893929;-4.198740875294963
0.2559973269094327;1.166966815720129;1.7440773609434401
-4.514141642408666;-11.718835423322563
0.6139674574736673;0.5129019103156857;1.3185355240508772
-12.131453723186633;-4.266090672238494
0.09903537996398307;0.23866282798736438;3.8971360230316314
-7.4658913416626485;-7.91240409031603
0.6385015751331851;0.3960983636912102;2.0572087678979507
-13.308469569174406;-3.618516916847649
0.1909891874480795;0.7024409843000455;2.7533651480768238
-6.027651932304572;-9.552740635747323
0.9753491916831553;0.5677568746050823;0.22772591826951813
-17.20620551484154;-1.993848918468027
0.027812565089261887;1.441447084476918;3.452793027994711
-1.9859817403742523;-17.23002323765659
0.05230639429259118;1.1498956109570189;3.493439108165364
-3.0310606557005317;-14.529171701790734
0.6849122990474448;0.39137030035361203;1.7937920659613684
-14.026371450345403;-3.26337417519135
0.2799033534225819;1.908739072270544;1.1261652088581713
-2.0879905166525203;-16.926246536331703
0.05050026800025237;0.3392013782727231;4.699759292967154
-6.434135008761994;-9.054344273756394
0.041432731637158784;0.4200259361816064;4.644145630836931
-5.946794583500978;-9.655559785481154
0.2825496641113895;1.055450749413897;1.5614307455659064
-5.231011699713;-10.624877332815299
0.27415641161365445;1.059114268910437;2.2441395342860284
-5.13901016565477;-10.757826068169178
0.5570572389754006;1.1905067427963976;0.840703676551732
-7.2731783214774595;-8.11349323477902
0.12057485842071987;0.18574999139793602;3.963549459817624
-7.995267619518487;-7.385870639639944
0.611469383281275;0.48617303253609984;2.2960833087921118
-12.282535283981012;-4.178112209690057
0.046440425701869056;0.058573801718907914;5.118537738410712
-7.877365746924643;-7.4999882003915115
0.39315937723652616;1.5779909577018298;0.7363888303983628
-3.9600477596068306;-12.668441995123382
0.03036580184040776;0.0369788618215449;5.670349486564807
-7.818704272971821;-7.557424112519846
0.7100753870456743;0.011656962906682935;3.5404822038212793
-17.418070777661168;-1.9246388546298434
0.34586691436393;0.986966414037138;1.494055668284809
-6.150883060227372;-9.398441498629428
0.4155452346005973;1.5865545078833718;0.19017612887395263
-4.103173700990011;-12.413278126493962
0.507684810910847;1.2863483890660141;0.97267821860865
-6.270546272453491;-9.251312712141011
0.4873733342992828;1.387972165190446;0.45669799186378285
-5.585515079778265;-10.130995542288947
0.3189748386249782;1.7701627875817323;1.1737143710305968
-2.742234420382387;-15.19657863403192
0.2961673390313441;1.8673575741082642;0.4914864247857028
-2.30055745718978;-16.32580931369111
0.5031001761962506;1.404497948097461;0.3126535988525066
-5.655504198367072;-10.036777751121631
0.9149477873818437;0.6534699434834383;0.08029481771679595
-15.541818237974502;-2.601136293891763
0.020951513027416612;0.030562896617792094;5.8372041569124535
-7.749999310439375;-7.625257886631922
0.669881472313548;0.9975374037778967;0.35677469489988645
-9.686858795480122;-5.922377846138931
0.2115077994760826;0.07744472101964613;4.589832648062153
-9.707559060303907;-5.906279403046197
0.17024545373889002;1.3952123205144542;2.012884710825891
-2.9989694874163706;-14.600905030819785
0.13019271453162326;1.5474527958367035;2.280485122775981
-2.2651718893591473;-16.42291292386717
0.05662831360079885;1.0194699235679854;3.038576204424271
-3.5245494084961027;-13.492895668526366
0.005744628841050826;0.09564720671044852;5.620641144404397
-7.231713840728751;-8.157451280040565
0.3600285341158392;1.6859412606307465;0.5712100392962061
-3.308069214931525;-13.932795331321275
0.25101344399531555;1.1087058752330765;2.207691296901566
-4.718824963728069;-11.39229382339497
0.35608027079658733;0.9456572433851864;1.6424558327841734
-6.457788849891683;-9.026252569603813
0.13556078711867725;0.8175557006754841;2.717619904929546
-4.980702559126488;-10.991477949945915
0.20325813602484508;1.3727804828423391;1.3186981526063184
-3.3067133656991716;-13.93561968441831
0.8868265315332258;0.7175514078285398;0.12006109402465691
-14.611409810004773;-2.994291602387742
0.05432666079206981;1.1166736792261962;3.2646770844050343
-3.1594930743895087;-14.247717008452131
0.34103289670645553;1.789148972312155;0.3832802719470143
-2.824175681055814;-15.0020906489475
0.0040354730248695694;0.13457492548372516;5.018148256625786
-7.007731369925712;-8.399275143699557
0.1484437780012094;0.008245531109217582;5.061984416080065
-9.358345355447053;-6.183283081621841
0.9015872054182085;0.6307712356572244;0.8075940511943154
-15.510246668655812;-2.6138117416846933
0.34989050739140276;0.27771607681820903;2.802831255415631
-10.18699597066434;-5.544281653053778
0.4724437389399707;1.4235948904924058;0.27464897222663814
-5.283770017521567;-10.549551556258674
0.03886794229210109;0.02173306157992176;5.753571691801487
-7.998651842707992;-7.382620789660906
0.44443913082773157;1.5097903776780057;0.6920044086017876
-4.658015217699608;-11.488048493947574
0.2256793088443865;0.5167277518259947;2.8697580506656024
-7.33224288594313;-8.05130336145257
0.03540977035477598;1.32658328831049;2.601660641244239
-2.357741977983593;-16.171143201593907
0.06572131905920671;0.2511265732444873;4.743599681093791
-7.043562601133857;-8.360085887520668
0.5816824551498296;0.09687292738065913;2.993920218480034
-14.690611055685;-2.9591992435760006
0.9458290377928333;0.6127251298538828;0.05921565764529472
-16.35730068120299;-2.289038278153367
0.0015431971504742588;0.0015735374164369726;5.986688378857449
-7.695823001600767;-7.679181575871138
0.17898263232252656;0.1536104248046058;3.5979096950020573
-8.853212519688675;-6.605309281443755
0.012574099365811308;0.6719932791334896;4.224984303411313
-4.54826061582983;-11.663556500250365
0.2393424698188115;1.140027142040805;2.3587226293243195
-4.48749139546199;-11.762255621896992
0.5509050276019017;1.2492846364217893;0.5311017366149394
-6.898138555406499;-8.520358948804342
0.10978045568276855;1.6215015360985268;2.3801815494782077
-1.9422640792452819;-17.363610951308168
0.8747338323212612;0.7506658885635314;0.13152845498072493
-14.178514756332998;-3.191695219464096
0.40737349539489587;1.5299314838580784;0.7033624740173167
-4.265474147249766;-12.132503571000917
0.5259922069482856;1.2627950553687664;0.6608025113551705
-6.572482598460846;-8.89139965465499
0.7464505682470867;0.29895653274715495;1.857116925796599
-15.679699037425225;-2.546308396208024
0.02243967973110757;1.5192528633725673;3.329213460779679
-1.7522229575259527;-17.97033150053982
0.37404961082968424;1.646579415328313;0.8154179786160222
-3.5531255932361887;-13.436407723594579
0.4932304477436544;1.3266260201108144;1.1027450578946962
-5.932304126580845;-9.674120497439405
0.4577089100100481;0.8002350419583776;1.3707211168175957
-8.334272351701467;-7.067261793022563
0.5348115491901665;0.16462759286676207;2.563836255504415
-13.483992145324404;-3.5290415846751233
0.11216050322238312;0.7815960051602098;3.240569181306042
-4.93304293125836;-11.063067917128235
0.2533063191560848;0.42464738547659264;3.406576234050087
-8.145027193268072;-7.243409412076728
0.7688555151568587;0.2886583799155197;1.6599287981727007
-16.117422100656853;-2.3778429462766746
0.7548965541994791;0.8783991779053032;0.20412368165252928
-11.558824913179329;-4.613491677749123
0.3895733198283709;1.594613985012538;0.7859989323620856
-3.8674165918847496;-12.83755739079851
0.1593281185130444;0.1343484975505535;4.090332623193191
-8.735161909946028;-6.7077767757151365
0.5710559979260909;1.1803635288101126;0.4272341334784373
-7.478579748505012;-7.899346611042252
0.039120238015927164;0.03727227847584234;5.339335521709426
-7.914503479769054;-7.463853306652923
0.39955424536749545;0.3172163938518245;2.515149559334602
-10.570126525895871;-5.269313460181039
0.5888408063036945;1.1181659105435156;0.8809297322198225
-8.01837848014346;-7.363705757440852
0.02387209237409499;0.44265365943726487;4.361261963950488
-5.671451382409289;-10.015455603989112
0.10043786378970648;0.21525665714117279;3.9983032399670213
-7.608611698545382;-7.7668019237247385
0.6760276374252073;0.9773517990040981;0.9188448324765687
-9.88877181196605;-5.767033577656571
0.7306481223846404;0.316555246563241;2.1296116831799505
-15.29400744310698;-2.7018564628405417
0.649243010700778;1.1058830518593663;0.019552613638289463
-8.783912236358512;-6.665279571394427
0.0185933839348894;0.10927129008335651;5.384280157151181
-7.2962313061680835;-8.089161050517436
0.12333415766515489;0.17490217537657865;4.042780477328539
-8.08736414858938;-7.297936609098338
0.45261911828593365;0.7260093028807729;1.8998941500788076
-8.705382145973067;-6.733863875371028
0.2135806373476026;1.2334638283733093;2.397539961792368
-3.9029597628382593;-12.772287853297403
0.26891604817096565;1.133435548667001;1.2794363050417645
-4.766424484633659;-11.318062460209424
0.30608454003547453;1.9712887641892873;0.022986888140232593
-2.059548053107071;-17.009864578408795
0.315250598686916;0.3193701719709658;3.126656084181077
-9.495523154684003;-6.073081875252475
0.5196921669186856;0.6239647314723645;1.6881836081210857
-10.144881259036637;-5.575265633021563
0.03318550801270047;0.03594241223377829;5.564124193877788
-7.855783220782632;-7.521068579074783
0.2958542984589023;0.05403605213972186;3.620858530033378
-10.933790761687595;-5.019392769128684
0.13553014092524088;0.713960264757896;3.3792870693709394
-5.447710488868609;-10.319610300850167
0.7531825273042124;0.9087902437583478;0.01396814712395055
-11.33125711423793;-4.757934194887081
0.15660526924728513;0.2252061694972135;3.8355510210396466
-8.179268798448085;-7.21122073947716
0.47973115526626;0.013437926683267444;4.418484347299941
-13.785596246008245;-3.37932802366647
0.35748973862464656;1.7400541839163206;0.4193478107380924
-3.100367267579841;-14.376189040917145
0.5153492825773763;1.311853993263497;0.6096910072947276
-6.2201935201569185;-9.312903229353104
0.1985503997932759;1.3631888068301643;2.0926587173473123
-3.3073419979000658;-13.934310077579802
0.1470668831411715;1.4626239195249744;2.1858754056816982
-2.626173395390516;-15.47956508105946
0.3781453005747726;1.7155695376081361;0.13998556138564044
-3.331681927410875;-13.883750228455376
0.26790564060571276;1.988269839557905;0.4768217689169607
-1.8086137928082964;-17.785657934619568
0.2614140873863241;0.4124629454826987;2.963342657260003
-8.306689244930945;-7.092671722741501
0.2337917831823852;0.5339500061969956;2.6453799576112313
-7.326889085258766;-8.056919923413243
0.0881283902839822;0.9764153196010429;2.6807904948050343
-3.9268817229056188;-12.72862565226948
0.4730494369016045;0.014290557963917453;4.2826091294727195
-13.680712474583363;-3.4308210003511532
0.08601919666152691;0.9754085676338603;2.89662266461811
-3.9143676782627406;-12.75143959568161
0.2999585116417398;1.0472478913975392;2.382285286665189
-5.42728513094035;-10.347924680195007
0.6623170239263552;0.3663023897008954;2.0656992562118415
-13.87672368685099;-3.3350754471810253
0.229263438741714;0.06441285281579344;4.128660529453431
-10.010453000111712;-5.675198728767731
0.05877846699829489;0.011701417167864457;5.744461612363906
-8.280910733001065;-7.116500047885088
0.14051753552407223;0.2564652820467808;3.793223806366917
-7.823237514039071;-7.552969835024073
0.6910562346764729;0.9333712975074416;1.2581955007457633
-10.356945084459548;-5.420792194159004
0.8614824672409072;0.6960647831344189;0.9113350930008355
-14.389974753247978;-3.094073088426629
0.23394324457487278;1.2225364652438118;1.3917821970850073
-4.10642171790141;-12.407571454936138
0.3684680509417423;0.2542747425027391;2.8229376823940524
-10.575099464433368;-5.265824511245169
0.6393025824958251;0.450315553162558;1.8626757694392047
-12.929156546123995;-3.8179708160039816
0.22136875393220454;1.3334032424514133;1.4682880962352618
-3.582123910538885;-13.379446990995929
0.23194542156513115;1.34920557346448;1.423810716795799
-3.602051154908551;-13.340513188584946
0.1406755045287427;1.6014799437182523;1.4111636689285998
-2.169531263494353;-16.69094954476279
0.9893852606293485;0.5536419159595538;0.10157907836261963
-17.55669887078717;-1.8802842124965935
0.8689029058616632;0.6832584058792297;0.7892269697075063
-14.599580963315043;-2.9995594990299823
0.06097374859292433;0.28401271424266905;4.5141160129753635
-6.822406440767163;-8.605123828392186
0.43243128835550315;1.4742424819071933;0.9964803655989892
-4.707254390277885;-11.410433347435943
0.7090426812301659;0.012524660169333787;4.4674723362986075
-17.393684750425255;-1.9325170252242747
0.18580180206755603;1.3646392990983858;2.348463337894997
-3.2119235691731864;-14.135316213769196
0.2825078588796126;1.9495337124745493;0.4973044915548052
-1.9895411067562596;-17.219239048624825
0.09264834576450363;0.04905547634843671;4.909136409699622
-8.455388352207018;-6.95673498522074
0.09356210622414479;0.010634322036505097;4.9753566096293005
-8.689343078682379;-6.747954284152749
0.1453119375879269;0.16833401967956382;3.8539203562460926
-8.3750490139869;-7.029860603527708
0.43753770579167217;1.447871624555169;1.204900908670106
-4.8652163302498295;-11.165974672939898
0.3171828975263603;1.8405504860000204;0.530746255877121
-2.5083657084654845;-15.776397308885782
0.43095021209249595;0.7889608232099237;1.7083044744265894
-8.093987990753277;-7.291652380027527
0.010697043125841282;0.12059253395976594;4.953848515523122
-7.151748869633234;-8.242931794422152
0.01490137579113961;0.7437258517815795;3.725468286800839
-4.270609141902028;-12.12376324409433
0.9289483191776535;0.5975776615819414;0.979151275560927
-16.207658295468576;-2.3441495509615526
0.09128750149656839;0.8754600800108351;3.201158380566663
-4.3567218063564805;-11.978457653551164
0.324620580187972;1.7528628384493374;1.0166825782277638
-2.835561578909869;-14.975400037717197
0.31044477987104496;0.5025224430490872;2.50456421075726
-8.35252991612573;-7.050491632502699
0.7643291516018713;0.8279248011435211;0.8624309896593725
-12.0325617022408;-4.324493179578364
0.3304378628300221;0.9638214433429104;2.256348427097607
-6.113074660606623;-9.445477555118151
0.7781696142765129;0.852286562025541;0.15657729887260097
-12.055479823145626;-4.310900491343296
0.9367776657196333;0.6326025068190281;0.24358522589393358
-16.052704448344258;-2.402223377521637
0.5130023590473376;0.6084058466336439;1.9336791599115937
-10.158682610481199;-5.565095024409855
0.5802659056502341;0.09303051383050401;3.170137405770126
-14.69831615618486;-2.9558018840152545
0.032206250882678394;0.4289951031940825;4.168752976577932
-5.815216165406545;-9.82562478112253
0.6810833627063815;0.9415509598391938;1.1328313358672661
-10.177804332903671;-5.55103091159441
0.19906734856454084;0.5748430685855206;3.332854819694481
-6.746829805532372;-8.690621891553201
0.2878124277572617;1.9201858613416223;0.2221220523503385
-2.100258766341736;-16.890429830439828
0.00023602825848166657;0.006591102524051399;5.842801096995453
-7.653882689685053;-7.72119219576302
0.6533337570849038;0.39319529333150843;1.9177596876977756
-13.5460287128539;-3.4978342836326086
0.10557569878199027;0.9692673960533605;3.0794939999559827
-4.09260187547396;-12.43187785885714
0.4791309546484822;0.6462857185993155;2.0052992017437083
-9.500698192399284;-6.068960094725147
1.003819732760709;0.5564916410857413;0.011610383910983662
-17.77464304276062;-1.8120169739681755
0.1021512736830378;0.2112884440911202;4.333420543339932
-7.649126370765307;-7.725971234740799
0.27429606344438756;0.38190019470056247;3.084959623188405
-8.63209182729181;-6.798480573221471
0.5167293419374961;1.279594675617282;0.5056965065628383
-6.394334971848367;-9.101830881013555
0.33613004004528285;1.800112447043945;0.3798185824051858
-2.756362943398755;-15.162738979885924
0.0442579948379266;0.08555240577333277;4.886552883618202
-7.703808494293409;-7.671209071365685
0.10070344271720556;0.1960038681535098;4.427203461509264
-7.717245787640696;-7.65781259755078
0.646968220384547;0.05827936306862784;2.574397069950875
-16.01046234102382;-2.4182344863186915
0.07845201891066968;0.2687621138268058;4.205186594562122
-7.084792811137579;-8.315231647197711
0.6675047261750237;0.3791038033712044;1.9678729262943861
-13.858736679133298;-3.343774540366027
0.38449677414626393;1.6802445465894296;0.2800981142274376
-3.5059978912641405;-13.529758872530062
0.5381304209014569;0.14753885703511252;2.4246749920293436
-13.657995441213952;-3.4420536087681364
0.004420482778788012;0.20166786171588416;4.77490650717677
-6.664134283011352;-8.785230140752741
0.3153199935368705;1.8149348771864509;0.6334237396912215
-2.576432491127172;-15.603676282366978
0.7826435573535374;0.8522154458291651;0.15812449207740037
-12.117865383784832;-4.274077026127824
0.32923123052449355;1.8362463445893396;0.05606237307928964
-2.596863516855456;-15.552486235799336
0.426836999236731;0.3867828242014362;2.4677841299963794
-10.473388827109252;-5.33758591011697
0.567312577329334;0.5210027993393194;1.971457018940432
-11.43895534920408;-4.689109440691248
0.3322657058994826;1.81832199337161;0.3061373234133335
-2.6728845074761964;-15.364580904775286
0.8007062621775054;0.8091748269394501;0.36928832046249865
-12.672447904991895;-3.957833233420726
0.39534584574387543;0.8661314162648662;1.6999938561911725
-7.278272665800312;-8.108109638348582
0.7866520634012957;0.2972740035101297;1.4602732440607795
-16.33391855365831;-2.297587197441236
0.018641934840142274;1.4930858662217465;3.555668847044026
-1.7999484721560661;-17.813770434112147
0.0927863249740424;0.24168209344221608;4.043414134109118
-7.382046330431499;-7.999250208866944
0.010367680799121037;0.1270498436148966;5.345337515259303
-7.11407311799487;-8.28353242017807
