200
2
0.6010559162591267;0.6001022346667073;5.499540331186402
-0.9999994372946216;0.03953786504073979;5.499540331186402
0.858847494869193;0.8592365969589001;2.614021827902401
-0.9350990500691344;0.03302799792834915;2.614021827902401
0.5964935035209924;0.778578022598439;4.3141070624338775
-0.9841753438488645;0.0018737952249533382;4.3141070624338775
0.7060905921218271;0.8898841086128892;3.3812092781446816
-0.9534731582659567;0.023101870130837296;3.3812092781446816
0.8225160409243845;0.5978286577503795;4.122628430384858
-0.9755449397068096;0.0013802237259217462;4.122628430384858
0.8898001846327563;0.7154519306330157;3.3105187596590238
-0.9525081194601182;0.02478755080623849;3.3105187596590238
0.6436435214502064;0.8872595768705511;3.8325556333213786
-0.9586670866347526;0.007938417859880323;3.8325556333213786
0.8133454387316797;0.8786688130860374;2.7093551430691205
-0.940271804485301;0.03363311711269311;2.7093551430691205
0.8853064369692762;0.7159173272501164;3.2970659132563815
-0.9536883911867907;0.025652915954842884;3.2970659132563815
0.8783254877127664;0.7078835135155755;3.345135278306298
-0.9564258983222107;0.02537967089232213;3.345135278306298
0.5988204866064957;0.6040542911856932;5.490593079658551
-0.9999910857753;0.03886791741198832;5.490593079658551
0.8716649754713094;0.828222871573422;2.657451068801352
-0.9389962729007567;0.03406760081084677;2.657451068801352
0.6037720014343371;0.6068314119828184;5.451059932282025
-0.9999695523712886;0.03581953081763746;5.451059932282025
0.7943709897689039;0.7946609089729993;2.9270968354721743
-0.9628703808455426;0.03993980835082362;2.9270968354721743
0.8110260850989158;0.6009414744680364;4.143761394475095
-0.9779796201242782;0.0002541288604320374;4.143761394475095
0.830588001922622;0.7639981384135316;2.968504832084097
-0.9607576298459227;0.03776824010069045;2.968504832084097
0.6055725522808248;0.6096695684018585;5.426474777930544
-0.9999377249931684;0.03402770561892743;5.426474777930544
0.656399966430408;0.622876151093682;5.033973761259981
-0.9981495768966501;0.011993827492576145;5.033973761259981
0.747480373232828;0.664952582951225;4.082459591648506
-0.9870992876080448;0.01900388395269116;4.082459591648506
0.8757314737813857;0.7356852392977852;3.1363319355361323
-0.9538783180350275;0.03012835543471614;3.1363319355361323
0.7963012413119607;0.8416659673001655;2.7746698714450706
-0.9526875308806094;0.0382502663531092;2.7746698714450706
0.6435290796591161;0.6344805487102411;5.050742556990337
-0.9984593435239133;0.011879837667586136;5.050742556990337
0.6184434390521167;0.6232576237306497;5.277733488978405
-0.9995595582701156;0.024200652392559058;5.277733488978405
0.6047638302904532;0.6052673741712506;5.454151944447855
-0.9999747806631647;0.03603795752501468;5.454151944447855
0.6541111306086015;0.7010093765974167;4.499145674954237
-0.9934560511967577;0.008917294266067376;4.499145674954237
0.6647236993690443;0.8461520855109063;3.6613116022883383
-0.9681289350298121;0.01957030749059729;3.6613116022883383
0.7771665738416583;0.7549953841810927;3.2386456621419946
-0.9726745030508439;0.037453219204864115;3.2386456621419946
0.6194886740774084;0.6268358370654074;5.249963262917354
-0.999450165930035;0.02257016611117027;5.249963262917354
0.6110276109894637;0.6104401431285333;5.393019419627063
-0.9998847042507262;0.03164350314548042;5.393019419627063
0.6241044929847182;0.641247873290049;5.13049624049858
-0.9988594441123595;0.016141467123095443;5.13049624049858
0.6963782987846282;0.6705907485256083;4.415770579634425
-0.9928894850615634;0.012515788670069854;4.415770579634425
0.6445209085152322;0.6419955596585057;4.994967733508302
-0.9981288835620455;0.009139151056557618;4.994967733508302
0.8164048492801611;0.807913268381259;2.784808208485205
-0.955969287033812;0.03966826110362137;2.784808208485205
0.6855826231584409;0.6744054748952858;4.469288345121337
-0.9935903499675689;0.01113467914041795;4.469288345121337
0.785627636929603;0.8347842009292673;2.8373345686425764
-0.9561976692568328;0.038583494545485056;2.8373345686425764
0.7782728444888648;0.7135064201844802;3.527559331117419
-0.9779150660456514;0.03204679136409125;3.527559331117419
0.860007171685575;0.8240266725667768;2.662133313363689
-0.9428049669149635;0.035821858351666847;2.662133313363689
0.6292391146783042;0.8655080071106499;3.896621576522186
-0.9649541286665769;0.006549421048541684;3.896621576522186
0.6120118103928405;0.6112564945716443;5.383129988679324
-0.9998645130497085;0.030963670273161104;5.383129988679324
0.6819586331072472;0.8483722562580586;3.5318581310803765
-0.9663753128463057;0.02372636052659525;3.5318581310803765
0.6407824766729483;0.6505786939902801;4.961680385105636
-0.9978915186316728;0.007676946424050618;4.961680385105636
0.7123314844626195;0.6320238649281688;4.561157312855665
-0.9932012714804256;0.00409824942980197;4.561157312855665
0.7218988181977707;0.6275987823393429;4.5173596284942805
-0.9922199154228367;0.0041780255502178315;4.5173596284942805
0.8033203378321673;0.6950812918189379;3.5462755446477274
-0.9751248100052862;0.028981040030297403;3.5462755446477274
0.6357317789594953;0.6850561909194254;4.743809202356669
-0.9957533846592961;0.00019612768976372263;4.743809202356669
0.6921973586834617;0.6976295290338824;4.24451462418363
-0.9910245827618767;0.01789887719935305;4.24451462418363
0.7779142602101151;0.8748083099999237;2.8642631649572117
-0.9478239074505161;0.03391593685288883;2.8642631649572117
0.8342272508792944;0.6926322374896049;3.4711288645251495
-0.9687762826178216;0.02730065887075724;3.4711288645251495
0.8374697682935203;0.802992271364375;2.7523202135645475
-0.9523726549179633;0.038587062776111854;2.7523202135645475
0.7222802908347384;0.6452838537891677;4.400117898389262
-0.9915344875000593;0.010022560908935524;4.400117898389262
0.6329088814459339;0.6362658406512501;5.108630673545665
-0.9988016157984575;0.014728316837290797;5.108630673545665
0.6311846251268397;0.7722989829939498;4.155670361044411
-0.9847871916950866;0.010734022863264869;4.155670361044411
0.8561924453158974;0.8376223573483074;2.6328481178930856
-0.9407766919343173;0.03542696731697616;2.6328481178930856
0.6249971389552227;0.630246202439899;5.196060025321548
-0.9992304513955342;0.019442353159933395;5.196060025321548
0.7125451091393215;0.8057159859923247;3.404573577429694
-0.9728817512511531;0.032318969568682354;3.404573577429694
0.7816984687688352;0.7826521503612546;3.049648853127793
-0.9673566109557314;0.039364106067506184;3.049648853127793
0.6339388575657469;0.6981864790838553;4.655957432797777
-0.9946183180526839;0.002057703932088449;4.655957432797777
0.6952109925155069;0.8673772230317919;3.4295199403435137
-0.9605225148905773;0.024479573726939024;3.4295199403435137
0.7674313921462413;0.6877493877364177;3.784960881740132
-0.9822920485486889;0.02633908582891899;3.784960881740132
0.6083191552669927;0.758031906371356;4.376553042716988
-0.9875564237269187;0.001497132879618085;4.376553042716988
0.6234636189546123;0.62964347567349;5.2090709239017645
-0.9992856167610721;0.02018643921321113;5.2090709239017645
0.7449550243761015;0.7333658856650213;3.589304981872772
-0.9807877445143403;0.032529945465357396;3.589304981872772
0.6874823568905403;0.8569935378535297;3.485740608288351
-0.9638212560175162;0.024091516632030525;3.485740608288351
0.6280794378619222;0.6435748563755522;5.090722716914593
-0.9986572907723619;0.014025505243801799;5.090722716914593
0.786443988372714;0.7536602299517056;3.1980227498877865
-0.9712353961672413;0.037668860260632084;3.1980227498877865
0.732457980789038;0.8705358164658848;3.153810688428161
-0.9556463393120341;0.030462774236397056;3.153810688428161
0.8529957046181077;0.7809355234948997;2.8400480711830087
-0.9527790537152154;0.03682800102761677;2.8400480711830087
0.6618397662335681;0.7244546848654546;4.26845698795935
-0.9903899122484013;0.015204655166827109;4.26845698795935
0.7533931991058281;0.8687734128830938;3.0075829360982165
-0.9532440610251487;0.03309802379082253;3.0075829360982165
0.8020157014137376;0.799101250467304;2.873678889866953
-0.9605724926270359;0.03999512919708814;2.873678889866953
0.7578106522419147;0.6606266832480107;4.045336553241797
-0.9858117176527159;0.01879513751329698;4.045336553241797
0.7271478816824469;0.6790670705190317;4.122196526550022
-0.9888534950823666;0.020067795423796386;4.122196526550022
0.7810194474750326;0.6386386004531895;4.059092449764232
-0.9830154016962361;0.013602237362141542;4.059092449764232
0.855902526111802;0.83972045685163;2.629564948471968
-0.9403755143382221;0.03529719288181712;2.629564948471968
0.6210832296999336;0.6126069077065102;5.323797311847758
-0.9996983271641531;0.027127381733923164;5.323797311847758
0.7322138383013787;0.791387873747816;3.321938983357435
-0.9733077970612655;0.035330867563584806;3.321938983357435
0.6275072289064706;0.6162690450214006;5.26443132595292
-0.9994894656330324;0.023510819896872898;5.26443132595292
0.621350260545811;0.6168717717878096;5.298151038184866
-0.999629823377962;0.02545167737518572;5.298151038184866
0.6004531894927176;0.8045639386286821;4.170673286913607
-0.9792940684677761;0.00016024088056435654;4.170673286913607
0.6608555668301913;0.8513858900901038;3.6848418070653866
-0.967104103785287;0.017998317017500414;3.6848418070653866
0.6471454402575704;0.6515400050354389;4.912280625301825
-0.9975634409126595;0.005404886538929524;4.912280625301825
0.8207460078888541;0.7099053184915046;3.373015470411111
-0.9700535629086524;0.03145255152055838;3.373015470411111
0.716123322474079;0.7313974868582677;3.811599802254615
-0.9847426285274287;0.028258398157851087;3.811599802254615
0.714513507946075;0.841826185807692;3.2931322818032998
-0.9648364982899732;0.03094262985709466;3.2931322818032998
0.687757017189157;0.8261781782392749;3.525956164369908
-0.9709998829964729;0.02671621579379757;3.525956164369908
0.8255601925673871;0.8126664174378772;2.74112867000515
-0.9530840321347389;0.03918623842520754;2.74112867000515
0.7740613865767408;0.8322588520725408;2.905071352136198
-0.9587539845436881;0.03828655479664066;2.905071352136198
0.7996200532535801;0.7344797857649671;3.2681945045763463
-0.9714490179353052;0.035706957167065276;3.2681945045763463
0.8189073097786695;0.5980804296907782;4.131900893435225
-0.9763227629323743;0.0011289992369273374;4.131900893435225
0.8288332277925704;0.7973235879790342;2.793911084340372
-0.9553756908908072;0.03916148179375579;2.793911084340372
0.6844763525112344;0.6400271608517522;4.7201538578765305
-0.99564031725896;0.0010629776057402285;4.7201538578765305
0.5982711660092621;0.8039612118622731;4.18390932679651
-0.9794132781177299;0.0007102136626805089;4.18390932679651
0.8676289949721906;0.7874892233980056;2.807063708883718
-0.9480114071696747;0.03526979950786642;2.807063708883718
0.703832274110978;0.669789655987976;4.365140604026058
-0.9922046737693062;0.013797034809604293;4.365140604026058
0.7730008926459705;0.8303667477931808;2.9152248587418024
-0.9593502240135028;0.03834890883055095;2.9152248587418024
0.6698735799681089;0.6740316317110574;4.5891022095074385
-0.9948319009791624;0.0071990850003051665;4.5891022095074385
0.8470447314814108;0.8166261034096024;2.689824061479664
-0.9474520179294206;0.037510365925255175;2.689824061479664
0.6213121132821142;0.795942657033211;4.093284922029266
-0.9807635622809711;0.008054177108345856;4.093284922029266
0.6489536205567975;0.6915183373896591;4.606871252804943
-0.9946284471398459;0.005416720134396237;4.606871252804943
0.7075554470477833;0.801466380816504;3.4594184155450733
-0.9742586673258999;0.031451854356765785;3.4594184155450733
0.7188241487438106;0.7668973304544865;3.553572759231142
-0.9792317448128808;0.03231469444179355;3.553572759231142
0.6901450358965752;0.772710973441875;3.7356913417342623
-0.9812013370583916;0.027187195891345186;3.7356913417342623
0.8645466960654912;0.6990257188851844;3.399124132658092
-0.9608898241218892;0.025637918580375302;3.399124132658092
0.7650433734388232;0.7751981750349047;3.186056817761712
-0.9714486598537869;0.03816290373786321;3.186056817761712
0.8693608807440242;0.6433612316988503;3.8077337641214557
-0.9634663271140935;0.010653364487511991;3.8077337641214557
0.6993461559002373;0.7188012603855926;4.030698702481314
-0.9880799147995434;0.023275568352972315;4.030698702481314
0.6228074860190278;0.7375010490497517;4.433279700884816
-0.9903336623552914;0.004696694119221405;4.433279700884816
0.7958968803167749;0.8128800421145791;2.846530982066895
-0.9590167386034505;0.03981726892399181;2.846530982066895
0.8224931525661664;0.7765714765279886;2.9146582681717
-0.9604624952650899;0.038945162375556584;2.9146582681717
0.6914573017677442;0.7904494510608754;3.6312408485919256
-0.977929482110922;0.028127269675422843;3.6312408485919256
0.7633725232889045;0.7895339167321528;3.1205241370176515
-0.9691781414533753;0.038548889050808645;3.1205241370176515
0.8461749738691243;0.862479114373126;2.6212172255008355
-0.9373029765029618;0.033964232055335546;2.6212172255008355
0.645482219560391;0.6444446139878387;4.972081336423564
-0.9979800648161132;0.008073222589375748;4.972081336423564
0.7994750936515324;0.7261255350153734;3.3293391730065607
-0.9725352262455363;0.03454228789656051;3.3293391730065607
0.8443133874007217;0.7847044731481411;2.827463634133724
-0.9541805336293064;0.03780237055539763;2.827463634133724
0.7380045929305491;0.6998573292337741;3.8871202260410174
-0.9855963624203342;0.026128014994100352;3.8871202260410174
0.6527378291155176;0.6417666760763251;4.940167724775313
-0.9977396914281178;0.006723931773545147;4.940167724775313
0.7310694203904754;0.7034279131157922;3.9096397665896254
-0.9861584247609306;0.02592240722952401;3.9096397665896254
0.698049148934547;0.6727804014618032;4.386959013323961
-0.99257241067627;0.013421197714809829;4.386959013323961
0.8051285181313944;0.872214296068543;2.7315021951979945
-0.9435658097274793;0.0347587937451008;2.7315021951979945
0.7602902243822051;0.7490672994026139;3.3785112866043905
-0.9763276832409931;0.0358289937302414;3.3785112866043905
0.8467548122773153;0.818724202912925;2.6835557455989525
-0.9470872024821256;0.03746339175418863;2.6835557455989525
0.762609578014969;0.7413005165139505;3.4172243387833476
-0.9770632838291015;0.03515632698225231;3.4172243387833476
0.6570484699132532;0.7017646924186128;4.472739233102585
-0.9932178132780944;0.009914684390248157;4.472739233102585
0.6080139771574185;0.769766004684484;4.305762605347844
-0.9856614305329678;0.002227272560349096;4.305762605347844
0.6753667859404445;0.8896170777670118;3.6123401881831256
-0.9562086830157468;0.016435341325686383;3.6123401881831256
0.7426585591015556;0.6929908217683546;3.9066022362196144
-0.9856052310798095;0.025260994929878152;3.9066022362196144
0.8484790685964095;0.8213945113716993;2.674076877528548
-0.9461267926765639;0.037192054791190865;2.674076877528548
0.6655400508121553;0.6529590832449589;4.772689438329841
-0.9964562127092182;0.00029949086423926297;4.772689438329841
0.8365771223230157;0.7612744237855819;2.9736042086265697
-0.9598396043447699;0.03716244386942844;2.9736042086265697
0.7106072281435253;0.7861082924521824;3.5078198506951983
-0.9768373422804392;0.031815952801222167;3.5078198506951983
0.6749395365870406;0.654530750509266;4.692659004744828
-0.9957144408818205;0.003198577943538429;4.692659004744828
0.6096848273073372;0.6174592396487399;5.360971463044551
-0.9998007093964686;0.02954099414665426;5.360971463044551
0.6805319254449879;0.750898368060059;3.944450848431194
-0.9854786130488707;0.023316408902952626;3.944450848431194
0.6680730291216211;0.6456805853316142;4.8042691419367
-0.9966453129936524;0.0012192073887378474;4.8042691419367
0.7440700078583363;0.7543316217927688;3.450954735712818
-0.9779593166550862;0.03478623521095473;3.450954735712818
0.8065552257936538;0.7512493228860694;3.1237594004919815
-0.967760432436359;0.0375804004957275;3.1237594004919815
0.6934791067436733;0.7110573658551472;4.133195612902308
-0.9895192687066396;0.020742507131249116;4.133195612902308
0.823172173859969;0.8221574566456348;2.717669090138831
-0.9516291414728656;0.0389720974736002;2.717669090138831
0.7113930617756788;0.656529667126977;4.403630492316868
-0.9922283479325814;0.011565074083815303;4.403630492316868
0.7810728536442081;0.6093262430285875;4.23486825471483
-0.9836971747148432;0.003285281533233146;4.23486825471483
0.6763586147965607;0.6669057228524998;4.5935373586922275
-0.9948597496323385;0.006998721255559136;4.5935373586922275
0.7545681348276888;0.8144517093788862;3.0733600506525067
-0.9656629468303055;0.037727093722993155;3.0733600506525067
0.8656300783544796;0.7610913169198373;2.956051812085735
-0.9528908876240135;0.03417880719615234;2.956051812085735
0.6074799154656636;0.6176804937781812;5.371552409004882
-0.9998157424796955;0.030304385298075873;5.371552409004882
0.6650517658368366;0.8608921882033401;3.652161834803131
-0.9644973125058445;0.018081115512053016;3.652161834803131
0.617138802633687;0.6143387934783437;5.337093205490583
-0.9997503613878396;0.027908301109318773;5.337093205490583
0.7028175568966438;0.7528133606976372;3.763270126021353
-0.9831813529269188;0.02832899382381164;3.763270126021353
0.6593144173768416;0.6820883338038163;4.605456801843784
-0.9948847801950172;0.006304405816822199;4.605456801843784
0.6384783819456631;0.7367228448703375;4.340583175881309
-0.9899638406729702;0.009906768539805513;4.340583175881309
0.7098290239641111;0.7177483959075616;3.9592117641121294
-0.9871201152660113;0.0251038687049559;3.9592117641121294
0.804045135842406;0.7471828245759932;3.1610396467956416
-0.9688469744605563;0.03719398285624617;3.1610396467956416
0.6365481304026063;0.6339922637349223;5.099899731250352
-0.9987551555476004;0.014275082174739002;5.099899731250352
0.6147278955680509;0.6160020141755231;5.341403629703765
-0.9997635402782393;0.028181011468107475;5.341403629703765
0.6715825773817244;0.7060142975944336;4.335438656689736
-0.9918518294377625;0.014675653311411501;4.335438656689736
0.64679448543156;0.649609753492382;4.928008007733358
-0.9976772759536666;0.00608915593880259;4.928008007733358
0.8744649846266527;0.8093170876853003;2.7179670482237204
-0.9421673789857496;0.03436815794161682;2.7179670482237204
0.6568882514057267;0.7054039413752852;4.446307687589873
-0.9928525335046186;0.010570613106959018;4.446307687589873
0.8736944098999778;0.7306879477535076;3.1697590808563922
-0.9550477069293577;0.02976497336287357;3.1697590808563922
0.7754423175225641;0.8764944190553212;2.8802358607382637
-0.947797331165235;0.03354552408472636;2.8802358607382637
0.6781362772848304;0.8544071533748884;3.556683708428106
-0.9652056044241432;0.02218909474764163;3.556683708428106
0.8731984954719197;0.6445895735898864;3.8030798329855373
-0.9624118282777552;0.010489579623674021;3.8030798329855373
0.657948745336497;0.8570927207391413;3.7032640958642604
-0.9658687128086235;0.016561862287127055;3.7032640958642604
0.6731618740987709;0.6641286020553746;4.637411957408718
-0.995278612246523;0.005451053038437195;4.637411957408718
0.792890875937469;0.7218759298395526;3.3903497928955386
-0.974305551970594;0.03384609001662904;3.3903497928955386
0.7896941352396792;0.7814009201120004;3.015409272657135
-0.9661413993132281;0.03954786337886179;3.015409272657135
0.7522411517421855;0.7437953475597195;3.4666274210745067
-0.9783114191627975;0.03456012945715432;3.4666274210745067
0.7005592388857947;0.8096985603222681;3.4800553933958094
-0.9733195598147886;0.030017472956702894;3.4800553933958094
0.8085617718641042;0.7210977256601384;3.3298044699504765
-0.9713374566263643;0.033701127166544255;3.3298044699504765
0.8569553905898329;0.8145661511699765;2.690815753826595
-0.9455085453665321;0.03654391072285297;2.690815753826595
0.6574986076248751;0.8513553722791464;3.7087838343622854
-0.9673036634307337;0.01705597890922098;3.7087838343622854
0.7019630581898361;0.7287195489467541;3.937787045958472
-0.9866078893037173;0.025307855338156333;3.937787045958472
0.7503643063683042;0.7679807127434749;3.3223964873655416
-0.9749067318102991;0.036511063161284565;3.3223964873655416
0.7043205590862968;0.6882681905226938;4.223517509073568
-0.9907064284255193;0.018361447337368116;4.223517509073568
0.8417117440166016;0.7519588619908294;3.025800017340878
-0.9600614064954118;0.035952179469877325;3.025800017340878
0.6550495532955422;0.6481601574719046;4.880847195213609
-0.9973286473866406;0.004065969778778704;4.880847195213609
0.6589024269289164;0.7236993690442585;4.295031481493263
-0.9906583915759424;0.014269688589205957;4.295031481493263
0.6734289049446484;0.6644795568813849;4.63289717956667
-0.9952366721323984;0.00561396739342334;4.63289717956667
0.7696744512516117;0.8500278475024986;2.9055176220557426
-0.9553746880242122;0.036577575567375877;2.9055176220557426
0.6307573757734358;0.7796385165292093;4.117105045908035
-0.9835291462187038;0.010942344135774704;4.117105045908035
0.7287348078522328;0.6154450641255502;4.539127380255743
-0.9916296279055092;0.0008607480325195371;4.539127380255743
0.6508380953834182;0.6610539326014145;4.819793404761211
-0.9968489277679278;0.0015552834343785238;4.819793404761211
0.6642125260355075;0.6866049698255144;4.536279445608147
-0.9942050213911762;0.008703329046069769;4.536279445608147
0.7621823286615651;0.8639897460155183;2.9485118749378376
-0.9531367924410672;0.03447513613940759;2.9485118749378376
0.7420253145241892;0.6800588993751479;4.0084959172422
-0.9867976175316785;0.022253068224879893;4.0084959172422
0.6462222764761084;0.6579868926001938;4.873304924804296
-0.9972542871057798;0.003815310925539342;4.873304924804296
0.7076470004806555;0.8535450252153413;3.33413220287938
-0.9627740960327534;0.028603853754468438;3.33413220287938
0.7737333201089486;0.8428485324747655;2.889113638939391
-0.9563997181273034;0.03747406479226001;2.889113638939391
0.6628621129006417;0.6434909323954193;4.8568504196290965
-0.9970827103640231;0.0033018883205315763;4.8568504196290965
0.6397296121949173;0.6900153352000061;4.680308346820572
-0.9951710955016045;0.0022167763016413752;4.680308346820572
0.7550945670667043;0.7585659680631108;3.349498482099084
-0.9757013380637332;0.03626672309052613;3.349498482099084
0.8511722654134019;0.7043510768972542;3.360370062743408
-0.9636873843279286;0.028232682761745377;3.360370062743408
0.8616398745717969;0.634587361048592;3.8615659332347754
-0.965773586491831;0.008839184737904293;3.8615659332347754
0.8619297937758924;0.7106148575962646;3.310647469649498
-0.9603846172434768;0.028174996960339392;3.310647469649498
0.8267274988365084;0.8201356516697057;2.7142116941564285
-0.9512936042768929;0.03888019633778073;2.7142116941564285
0.8142914908713598;0.710408862372302;3.3894385923856105
-0.9713625718003325;0.03176918134724872;3.3894385923856105
0.600933845015297;0.7655163995086632;4.368075835153537
-0.9863951191525661;0.0008164527632399249;4.368075835153537
0.7343577145211374;0.7744123414027512;3.3958257727210475
-0.9760554993062377;0.035036362084622144;3.3958257727210475
0.770475543789244;0.7034889487377071;3.647586683157963
-0.9803104843095887;0.02981392346970621;3.647586683157963
0.7771436854834403;0.7285440715337489;3.4224243010765534
-0.9763328344329352;0.0343716391737461;3.4224243010765534
