200
2
0.6070450366595204;0.5949142068039459;5.4941834477634375
-0.9999622517954979;0.039291800448580536;5.4941834477634375
0.8592289675061607;0.8594197038246446;2.614009906490463
-0.9349622543725172;0.03296122820554569;2.614009906490463
0.8971626065262339;0.7938674458881064;2.829728307359797
-0.9389950224939644;0.03052181967309296;2.829728307359797
0.7098595417750685;0.8942939322962364;3.3640817984656533
-0.9518583771522394;0.022983352123112165;3.3640817984656533
0.594464069092324;0.832220704808844;4.118150092745868
-0.973382119240677;0.003283192712463648;4.118150092745868
0.8850165177651808;0.6352053467204798;3.883965554057718
-0.9596017580830895;0.005614913957565422;3.883965554057718
0.6067017112862494;0.609616162232683;5.421022011659288
-0.9999313106040998;0.03361023410267659;5.421022011659288
0.797811872954353;0.7885573467815153;2.949141684960636
-0.9633468985978048;0.039864277787353616;2.949141684960636
0.6409350657277354;0.6339770048294436;5.071253237092903
-0.9985859424911598;0.01286528824044246;5.071253237092903
0.6294603688077455;0.7115303919249872;4.584118565297921
-0.9933686145018965;0.0030893626398634244;4.584118565297921
0.6773885909163736;0.8833914443316981;3.583997323861487
-0.9577678555372003;0.01801230937480091;3.583997323861487
0.74982261522381;0.6061218728780584;4.4427170958920215
-0.9888208101069668;0.0001064981192895817;4.4427170958920215
0.7662488269716413;0.8695592465152474;2.928367677719069
-0.9510863418913262;0.034022369543440845;2.928367677719069
0.6512653447368221;0.6452914832419071;4.92676588387592
-0.9976630080151396;0.006056722833745511;4.92676588387592
0.7814314379229578;0.800863654050095;2.9669757783857174
-0.9640310386766504;0.03965446260407279;2.9669757783857174
0.6454059250329974;0.6358157029396282;5.030779418818279
-0.9983291660971501;0.010855811416111652;5.030779418818279
0.865424083130517;0.8286196031158685;2.653376387813368
-0.9404860777158176;0.03490060766402139;2.653376387813368
0.6034744527775022;0.7776624882697164;4.28745207946813
-0.9843359616310444;0.0008787448585972288;4.28745207946813
0.7057396372958168;0.7823622311571591;3.564056813407917
-0.9780265841844751;0.030803893133122335;3.564056813407917
0.6006668141694196;0.7733899947356776;4.3255102854248975
-0.9850801530579739;0.00044181135353597856;4.3255102854248975
0.7445277750226976;0.6048324953651074;4.485321252068811
-0.9895986566403131;0.0011675226093432814;4.485321252068811
0.7119881590893485;0.8579548488986884;3.3008225308239925
-0.9612305178121697;0.028895151348648375;3.3008225308239925
0.7144601017768996;0.8081421519634396;3.3875962046448986
-0.9721821109159726;0.032616631173385875;3.3875962046448986
0.7723295008049073;0.8688115601467906;2.8900108224864685
-0.9502990486615678;0.034499312664459;2.8900108224864685
0.8032898200212099;0.5988967811338892;4.183707119556301
-0.9795480530875708;0.0004533275540828177;4.183707119556301
0.8088135438045029;0.6016128663090996;4.148582850460012
-0.9784331153911306;0.000564866631514914;4.148582850460012
0.612431430293505;0.6169556957679425;5.349571169601758
-0.9997790063836288;0.02868718565353831;5.349571169601758
0.795233117928451;0.8660191804441867;2.776104559787619
-0.9470142983362351;0.035618744648793874;2.776104559787619
0.7695828978187395;0.7463130669637067;3.3452142772934734
-0.9752290266910588;0.03619251311605132;3.3452142772934734
0.7228524997901901;0.6994071915221521;4.002561794166047
-0.9875903791395988;0.023929350093916387;4.002561794166047
0.7202890036697668;0.6320009765699507;4.503559429563135
-0.9922831753084368;0.005422485190591277;4.503559429563135
0.6395999114983483;0.6473438060287936;4.992117627501855
-0.9980970184897267;0.009032101949112317;4.992117627501855
0.6123551357661114;0.612431430293505;5.375491330240799
-0.999846416875625;0.030392563415094775;5.375491330240799
0.8701467143761777;0.670606007431087;3.6168831481635286
-0.9617678017368997;0.01833663314930303;3.6168831481635286
0.6376620305025521;0.6300707250268939;5.119021443287777
-0.9988393355699978;0.015229574833439855;5.119021443287777
0.6105698438251024;0.610539326014145;5.396786217938062
-0.9998886067090337;0.03177913105562058;5.396786217938062
0.8453357340677953;0.7162377642651693;3.2759107141000987
-0.9638202926852296;0.030928559081236796;3.2759107141000987
0.7395610012893775;0.7974304003173852;3.24219521016152
-0.9711949892538716;0.036340524592328484;3.24219521016152
0.8758382861197367;0.7949660870825735;2.787859523598847
-0.9445475326293047;0.034223214079160735;2.787859523598847
0.702779409632947;0.6560108643407009;4.472507238528878
-0.9931729985999473;0.009815285620769634;4.472507238528878
0.6496936774725149;0.6412402438373096;4.965769063757092
-0.9979170626847551;0.0077966507685732905;4.965769063757092
0.798994438128953;0.8628529575573544;2.758019428085664
-0.9471050792149106;0.03604849457161692;2.758019428085664
0.6355563015464901;0.6477023903075433;5.015584116853963
-0.9982316810112614;0.010236291879104797;5.015584116853963
0.6263704404483067;0.6368151612484837;5.146307875417573
-0.9989751474069087;0.01677651554847341;5.146307875417573
0.7340067596951271;0.6575367548885719;4.230436922159544
-0.9894221977199656;0.01534911602638444;4.230436922159544
0.8819113305002633;0.6604283174767874;3.705383975674631
-0.9592890997753575;0.013810279373316203;3.705383975674631
0.6582539234460713;0.6518528125977524;4.832744921457009
-0.9969635026263649;0.002039539353628911;4.832744921457009
0.7590084763219934;0.7823317133462017;3.1855898796235027
-0.9711597776719049;0.03800752663327464;3.1855898796235027
0.7418345782057053;0.7653027748319613;3.3975860112777028
-0.9765581046449967;0.03541288627313021;3.3975860112777028
0.624402041641553;0.803121972060944;4.050092002379813
-0.9792904525279527;0.009155610310795786;4.050092002379813
0.6150559620358431;0.7575131035850798;4.345736954188977
-0.9875595009485881;0.00399056645454033;4.345736954188977
0.6612904456363345;0.8756170319902954;3.6898407186640414
-0.9609233503210912;0.015041724001211981;3.6898407186640414
0.6626866354876365;0.6439410701070413;4.855119773207604
-0.997074072937167;0.0032093496730406304;4.855119773207604
0.6168946601460277;0.6292085968673468;5.252128288286881
-0.9994308761762319;0.02269726886705921;5.252128288286881
0.646535084038422;0.6568119568783332;4.879711051912159
-0.9973070761966264;0.00405429612410655;4.879711051912159
0.6599400325014687;0.6383868285127908;4.914059263897215
-0.9974700277382269;0.005735611693843734;4.914059263897215
0.6663411433497876;0.7484416842779867;4.066068752292949
-0.9868689341974832;0.01947705011886715;4.066068752292949
0.6477557964767188;0.8779363856230593;3.787724694891105
-0.9610156113187468;0.010747622289575518;3.787724694891105
0.614087021537945;0.6090210649190133;5.384436049814028
-0.9998600978931708;0.031036589205300266;5.384436049814028
0.6683858366839347;0.6430942008529729;4.820125346735383
-0.9967384639988385;0.0019417177913551506;4.820125346735383
0.8744268373629559;0.7580853125405315;2.989723691779976
-0.9510862490392644;0.03270380485532319;2.989723691779976
0.6692708532016999;0.6492740575718504;4.770984205344103
-0.996393327796805;0.00019158045653461242;4.770984205344103
0.6208848639287103;0.6225709729841078;5.269286631099004
-0.9995272985771528;0.023563291597642838;5.269286631099004
0.6056488468082184;0.7475261499492641;4.46138584305325
-0.9891612301937769;0.0005258756861224873;4.46138584305325
0.8104843939544216;0.8099503322626668;2.7974397487944125
-0.9567708034332114;0.03979106837127103;2.7974397487944125
0.6191606076096161;0.7706739095604672;4.2400755614391015
-0.9853598681633696;0.006437094579409101;4.2400755614391015
0.8787374781606916;0.6362734701039895;3.866617538315688
-0.9612649811786691;0.006994032941105392;3.866617538315688
0.8118500659947662;0.7918227525539593;2.8750288382310476
-0.9599844338131526;0.039792708560125914;2.8750288382310476
0.6599400325014687;0.6550648122010209;4.7996811818978165
-0.9966930096583201;0.0006230031580150078;4.7996811818978165
0.5973937789442363;0.8203950530628438;4.134429246524579
-0.9760022513102345;0.0014652389999332133;4.134429246524579
0.7172753698377216;0.8487613583477657;3.264861464638371
-0.9628883026146224;0.03077896549659504;3.264861464638371
0.8232408389346232;0.7447337702466602;3.115519804826114
-0.9652268107542226;0.036405507254465966;3.115519804826114
0.8288790045090065;0.8368288942634144;2.6709144390310193
-0.9472078171988989;0.037809635645903034;2.6709144390310193
0.7086769766004685;0.8129487071892333;3.4119569334774837
-0.9718255960350549;0.031492436379296114;3.4119569334774837
0.7875350001144418;0.7613736066711935;3.1522273486272177
-0.9698581952853971;0.03835262551626137;3.1522273486272177
0.7574291796049469;0.8254686391345148;3.024631068810109
-0.962895847814461;0.037539073671528;3.024631068810109
0.6864600102234667;0.709096596501133;4.201422557772506
-0.9903580838746752;0.018845241953866877;4.201422557772506
0.6831259393763686;0.891341334086106;3.55988268083485
-0.955142392642928;0.01799721464071409;3.55988268083485
0.8212419223169122;0.7639905089607922;2.998279570164983
-0.962789539680955;0.03825209729137949;2.998279570164983
0.6754964866370136;0.6536075867278041;4.694988956050974
-0.9957224285578422;0.003068136496615227;4.694988956050974
0.7737104317507305;0.8160691533596295;2.9557444542809437
-0.9622984892416648;0.03905064091157172;2.9557444542809437
0.7919371943450496;0.6907935393794203;3.629822824750833
-0.9777104886140648;0.028008940123696282;3.629822824750833
0.7513561352244204;0.6072968085999191;4.426116620061908
-0.9885846931960143;0.0004992544439188923;4.426116620061908
0.610775839049065;0.6205720563663968;5.338785111179897
-0.99973037225092;0.02800017004416888;5.338785111179897
0.6017273081001899;0.8323351465999344;4.07935417017746
-0.9733697078869789;0.00035762205883626413;4.07935417017746
0.6297655469173197;0.625882155472988;5.19373700471876
-0.9992223656368344;0.019296792799092043;5.19373700471876
0.7375163079552304;0.7602749654767263;3.458729479159474
-0.9779473940038833;0.03451770986057911;3.458729479159474
0.6802572651463711;0.6618473956863075;4.601502112175811
-0.9948799876941018;0.0065755353711178105;4.601502112175811
0.6711553280283206;0.6729635083275477;4.58758217152033
-0.9948200851408906;0.0072607802880652675;4.58758217152033
0.7320002136246767;0.6977516002777121;3.946200665505219
-0.9866008625902744;0.024921293807141625;3.946200665505219
0.6545765272257021;0.8708486240281984;3.7333216490041177
-0.9625504609523206;0.013832486039574036;3.7333216490041177
0.7885420878760366;0.8419177392405642;2.8121281494837937
-0.9540529024876668;0.03811161938671961;2.8121281494837937
0.8671788572605686;0.6630986259355617;3.6694724200948308
-0.9630181796884884;0.01674501491643288;3.6694724200948308
0.7132927955077782;0.7213647565060158;3.9064548457438613
-0.9863122106711092;0.026298359169785852;3.9064548457438613
0.6204423556698277;0.6153840285036354;5.3136107599961
-0.9996727744308026;0.02632400456894718;5.3136107599961
0.6213350016403323;0.6189393534801748;5.287599731777081
-0.9995931420865173;0.024704139357037178;5.287599731777081
0.6870932548008332;0.7014213670453419;4.254833013677295
-0.9911040409279963;0.017534320013321194;4.254833013677295
0.7303903990966728;0.8303591183404414;3.197101073905865
-0.9655730788768405;0.03423282739567059;3.197101073905865
0.6521045845381511;0.8729848707952178;3.752747521640554
-0.9621183473338415;0.012800154720372478;3.752747521640554
0.6779226526081285;0.7033745069466167;4.3090731903539865
-0.9916558926958012;0.015760635345954885;4.3090731903539865
0.8711461726850332;0.7960647282770407;2.7689197222269923
-0.9455572787686702;0.034922735748737915;2.7689197222269923
0.6553852492160738;0.6467181909041665;4.888323483801285
-0.9973783848547795;0.004408739143988663;4.888323483801285
0.6968818426654256;0.681287241266184;4.332661823982587
-0.9920350362550571;0.015273926541728749;4.332661823982587
0.6798452746984459;0.6585209542919487;4.628250977336139
-0.9951120003510127;0.005546521613247188;4.628250977336139
0.787390040512394;0.7515239831846862;3.2073797540599207
-0.9713802581361088;0.03749106471544235;3.2073797540599207
0.8394686849112313;0.8200669865950515;2.6887720814332106
-0.9484868394508217;0.03803953896037198;2.6887720814332106
0.8003295923583401;0.6009491039207757;4.185664097600097
-0.9801335675499026;0.00037863213893517267;4.185664097600097
0.7406749013893233;0.8582905448192201;3.092062513051718
-0.9576702981062918;0.033082745059511996;3.092062513051718
0.7429255899474331;0.7756864600102235;3.3282378968708093
-0.9746793554805997;0.03615136349031699;3.3282378968708093
0.8329455028190828;0.8045029030067673;2.7586809960027177
-0.9530932584879576;0.03889431770850947;2.7586809960027177
0.6904731023643674;0.7294824942206896;4.022169291680061
-0.987601947776852;0.023031140072978577;4.022169291680061
0.668027252405185;0.6539890593647718;4.748274080383347
-0.9962358394801152;0.0012639991070911086;4.748274080383347
0.7288645085488018;0.718724965858199;3.812697591675068
-0.9847663840033865;0.028334110681245583;3.812697591675068
0.7105538219743498;0.8890601277170389;3.345754038923005
-0.9532396360840275;0.024067674887628416;3.345754038923005
0.6593373057350597;0.6637776472293643;4.741920451197373
-0.99621293701011;0.0016574770477603834;4.741920451197373
0.623478877860091;0.6148881140755773;5.301032919197666
-0.9996136178416712;0.025426116872029156;5.301032919197666
0.7178704671513912;0.7367686215867736;3.761826940950252
-0.9838325674497682;0.029256532618032655;3.761826940950252
0.6669133523052392;0.6723226342974419;4.62339144926935
-0.9951577814492951;0.005986434492625835;4.62339144926935
0.6381197976669134;0.776449405284159;4.090694153023211
-0.983838269404656;0.013240169581129137;4.090694153023211
0.8437106606343127;0.8449924086945243;2.63347321666254
-0.9420394905919187;0.03606506130677686;2.63347321666254
0.6402331560757147;0.8067917388285738;3.9291506952721926
-0.978053638804618;0.014428427866157511;3.9291506952721926
0.634587361048592;0.8877783796568273;3.8943795953066336
-0.9588637007138464;0.004933614939953049;3.8943795953066336
0.8548038849173348;0.8499210351641476;2.621214998428271
-0.9382932253979557;0.034504424446107476;2.621214998428271
0.6342516651280604;0.7395152245729414;4.350115680073427
-0.9897342193242181;0.008869081428717649;4.350115680073427
0.726957145363963;0.8181291055992553;3.2539679346735246
-0.9686526325181474;0.03433607691678983;3.2539679346735246
0.8149857710706411;0.6491977630444569;3.839412975640317
-0.9759736890961458;0.017034111994622552;3.839412975640317
0.6822485523113427;0.8852682897055795;3.559995607124965
-0.9568856231280607;0.018863915337910788;3.559995607124965
0.6313448436343662;0.7721463939391627;4.1579291654311525
-0.9848081384479428;0.010779614860691279;4.1579291654311525
0.6989799421687483;0.7404917945235788;3.8778821649786464
-0.9853410179208778;0.026253721396746584;3.8778821649786464
0.6085785566601307;0.7357004982032639;4.528790849843801
-0.9907984869935156;0.0007765949016272714;4.528790849843801
0.7281625988967811;0.723905364268221;3.7792520981120603
-0.9842364702313531;0.029048994215583115;3.7792520981120603
0.8052505893752241;0.722120072327212;3.3377423611336576
-0.9718823137391969;0.033907148176894095;3.3377423611336576
0.8538807211358729;0.7528057312448978;3.0091915212253575
-0.9570472592588192;0.0348695688865495;3.0091915212253575
0.6254701650250628;0.6348543918944695;5.164451249437873
-0.9990686550008573;0.017733735172924307;5.164451249437873
0.7915328333498638;0.7481365061684125;3.210435825365897
-0.9711108802910111;0.03723848509649971;3.210435825365897
0.6850638203721647;0.8798666371661161;3.5215970588576138
-0.958121584566948;0.020410994880333946;3.5215970588576138
0.6948752965949753;0.6377917311991211;4.656685264220438
-0.9947988048752374;0.0026372742666273957;4.656685264220438
0.6768774175828368;0.6886344042541829;4.427890847940606
-0.9931405367828565;0.012438533783108087;4.427890847940606
0.8358446948600377;0.7376612675572781;3.1333218806654903
-0.9633999156509293;0.03482904028782553;3.1333218806654903
0.8478916007354792;0.6970802084366489;3.4180186319191534
-0.9651831467306845;0.027113911083549807;3.4180186319191534
0.8022674733541363;0.8558109726789297;2.750829200252314
-0.9482134040908943;0.03687999389322006;2.750829200252314
0.8571842741720136;0.7432536564152253;3.0768698075239316
-0.957592764650246;0.03350981127717869;3.0768698075239316
0.8779821623394954;0.8356386996360751;2.6495504378579113
-0.93575663685384;0.03264866544510622;2.6495504378579113
0.8133378092789404;0.7001548778906089;3.4702380104779142
-0.9726100866883388;0.0298530544345994;3.4702380104779142
0.8688115601467906;0.6824164002716085;3.5280167426251645
-0.9612449046302155;0.021439066265078043;3.5280167426251645
0.8487232110840689;0.8515079613339335;2.6311338281517105
-0.9393569390939458;0.034972978620879294;2.6311338281517105
0.6993003791838012;0.6757253702191942;4.355647710859468
-0.9922328727404972;0.014415402760317421;4.355647710859468
0.7250802999900817;0.6794256547977814;4.1382860163699275
-0.9890832667391456;0.01984886582948006;4.1382860163699275
0.729772413424785;0.6155671353693799;4.537742669981166
-0.9914947683912545;0.0010526045279640392;4.537742669981166
0.6162614155686612;0.8742208421389933;3.981280057298651
-0.962972184372216;0.0007313991833464151;3.981280057298651
0.6946158952018372;0.6281862502002732;4.720934580456722
-0.9951385391765213;0.0006257741643533044;4.720934580456722
0.662396716283541;0.8468311068047089;3.677549815431512
-0.9681100862134357;0.01887218374589365;3.677549815431512
0.8455112114808004;0.6397143532894386;3.836961683015172
-0.9695468395082616;0.012237241088126953;3.836961683015172
0.8612507724820898;0.6405154458270709;3.824288007786978
-0.9656568518199573;0.010813019850609302;3.824288007786978
0.864027893279215;0.783758421008461;2.8319568653807305
-0.9495767282729105;0.03563663999408706;2.8319568653807305
0.71977783033623;0.8514240373538006;3.2444273089813267
-0.9619619447222484;0.03091997187667223;3.2444273089813267
0.762502765676618;0.8142838614186204;3.0256068430376257
-0.9644836861777976;0.03838992872107104;3.0256068430376257
0.8432757818281694;0.7796995521511242;2.8641166281518426
-0.9552926768630234;0.03771509852429576;2.8641166281518426
0.8260866248064026;0.8218751668942786;2.7121934165728514
-0.9510659452315219;0.03884096507955745;2.7121934165728514
0.8112702275865752;0.8410632405337565;2.715310564923316
-0.949924000082797;0.03818679224701367;2.715310564923316
0.8035797392253053;0.8409869460063629;2.744519490189817
-0.9514580236591238;0.038307255724150314;2.744519490189817
0.656186341753706;0.8149171059959869;3.790933106639047
-0.9756287600540572;0.019095111650522658;3.790933106639047
0.6435290796591161;0.6273470103989441;5.096882510431753
-0.9986795526818917;0.014292203730505562;5.096882510431753
0.6496479007560788;0.6679280695195734;4.77939835289615
-0.9964666885485387;4.874856788057713e-5;4.77939835289615
0.8335406001327524;0.7851393519542843;2.8437060356043444
-0.9565627430302266;0.03865418928239618;2.8437060356043444
0.6365328714971276;0.6249513622387866;5.156785838757077
-0.9990218680944829;0.017363527683031156;5.156785838757077
0.6577656384707525;0.7285211831755308;4.270956453500658
-0.9901218310518956;0.0146601651457413;4.270956453500658
0.7897170235978973;0.7275446132248934;3.364701797488605
-0.9742083478648956;0.03464447732358351;3.364701797488605
0.8339144433169808;0.8303820066986595;2.675126844817747
-0.9475307223557102;0.03792674420346192;2.675126844817747
0.6217775098992149;0.626828207612668;5.238286722594185
-0.9994031718422615;0.021751725656365697;5.238286722594185
0.7003913909255289;0.7323206506397296;3.923793690366044
-0.98630110272677;0.025497630668419664;3.923793690366044
0.8531177758619374;0.6951804747045495;3.4288953230528407
-0.9640964229070459;0.026191369004317393;3.4288953230528407
0.8053039955443996;0.7353266550190355;3.2418685596543546
-0.9702208848455028;0.03578922608023814;3.2418685596543546
0.8018173356425143;0.7624112122437458;3.07088126966005
-0.9670028663031431;0.03858378032617772;3.07088126966005
0.8171372767431392;0.6211976714910239;4.01250846570272
-0.9764819930679407;0.007736041065597249;4.01250846570272
0.7598858633870192;0.6846747182824576;3.855429458339361
-0.9837665572783956;0.0250909354405646;3.855429458339361
0.6161011970611348;0.785864149964523;4.173144534904021
-0.982748181212253;0.0059814080214269025;4.173144534904021
0.6915793730115739;0.7604428134369922;3.8000501169507577
-0.9830804322153528;0.026680196634655956;3.8000501169507577
0.8836203279138788;0.6318178697042062;3.9028511501818755
-0.9600917428484146;0.004722411808744012;3.9028511501818755
0.642689839857787;0.6287889769666822;5.093541517062839
-0.9986752644269411;0.01405970089208397;5.093541517062839
0.8410022049118416;0.6657078987724211;3.660498814116833
-0.9692818956969351;0.02028445074024905;3.660498814116833
0.623478877860091;0.6306810812460423;5.202490419757434
-0.9992539851815297;0.019828602809542017;5.202490419757434
0.7775327875731474;0.7260721288461979;3.438748551669748
-0.9765727446334851;0.03402989423243351;3.438748551669748
0.6788915931060265;0.7292536106385089;4.108159418999552
-0.9886002851580821;0.02032770217191605;4.108159418999552
0.7791120842901939;0.6689427867339076;3.8580713615119446
-0.9817514355486023;0.022387701828226005;3.8580713615119446
0.7370737996963478;0.6415683103051019;4.318104345695357
-0.9897938642210476;0.010939693015764133;4.318104345695357
0.849928664616887;0.6236009491039207;3.933932296307338
-0.9689806163115563;0.006390503292536848;3.933932296307338
0.689366831717161;0.7465800978095841;3.909703967759497
-0.9853719667834845;0.024906616125667413;3.909703967759497
0.7861693280740972;0.8384158204332003;2.834576077298494
-0.9552802165455787;0.038332937254522165;2.834576077298494
0.8241487438106064;0.8333498638142686;2.6894919158307093
-0.9489991185931278;0.03830462475593945;2.6894919158307093
0.756162690450214;0.7751676572239473;3.242267006499807
-0.9728403922312018;0.03746164504368887;3.242267006499807
0.6726354418597554;0.6684926490222857;4.610592174228938
-0.9950288222157004;0.006484085968564507;4.610592174228938
0.776128968269106;0.7542858450763327;3.2550976989017957
-0.9729595523247723;0.0373403898837176;3.2550976989017957
0.8351656735662351;0.6194200090027542;3.9776583481578003
-0.9725439464228657;0.0061542422540676114;3.9776583481578003
0.596592686406604;0.7924941443950225;4.244522809631443
-0.9816378736849419;0.00143087309164492;4.244522809631443
0.746404620396579;0.8177094856985908;3.118258652064732
-0.9661696234814301;0.03681390940145661;3.118258652064732
0.752508182588063;0.8172974952506656;3.082109874746479
-0.9653751723131254;0.03744532393696444;3.082109874746479
0.644299654385791;0.6876730932090241;4.668963672416684
-0.9951871039549854;0.0031400683863872583;4.668963672416684
0.856268739843291;0.6524326510059434;3.7433015453089227
-0.9663671689010827;0.015057706427314334;3.7433015453089227
0.623242364825171;0.8535984313845167;3.9334399022224966
-0.9680939061147215;0.005883946560521318;3.9334399022224966
