200
2
0.8589390483020652;0.8604954566608937;2.614064237096674
-0.9347710398577219;0.032866488308636775;2.614064237096674
0.6080979011375514;0.5907790434192155;5.507427970503041
-0.9999247018135017;0.04059982422039156;5.507427970503041
0.8885184365725447;0.8159318232103211;2.719592265547293
-0.9371286368957616;0.031910663395947475;2.719592265547293
0.8109955672879584;0.8977805921981217;2.762700149885107
-0.9355729044990934;0.030318053289400623;2.762700149885107
0.5985839735715757;0.8144822271898436;4.145886012660313
-0.9772602209680248;0.0007781506065939817;4.145886012660313
0.6155747648221193;0.5973632611332789;5.436980427221959
-0.9998752449370023;0.03507431530895638;5.436980427221959
0.7296961188973915;0.8819723661221781;3.1901174145853934
-0.9529767719288791;0.028337895494241882;3.1901174145853934
0.6152772161652844;0.6104935492977088;5.37108002582043
-0.999828260793554;0.030035201725427008;5.37108002582043
0.8206620839087212;0.6027115075035667;4.1081212352077126
-0.9759445050417914;0.0006503290170337475;4.1081212352077126
0.6402484149811934;0.7396220369112924;4.309819711118453
-0.9894984067970797;0.010833932657237668;4.309819711118453
0.6282167680112306;0.6344271425410656;5.150316435038471
-0.9990097835179552;0.016923849919624;5.150316435038471
0.723668851233301;0.8819113305002633;3.2334927297158362
-0.9537211064560713;0.027464089663632722;3.2334927297158362
0.8062195298731222;0.5911834044144013;4.212033698451115
-0.9789231740533277;0.003643053143802144;4.212033698451115
0.7831862120530094;0.8715657925856978;2.835671510012366
-0.9477613167628538;0.034595633866454534;2.835671510012366
0.6219148400485233;0.6215638852225129;5.268791756000287
-0.9995274809921649;0.023553771251827615;5.268791756000287
0.6183900328829413;0.6137589550701528;5.334738306772231
-0.9997362837022284;0.027667906972820566;5.334738306772231
0.6381045387614347;0.6453448894110826;5.016317752180509
-0.9982474800247179;0.010128343600918091;5.016317752180509
0.8742818777609082;0.7105767103325679;3.3205528744583757
-0.9572134432791279;0.02648567790136803;3.3205528744583757
0.6858801718152757;0.7599087517452373;3.845713267114464
-0.9836618332449243;0.025369356628463992;3.845713267114464
0.7687589169228891;0.8620366061142434;2.9098895130948073
-0.9525893434405274;0.03517545422999529;2.9098895130948073
0.6361056221437237;0.6854758108200899;4.739611233137915
-0.9957043875569672;2.2842999788268148e-5;4.739611233137915
0.6034134171555874;0.7453136086548512;4.488158390885504
-0.9894917533444838;0.0016368859527978868;4.488158390885504
0.6989417949050515;0.6727880309145425;4.380943334436316
-0.9924845948413061;0.013604354104387921;4.380943334436316
0.8146119278864127;0.8456714299883269;2.6977921371331264
-0.9481843197105089;0.03770061204626364;2.6977921371331264
0.611828703527096;0.8309923629178079;4.0311846093140895
-0.9736058828322837;0.003631036624477328;4.0311846093140895
0.6766561634533955;0.6633503978759604;4.6182438251776325
-0.9950674848504163;0.00611318422530617;4.6182438251776325
0.8412921241159371;0.8065247079826964;2.7323394914684327
-0.950813664436945;0.0382523886717346;2.7323394914684327
0.7272699529262766;0.774580189363017;3.449669974278712
-0.9769322818082828;0.034064173479833905;3.449669974278712
0.6552708074249834;0.6423694028427341;4.922386234760398
-0.9975779237463126;0.005793944343572478;4.922386234760398
0.6485645184670904;0.6699498744955025;4.772418027392105
-0.9963808163920196;0.00015425978916022015;4.772418027392105
0.8333269754560505;0.625302317064797;3.9510325288714947
-0.9728349488647492;0.008370032284023082;3.9510325288714947
0.8810110550770194;0.7009025642590657;3.4034397750133185
-0.9564045650259138;0.02361690718487954;3.4034397750133185
0.6968818426654256;0.6629841841444714;4.467912289609612
-0.9933456891909754;0.010593311833365818;4.467912289609612
0.641980300753027;0.6760305483287684;4.771173359110954
-0.9962356081892495;0.00033865029776963124;4.771173359110954
0.7502880118409107;0.6994377093331096;3.807301823381136
-0.983893940021298;0.027415943929098394;3.807301823381136
0.8139786833090462;0.8450992210328753;2.70077151395844
-0.9484461618948611;0.037770656675173264;2.70077151395844
0.6185426219377284;0.6170853964645115;5.313427292866292
-0.9996821807149149;0.02638453223977913;5.313427292866292
0.6265154000503544;0.7610607991088799;4.252713085911655
-0.9867665190382731;0.008386832214272423;4.252713085911655
0.8247209527660581;0.7534466052750036;3.050037606981994
-0.963654275913241;0.03722165593391701;3.050037606981994
0.8839560238344104;0.656033752698919;3.741354102871272
-0.9589796709901619;0.012225105699959885;3.741354102871272
0.7252176301393901;0.7136284914283099;3.8753179064606176
-0.9858062502184102;0.026947559665081396;3.8753179064606176
0.643033165231058;0.6899619290308306;4.6587841035734865
-0.9950398414246491;0.003253035720003697;4.6587841035734865
0.6662877371806121;0.8511417476024444;3.647609740232009
-0.9668294969457558;0.0195055524238868;3.647609740232009
0.6394091751798644;0.6368456790594411;5.064084078299421
-0.9985457149220536;0.01240874545798639;5.064084078299421
0.8098892966407519;0.6001403819304041;4.1542633218699985
-0.978214049597351;4.16651229735443e-5;4.1542633218699985
0.8786993308969948;0.6238298326861014;3.9432920130216784
-0.9616347395978203;0.0027704874649582822;3.9432920130216784
0.6452914832419071;0.6484348177705214;4.94747823726093
-0.9978037901922489;0.006906729621744198;4.94747823726093
0.8839331354761923;0.837744428592137;2.655992782244051
-0.9337278920134374;0.03153058687938823;2.655992782244051
0.756162690450214;0.6091049888991462;4.389052453397566
-0.9878396980297961;0.0016373850282411367;4.389052453397566
0.8017410411151208;0.708753271127862;3.4653693068537814
-0.9740785217015785;0.03167100324597;3.4653693068537814
0.6463367182671987;0.6977363413722334;4.578081325390562
-0.9941673344843055;0.00592973997116935;4.578081325390562
0.6529590832449589;0.659085533794661;4.820069089383979
-0.996857066986107;0.001477917986098587;4.820069089383979
0.6381350565723921;0.7346781515361903;4.358653611383859
-0.9902515833710284;0.00953279620244837;4.358653611383859
0.8637227151696408;0.6134232591496211;3.9904225221651735
-0.965735852102184;0.0011285353450593907;3.9904225221651735
0.7897780592198121;0.7563457973159585;3.1638831986179516
-0.9702224925249303;0.037989822514706964;3.1638831986179516
0.7120873419749602;0.8052582188279634;3.412906752327536
-0.9730232963142716;0.03224371569372965;3.412906752327536
0.7196939063560971;0.7974227708646459;3.3888418218327603
-0.9737008180642313;0.03354428921364058;3.3888418218327603
0.7754728353335215;0.7834303545406688;3.082268256232403
-0.9682947875691458;0.03912386504277552;3.082268256232403
0.7010017471446773;0.794523578823691;3.5415616898457682
-0.97626580562122;0.03016935474269327;3.5415616898457682
0.811781400920112;0.810018997337321;2.7927318198462574
-0.9564950449532522;0.03976081828471435;2.7927318198462574
0.7937987808134522;0.7369440989997788;3.2796888130592965
-0.9722368543923477;0.03598549822965069;3.2796888130592965
0.6016281252145783;0.8152299135583004;4.128635688716943
-0.9771029262144975;0.00041664902712366253;4.128635688716943
0.6578724508091035;0.6473132882178362;4.866979048770198
-0.9972100153591051;0.0035134721938602856;4.866979048770198
0.6244935950744253;0.8788442904990426;3.9408136890416636
-0.9615804584954752;0.00298107968580278;3.9408136890416636
0.8715429042274797;0.7196633885451397;3.248586035532174
-0.9569277012203348;0.028427641714648476;3.248586035532174
0.8025573925582318;0.679997863753233;3.664254953860259
-0.9765644031998827;0.025592947039515472;3.664254953860259
0.7403392054687917;0.7519130852743933;3.4956665469075947
-0.9788407271286758;0.03412823822807717;3.4956665469075947
0.7180612034698751;0.7242944663579282;3.854942347343563
-0.9854136457228052;0.027554705799163918;3.854942347343563
0.6633961745923965;0.6470996635411342;4.82860863268984
-0.9968861315468219;0.002039118005225382;4.82860863268984
0.7064033996841407;0.7319544369082406;3.8862382521477654
-0.9857358819750461;0.026609477752838666;3.8862382521477654
0.8593739271082085;0.7411708158173814;3.088730030761323
-0.9573348850102232;0.0330138638681567;3.088730030761323
0.6684239839476315;0.6880850836569493;4.495376809716577
-0.9937988949376068;0.010162803499714813;4.495376809716577
0.839827269189981;0.7479152520389712;3.0556392592688493
-0.9610796217594555;0.03570096765870491;3.0556392592688493
0.7851774992179811;0.8503635434230302;2.822285878175032
-0.9526703859936297;0.037243806964443606;2.822285878175032
0.7918456409121774;0.8743886900992591;2.7971812916585246
-0.9454947423613551;0.03439982921318324;2.7971812916585246
0.7661114968223329;0.810041885695539;3.0163902542568284
-0.9647798758785919;0.03875072988405498;3.0163902542568284
0.877112404727209;0.7741605694623525;2.888763046525053
-0.9478475570998545;0.033386000866677215;2.888763046525053
0.6303301264200319;0.6393710279161676;5.105157631516201
-0.9987657650912883;0.01458953267335096;5.105157631516201
0.8581226968589543;0.6668141694196276;3.6402415000236563
-0.965078600239722;0.01888328664245844;3.6402415000236563
0.7281778578022599;0.7041908583897277;3.930171392071391
-0.9864499900760924;0.02566218827403038;3.930171392071391
0.6500980384677008;0.6514103043388698;4.899839307518421
-0.9974268996870282;0.004549495727898228;4.899839307518421
0.7981628277803633;0.7770216142396106;3.0007268329763077
-0.9653132884273016;0.03946861858608213;3.0007268329763077
0.6351290521930862;0.6369753797560102;5.091166708887406
-0.9987002309244394;0.013759456236447212;5.091166708887406
0.6256914191545041;0.6407595883147302;5.124405313965053
-0.9988399768187941;0.015740990070065006;5.124405313965053
0.7073494518238207;0.6315050621418926;4.603690670661927
-0.9937613051033056;0.003025331838845992;4.603690670661927
0.6716665013618573;0.8291155175439265;3.6424789630108365
-0.9715961893492158;0.022682799765443143;3.6424789630108365
0.6322146012466526;0.6268434665181467;5.1736824046555085
-0.9991212102479888;0.018135125122271986;5.1736824046555085
0.7389735334284472;0.8698796835303003;3.1087693191785775
-0.9549709638702231;0.03139260020749623;3.1087693191785775
0.8544605595440639;0.7787306116532261;2.851734948032033
-0.9528027221423785;0.0365816605735016;2.851734948032033
0.6563923369776686;0.6388140778661947;4.934271812661504
-0.9976594292620974;0.006604062372860639;4.934271812661504
0.6758550709157632;0.6557667218530415;4.679076823828146
-0.9955778471147878;0.003784798057651924;4.679076823828146
0.7597866805014076;0.7054115708280245;3.703790901357964
-0.981845130547474;0.029435918001682305;3.703790901357964
0.7483653897505932;0.7075783354060013;3.759152645207834
-0.9833475177771639;0.028792102938066264;3.759152645207834
0.8655843016380435;0.6149644086029709;3.9818360861356705
-0.9652390603403933;0.0014605292950018028;3.9818360861356705
0.7093865157052285;0.7432536564152253;3.7826454158369636
-0.9838877044390871;0.028569048953719894;3.7826454158369636
0.6648305117073953;0.6518985893141885;4.786930153363542
-0.9965577089049921;0.0002048184124120167;4.786930153363542
0.7619610745321238;0.7664014160264284;3.256756631032899
-0.9733997772113316;0.03742417530422022;3.256756631032899
0.760847174432178;0.7916396456882148;3.1261529092993445
-0.9691859528839424;0.03839716072583712;3.1261529092993445
0.6340761877150553;0.6462146470233691;5.0352143466778685
-0.9983528679291095;0.011180646273316573;5.0352143466778685
0.689282907737028;0.6738637837507916;4.4459588491182
-0.9933088381037166;0.011831380431165474;4.4459588491182
0.6792196595738188;0.8253847151543819;3.594009258847377
-0.9718663226240636;0.02476772560306667;3.594009258847377
0.6708730382769644;0.8569859084007904;3.611496397833819
-0.9650914914586622;0.020078833999914437;3.611496397833819
0.7426814474597737;0.7357157571087426;3.592326057518834
-0.9807983647250794;0.032582119650591136;3.592326057518834
0.6623204217561475;0.6524479099114221;4.800620842204759
-0.9966881870796976;0.0007272855549129431;4.800620842204759
0.622769338755331;0.6289797132851661;5.218670290908726
-0.9993210972740901;0.02065864575324662;5.218670290908726
0.7376917853682355;0.7278574207872069;3.681165181777009
-0.9825016322625966;0.03091313465392785;3.681165181777009
0.7158562916282015;0.7677594586140336;3.573733738748367
-0.9794315191483447;0.031880383832581516;3.573733738748367
0.7455501216897712;0.6822409228586034;3.9711824745112194
-0.9861229823001946;0.023168010502807868;3.9711824745112194
0.735616574223131;0.6784872321108407;4.06721581265392
-0.9877989929101555;0.02108942172514969;4.06721581265392
0.7290094681508495;0.6365939071190424;4.40830235855244
-0.9910490222134385;0.008258793197154599;4.40830235855244
0.6439944762762168;0.6578571919036248;4.892153818405805
-0.997362001350983;0.0045423013258548695;4.892153818405805
0.7265756727269953;0.7656918769216684;3.5067716643701123
-0.9784969594568269;0.03343182085534875;3.5067716643701123
0.634907798063645;0.6542713491161279;4.97429689035543
-0.9979201989394195;0.008492274828627716;4.97429689035543
0.8531177758619374;0.6967139947051598;3.4171630566353395
-0.9639545790838618;0.026510502997715235;3.4171630566353395
0.6835531887297724;0.6713918410632406;4.50868922872623
-0.9939792327408498;0.009900081599893217;4.50868922872623
0.7021690534137986;0.6722921164864845;4.360946065466493
-0.9921982600046003;0.014119802378546153;4.360946065466493
0.7030540699315638;0.6310015182610952;4.639481263757534
-0.9942261155805641;0.0020409998131109275;4.639481263757534
0.6685307962859824;0.721303720884101;4.244966485417274
-0.9903414152960865;0.01652274412811466;4.244966485417274
0.7882140214082444;0.7880080261842818;2.9899701297735133
-0.9652329885410535;0.039717283272637814;2.9899701297735133
0.7760831915526699;0.7033439891356593;3.6175136930733887
-0.9793730712726115;0.030085601837486174;3.6175136930733887
0.8234163163476284;0.8645314371600125;2.6668493377122138
-0.9418155166073083;0.03528736974677117;2.6668493377122138
0.8070587696744512;0.7203881865553784;3.342133806421122
-0.9717241367021385;0.03361213293074181;3.342133806421122
0.8434512592411746;0.8422305468028778;2.638981138543629
-0.9427330929941565;0.0363285689870862;2.638981138543629
0.8301378642110001;0.624295229303202;3.9609977854842544
-0.9735784738967699;0.008219542695184955;3.9609977854842544
0.7033516185883987;0.6936393252511998;4.19820037178698
-0.9903221941647429;0.01934649723749755;4.19820037178698
0.7373332010894859;0.6831717160928047;4.0196930469005245
-0.9871937358324651;0.022424024393608945;4.0196930469005245
0.7957519207147271;0.7848494327501888;2.9712789457899293
-0.9644048886035693;0.03975241413439499;2.9712789457899293
0.7508220735326655;0.8784857062202929;3.036887579921519
-0.9510859963700937;0.03142152546747533;3.036887579921519
0.795492519321589;0.8120331728605107;2.851312894300386
-0.959265208168932;0.03983488536884283;2.851312894300386
0.757215554928245;0.7496852850745016;3.394129281070083
-0.97671419046906;0.035637920721867805;3.394129281070083
0.8440310976493656;0.7923949615094109;2.7896875604622187
-0.9528636129798765;0.0380034258293487;2.7896875604622187
0.6400195313990128;0.8590916373568523;3.8280235521749733
-0.9662187513615937;0.0109144280606948;3.8280235521749733
0.6337938979636991;0.8295198785391124;3.9028422733707546
-0.9734481655012523;0.011504108416934788;3.9028422733707546
0.6879324946021622;0.8684529758680409;3.4871588338901036
-0.9608859438358635;0.02275506432871501;3.4871588338901036
0.6824926947990021;0.8522861655133477;3.527572239202398
-0.9653865605221085;0.023458190120310345;3.527572239202398
0.8526294908866187;0.7640133973190103;2.9387930561266824
-0.9556524031461191;0.03593510111649592;2.9387930561266824
0.6825308420626989;0.8256898932639561;3.568234865749959
-0.97153922632665;0.025541026317587943;3.568234865749959
0.7246072739202417;0.6193284555698819;4.558920858576003
-0.9920812389433581;0.001673729887498386;4.558920858576003
0.7469920882575093;0.8011459438014511;3.1772526610955456
-0.9694434041232035;0.037188848105504234;3.1772526610955456
0.8459766080979011;0.866370135270197;2.623298385388858
-0.9363848051771285;0.033481156652027784;2.623298385388858
0.847693234964256;0.7264459720304263;3.1979465588728075
-0.9620678879181208;0.03231516030809544;3.1979465588728075
0.7331751493465374;0.8178086685842024;3.210782404984111
-0.9679371531384938;0.035217290658400464;3.210782404984111
0.8687810423358332;0.7192208802862571;3.249543429498152
-0.9576925959990473;0.028743902033469118;3.249543429498152
0.7581158303514889;0.8027862761404124;3.096603553448423
-0.9674791112028212;0.03823795299812411;3.096603553448423
0.6935401423655881;0.6904959907225855;4.290784813399721
-0.9915661250791113;0.016675170664632664;4.290784813399721
0.6478549793623304;0.7158257738172441;4.43213502416841
-0.99217789864401;0.009766592341697324;4.43213502416841
0.730909201882949;0.7811949248880378;3.385854321102879
-0.9753251172562737;0.034872830765582355;3.385854321102879
0.8562916282015091;0.8006042526569569;2.743963266475734
-0.9484144085396602;0.036830887473149644;2.743963266475734
0.7040230104294619;0.8427569790418933;3.377789832519608
-0.9657252854695619;0.028960258216187924;3.377789832519608
0.8291078880911872;0.6615422175767333;3.716339220567162
-0.9722532779282658;0.019982173337302248;3.716339220567162
0.6895957152993416;0.6351214227403469;4.715495395149731
-0.9953802507532159;0.0006259486805685471;4.715495395149731
0.8272005249063484;0.7169778211808867;3.303092888342666
-0.9678753752377339;0.032367449268946295;3.303092888342666
0.8385684094879874;0.7142922538166337;3.2996319590327734
-0.9656162285456473;0.031166660033734597;3.2996319590327734
0.8613270670094834;0.7160470279466854;3.269756184250376
-0.9599449169692086;0.029190889335429723;3.269756184250376
0.8483112206361437;0.7239511409846572;3.2157213933126663
-0.962220952993513;0.03188259700311036;3.2157213933126663
0.6951728452518101;0.6746572468356845;4.395537009743021
-0.9927109077455327;0.013300461856588515;4.395537009743021
0.8298174271959472;0.6053589276041229;4.069348549064894
-0.9739236329840372;0.0012257739719973154;4.069348549064894
0.6548588169770583;0.7647839720456852;4.045691188579093
-0.985031534480357;0.01769386836582184;4.045691188579093
0.7532940162202165;0.7013221841597302;3.777882317108979
-0.9832590926113216;0.028081239740156402;3.777882317108979
0.6422625905043832;0.6458789511028374;4.98537884647995
-0.9980563889078038;0.0086343880675495;4.98537884647995
0.716726049240488;0.7698422992118775;3.5542103834459873
-0.9789882010311243;0.03215596220807644;3.5542103834459873
0.6383181634381366;0.6208238283067955;5.170568529149126
-0.9990494952787529;0.01824511677664982;5.170568529149126
0.8354174455066338;0.7194039871520016;3.2668934550800284
-0.9657605600872425;0.03224988726678991;3.2668934550800284
0.7705518383166375;0.6545002326983086;4.010280025024785
-0.984098679947371;0.017962623488624187;4.010280025024785
0.7886031234979515;0.8554295000419619;2.8011872420185964
-0.9508417026732285;0.036797681731095204;2.8011872420185964
0.6048553837233255;0.8458392779485927;4.045553139574382
-0.970222101897044;0.00018266066461888886;4.045553139574382
0.6088608464114869;0.8138413531597378;4.094561636071655
-0.9773569706052211;0.0032742409081741933;4.094561636071655
0.8215242120682683;0.8213334757497844;2.7273956521956575
-0.9521518581866537;0.039081591107273585;2.7273956521956575
0.8257432994331316;0.711545650830466;3.3472399150348977
-0.9687959814396723;0.031513110647290274;3.3472399150348977
0.8043045372355441;0.7941649945449413;2.890119087903006
-0.9610583109158655;0.039947423670527255;2.890119087903006
0.8577564831274652;0.7669583660764013;2.919166729283937
-0.9539378558266008;0.03557243908440573;2.919166729283937
0.6553089546886802;0.6493579815519833;4.8746950442955965
-0.9972561259169412;0.003628516315375009;4.8746950442955965
0.6368533085121805;0.8634785726819815;3.848950941322129
-0.9652293260455301;0.00935362786683663;3.848950941322129
0.7138421161050118;0.6353426768697882;4.5300011866719
-0.9929206116649749;0.005464784982330731;4.5300011866719
0.7861235513576611;0.8658284441257028;2.816684393694163
-0.9487088073401806;0.03547406011706577;2.816684393694163
0.7110878836661046;0.6816610844504124;4.2233150823352394
-0.9905404999343702;0.018090536635575423;4.2233150823352394
0.7644482761251535;0.7193124337191293;3.567284761191197
-0.9795721873211338;0.032225591577196774;3.567284761191197
0.6520435489162363;0.6360445865218088;4.982623804470221
-0.9979981348096136;0.008772489026106813;4.982623804470221
0.7038704213746748;0.8207841551525509;3.4255094422675194
-0.970671330277107;0.030327123007912116;3.4255094422675194
0.780470126877799;0.6157731305933425;4.204816743794554
-0.9837247672133572;0.005679044644453082;4.204816743794554
0.772840674138444;0.6930976341067056;3.7167701315111707
-0.9809139557122059;0.02783425518516201;3.7167701315111707
0.8449313730726095;0.7260034637715437;3.2040164015500583
-0.9627763615036514;0.03250568434000074;3.2040164015500583
0.758848257814467;0.6568577335947693;4.067110860117735
-0.9858680218278038;0.017816825683469373;4.067110860117735
0.7929290232011658;0.6002471942687551;4.2250309641388055
-0.9815612776609701;4.881788960585387e-5;4.2250309641388055
0.7974304003173852;0.6406375170709006;3.968283220618287
-0.97988987568511;0.014596996192143587;3.968283220618287
0.7306726888480289;0.6296053284097932;4.442256682444085
-0.9910642497142993;0.00615937982210335;4.442256682444085
0.6288423831358577;0.8471057671033256;3.911535540633988
-0.9695273719881596;0.008486116894994719;3.911535540633988
0.6202516193513439;0.6267290247270564;5.24796515210401
-0.9994378736276566;0.022332311217851238;5.24796515210401
0.6878027939055932;0.6653645733991501;4.519443117907709
-0.9940269807953611;0.009285088848616348;4.519443117907709
0.849798963920318;0.7965148659886626;2.7654725165750342
-0.950745554977154;0.0375079170333859;2.7654725165750342
0.7860930335467037;0.7961944289736097;2.962385023811401
-0.9640988621354858;0.039792113913229996;2.962385023811401
0.6948981849531933;0.6645634808615178;4.474361996482847
-0.993434592801633;0.010610557757518388;4.474361996482847
0.7077919600827033;0.8761053169656141;3.344608628755049
-0.9570241752465733;0.02570565810417363;3.344608628755049
0.8517139565578961;0.6266298418414448;3.913595963451944
-0.9684731379924307;0.007268454957205579;3.913595963451944
0.8265291330652852;0.6051224145692029;4.078456425483619
-0.9746558509982542;0.0013189317954667643;4.078456425483619
0.7782652150361254;0.7401789869612653;3.33707692827583
-0.9746134797215434;0.03594904552159366;3.33707692827583
0.8490665364573399;0.7293985702405567;3.1752290106641863
-0.9613765985981189;0.03260791311600293;3.1752290106641863
0.7735959899596402;0.7733289591137628;3.1501403316530623
-0.9703589271885494;0.038591483831833244;3.1501403316530623
0.7613354594074967;0.788656529667127;3.137558095288143
-0.9696595889315359;0.0383763789815779;3.137558095288143
0.6506168412539769;0.7508907386073197;4.161186677508808
-0.9874148242924569;0.015272952328525852;4.161186677508808
