200
2
0.8595341456157349;0.8590992668095917;2.6140130050601136
-0.9349659182747265;0.03296296216837318;2.6140130050601136
0.6019104149659344;0.6018722677022377;5.4867879953138505
-0.9999964224705539;0.03849408200442209;5.4867879953138505
0.6241884169648511;0.5932738744649846;5.406793379165723
-0.9996848895177509;0.03364540370804406;5.406793379165723
0.8958884879187616;0.7690488361269846;2.9611623508315077
-0.9435897887078577;0.029847423339559264;2.9611623508315077
0.6539051353846389;0.8984062073227488;3.7929907480744802
-0.9550648700114209;0.008972508893371499;3.7929907480744802
0.5975997741681989;0.8015045280802008;4.197290656674012
-0.9798998386888069;0.0009681150215082174;4.197290656674012
0.6236009491039207;0.6176347170617451;5.280890376700732
-0.9995661001395565;0.024373721578187346;5.280890376700732
0.6086548511875243;0.6040008850165177;5.440539804530239
-0.9999545442681463;0.03502861904837681;5.440539804530239
0.8875342371691679;0.7580013885603986;3.009997530831371
-0.9476024813239559;0.030573873960357253;3.009997530831371
0.6457721387644865;0.891554958762808;3.8299271800478776
-0.9573849791730134;0.007831456344659711;3.8299271800478776
0.5998352038208299;0.7808515995147668;4.285378116317338
-0.9837793310892053;0.0004326068705916078;4.285378116317338
0.7586193742322863;0.7150628285433086;3.6380223767032698
-0.9809833616155863;0.031073320716009035;3.6380223767032698
0.6224641606457568;0.6285219461208048;5.2227248713170775
-0.9993411471768833;0.02092369721741183;5.2227248713170775
0.6479389033424633;0.6519443660306247;4.904959691863233
-0.997504940041325;0.00504304786676639;4.904959691863233
0.7787306116532261;0.8848181519939575;2.8769696558122586
-0.945035292501246;0.03235349421168405;2.8769696558122586
0.8491504604374728;0.6092346895957153;4.015885127717774
-0.9693974212606065;0.0011928285851413103;4.015885127717774
0.6178712300966651;0.7400187684537388;4.444774906655212
-0.9900871413195853;0.003231363035691888;4.444774906655212
0.7771131676724828;0.8029007179315027;2.9841992420002086
-0.964380948393922;0.03946777874149398;2.9841992420002086
0.8322054459033653;0.8314119828184724;2.672948471891619
-0.9476827947161398;0.037976096589577416;2.672948471891619
0.6072052551670468;0.8220811621182412;4.076001091713786
-0.9756162277828951;0.0023426086443044114;4.076001091713786
0.6161469737775709;0.5966537220285189;5.435965658661029
-0.9998640480730829;0.03515164401600013;5.435965658661029
0.8398959342646352;0.7865050239946288;2.824169099664771
-0.9548823960078406;0.03822620005176638;2.824169099664771
0.8287569332651769;0.6824850653462627;3.5596447286717345
-0.9708660602059965;0.025363278922510026;3.5596447286717345
0.8798437488078981;0.7427577419871673;3.0937995061845114
-0.951851590836109;0.03034829967389357;3.0937995061845114
0.8706655171624539;0.8263383967468013;2.6611263049922194
-0.9396531642467858;0.03431267354097104;2.6611263049922194
0.7640820623936645;0.7561703199029534;3.308324828726926
-0.9746702736920635;0.036788860900697946;3.308324828726926
0.6751379023582639;0.7358301988998329;4.08881429769248
-0.9880245101953158;0.02029169319927054;4.08881429769248
0.6947455958984062;0.8406131028221345;3.446309909912256
-0.9671170981535218;0.027272086296377132;3.446309909912256
0.7539577786085404;0.6132935584530521;4.375767006163079
-0.9881311391143917;0.003020818534215944;4.375767006163079
0.7248819342188585;0.8610447772581272;3.2063041339017593
-0.9589945025335889;0.030630811362805738;3.2063041339017593
0.6662190721059579;0.8678655080071106;3.6483249337945867
-0.9626470474237008;0.01749693615474591;3.6483249337945867
0.8678121018379351;0.8348299776457034;2.6402156829048566
-0.9385358540216735;0.03418839150152134;2.6402156829048566
0.786917014442554;0.6548054108078828;3.9216676196873297
-0.9812080114589155;0.018747366758235975;3.9216676196873297
0.8570316851172265;0.7796842932456455;2.846049507172202
-0.9520136879487643;0.036334658951760614;2.846049507172202
0.7284372591953979;0.845953719739683;3.1864980569336816
-0.9622368229584486;0.032767029770620015;3.1864980569336816
0.6579868926001938;0.8689107430324022;3.70838321926402
-0.9628691694178063;0.015083586821373344;3.70838321926402
0.7405909774091904;0.7208764715306971;3.717777888325643
-0.9829584068919999;0.030210035277372094;3.717777888325643
0.637272928412845;0.6182450732808935;5.19206468780732
-0.999139293674621;0.019514953213998862;5.19206468780732
0.6296739934844474;0.6251878752737067;5.198606570867428
-0.9992427993461523;0.019570227446857213;5.198606570867428
0.8065247079826964;0.7844527012077424;2.935541311318455
-0.9623879578784428;0.03971570968600481;2.935541311318455
0.8430316393405101;0.8624638554676473;2.6248552722079643
-0.9380276745994841;0.034246544775785155;2.6248552722079643
0.8215318415210077;0.824568363711271;2.7173229992015586
-0.9514637855069692;0.03893277530526493;2.7173229992015586
0.8547047020317232;0.6148194490009231;3.982001648731229
-0.9679769048145088;0.0027155591072986554;3.982001648731229
0.7085549053566388;0.6806921439525143;4.249663291217486
-0.9908940180845266;0.017403430151019132;4.249663291217486
0.802862570667806;0.7994369463878356;2.8694380637812764
-0.960343583490975;0.039991488659801656;2.8694380637812764
0.6539203942901176;0.6387759306024979;4.955774868256135
-0.9977969394507127;0.007332451757445291;4.955774868256135
0.7893202920554508;0.6007354792440738;4.238050637834259
-0.9822382755280379;0.00017959460613017203;4.238050637834259
0.8059296106690267;0.8732747899993133;2.72975247694529
-0.9431376301884944;0.03459564486787031;2.72975247694529
0.8656300783544796;0.8165498088822088;2.6856274454608395
-0.9429645601062353;0.03541879664114725;2.6856274454608395
0.6271333857222422;0.6199998474109452;5.246035120683723
-0.9994320540837675;0.022282921263938146;5.246035120683723
0.688573368632268;0.6717962020584264;4.4690962256929785
-0.9935211109665268;0.011147892015395722;4.4690962256929785
0.7589626996055573;0.6069840010376055;4.377827027822636
-0.9874208295107603;0.0010607641208851964;4.377827027822636
0.6911979003746062;0.6563923369776686;4.558566535432289
-0.9942679150978462;0.007538942238370379;4.558566535432289
0.7004371676419651;0.7040916755041161;4.143259678803057
-0.9895931788366469;0.02088883570523806;4.143259678803057
0.7625180245820967;0.8651112755682034;2.946872117818267
-0.9528021081364683;0.034355623312653176;2.946872117818267
0.7666302996086091;0.805700727086846;3.0309931086536546
-0.9655675431210151;0.03885396480647011;3.0309931086536546
0.6122635823332392;0.7766630299608609;4.244351173719601
-0.98444218211095;0.004210423311043848;4.244351173719601
0.6480762334917717;0.6258440082092912;5.073942794018444
-0.9985114904373932;0.01341114030665213;5.073942794018444
0.7679196771215601;0.6887793638562306;3.7756088854340275
-0.9821223392113915;0.026600822979790297;3.7756088854340275
0.8367602291887603;0.7916472751409541;2.80428493869608
-0.9546676189208664;0.038578917537418905;2.80428493869608
0.7019783170953148;0.6742757741987168;4.349137909108262
-0.992073349011241;0.014585168727201274;4.349137909108262
0.617009101937118;0.7076012237642194;4.687730496037821
-0.9940839029790923;0.0020232026237299444;4.687730496037821
0.7272852118317553;0.7106072281435253;3.882956030997673
-0.9858828527520632;0.026721491921463558;3.882956030997673
0.7438029770124589;0.7463512142274035;3.512137755764253
-0.9791709966942889;0.03396370239246382;3.512137755764253
0.7215097161080636;0.6320620121918655;4.497932806479685
-0.9921348019496228;0.005636107585518094;4.497932806479685
0.7230127182977165;0.685864912909797;4.102477166649177
-0.988810616024116;0.021046140351005015;4.102477166649177
0.6512348269258647;0.6650746541950546;4.790575691403338
-0.996576016193192;0.0003359256603615579;4.790575691403338
0.597988876257906;0.8077530498737325;4.170461495665661
-0.9786485524390776;0.0008686038978882177;4.170461495665661
0.6139268030304186;0.8283830900809485;4.02299478333595
-0.9741632361109264;0.004571165566976114;4.02299478333595
0.884268831396724;0.6915030784841804;3.4847833046201044
-0.9563887647188302;0.021127182076620586;3.4847833046201044
0.7825453380229036;0.7269800337221811;3.4076870591998203
-0.9755797545016796;0.0343634193000515;3.4076870591998203
0.7101265726209459;0.6210450824362368;4.645524295536181
-0.9937343329269324;0.00010209546911140593;4.645524295536181
0.6206788687047478;0.7961715406153916;4.09771251819624
-0.9807325912666147;0.007829274769731297;4.09771251819624
0.7286661427775786;0.7693921615002556;3.4670188349078055
-0.9776296708324759;0.033974641036144754;3.4670188349078055
0.78010391314631;0.7742063461787886;3.106439022548897
-0.9690949974720436;0.038938833150461934;3.106439022548897
0.8147111107720243;0.7291010215837218;3.2493525237896392
-0.9691033974865952;0.03475691807938135;3.2493525237896392
0.7745191537411021;0.6913123421656965;3.7256003812694334
-0.9807894803614948;0.027537719508423767;3.7256003812694334
0.6915870024643133;0.6592228639439693;4.535178920259122
-0.9940698896113559;0.008428419929188996;4.535178920259122
0.6311083305994462;0.8739538112931159;3.8918175353642956
-0.9627040748489976;0.006006437802316231;3.8918175353642956
0.7179620205842635;0.8194947776395999;3.3352911743889324
-0.9694304955887456;0.032889723578165754;3.3352911743889324
0.632802069107583;0.6274538227372951;5.16518016553071
-0.9990855742819302;0.017727331382678263;5.16518016553071
0.7847960265810133;0.7021614239610593;3.5796247307039106
-0.9779533944758855;0.030196452230947163;3.5796247307039106
0.8751058586567586;0.7109047768003601;3.3229779316432606
-0.9569620423401682;0.026421151198437357;3.3229779316432606
0.6628544834479023;0.6646626637471295;4.711562882708226
-0.995942281790555;0.0028749127056357376;4.711562882708226
0.6743978454425464;0.8812551975646787;3.602773645584157
-0.9585632187201932;0.017621691639250578;3.602773645584157
0.8003143334528614;0.854849661633771;2.7456294481234695
-0.9488191276477732;0.036991415813141255;2.7456294481234695
0.6833853407695066;0.7124688146119279;4.20104547769611
-0.9902467003166109;0.01873931283711485;4.20104547769611
0.7473125252725622;0.6682866537983231;4.059320636171464
-0.9869044787692169;0.019875624439202794;4.059320636171464
0.7960036926551258;0.7937987808134522;2.9287462423944355
-0.9627247751227614;0.0399455744082057;2.9287462423944355
0.8447864134705617;0.6666158036484043;3.6496914516869037
-0.9683332090056194;0.020202833332082865;3.6496914516869037
0.7484416842779867;0.7893202920554508;3.21845995268202
-0.9714761566291907;0.037227683918128335;3.21845995268202
0.7307413539226831;0.8510196763586148;3.1650687863945968
-0.9607393931526056;0.032600232567799176;3.1650687863945968
0.8297792799322504;0.760870062790396;2.9924970056061557
-0.9614248777275571;0.037582042500689125;2.9924970056061557
0.6416522342852348;0.6441165475200464;4.999972592270264
-0.9981611036524981;0.009373665663928138;4.999972592270264
0.7970794454913749;0.8434741475993927;2.7693610044781183
-0.9521240155955821;0.03810146885186838;2.7693610044781183
0.8490589070046005;0.6217393626355181;3.9449174462840597
-0.9692318101667997;0.005816368809922638;3.9449174462840597
0.8224702642079483;0.7880461734479786;2.859212533740196
-0.9584602476060615;0.039352193257189194;2.859212533740196
0.6966605885359843;0.6976676762975792;4.210418724816963
-0.9906033052843216;0.018849061563933824;4.210418724816963
0.7371500942237413;0.7446956229829634;3.564569693270793
-0.9803226901750801;0.03299131522667288;3.564569693270793
0.7714139664761847;0.7532253511455623;3.283065103682021
-0.9739158473777212;0.03699497091191936;3.283065103682021
0.8783941527874206;0.7487773801985184;3.0537697895644804
-0.9514016063465202;0.031230600029415426;3.0537697895644804
0.7711011589138711;0.876296053284098;2.9058291690568936
-0.9485625383606775;0.03334376923714876;2.9058291690568936
0.6777395457423839;0.8094696767400874;3.653404114077337
-0.9753484460914481;0.024962706547159614;3.653404114077337
0.7722074295610776;0.8558567493953658;2.888557938210792
-0.9535541760127244;0.036107596575380846;2.888557938210792
0.8420245515789152;0.7787153527477474;2.863042746806751
-0.9557513150825612;0.03778090085593828;2.863042746806751
0.8204942359484554;0.5968139405360453;4.134183537658854
-0.9759792729455145;0.0017045884676007012;4.134183537658854
0.6259584500003815;0.6402560444339328;5.1282701682975675
-0.9988534626568203;0.015808592466163368;5.1282701682975675
0.8459155724759863;0.7723218713521679;2.893669413979617
-0.9559165619198258;0.03712568139875652;2.893669413979617
0.827170007095391;0.8009552074829672;2.78241927940741
-0.9550471158315467;0.0392608782931009;2.78241927940741
0.692655125847823;0.6953940993812514;4.259043260125528
-0.9911964766826645;0.017534683548993756;4.259043260125528
0.7437037941268473;0.632115418361041;4.333230151895099
-0.9892174625644466;0.008645504452199311;4.333230151895099
0.8720311892027984;0.7385310251695646;3.1120211298003273
-0.9544730160932742;0.031033072915325963;3.1120211298003273
0.8095917479839171;0.798780813452251;2.8485349969482736
-0.9591370967281133;0.03990651195477482;2.8485349969482736
0.791731199121087;0.768949653241373;3.0854857235199
-0.9678749160386422;0.038967502898193916;3.0854857235199
0.6098908225312998;0.7593289133370463;4.361415045458993
-0.9873390671152833;0.0022043633518287475;4.361415045458993
0.8207765256998115;0.7503414180100861;3.0815705239977857
-0.9649563535627556;0.03710236121459608;3.0815705239977857
0.6707280786749167;0.6682179887236689;4.6279726111129005
-0.9951835588824065;0.005922271860886397;4.6279726111129005
0.7882674275774199;0.7710706411029137;3.0803686033826256
-0.9681629256301338;0.03902543893815249;3.0803686033826256
0.7396601841749891;0.8368975593380686;3.1174446275712477
-0.962893263964015;0.03499767674109748;3.1174446275712477
0.6794943198724356;0.8182969535595211;3.610384448620618
-0.9733744273367056;0.02514360254743385;3.610384448620618
0.8523700894934806;0.8506534626271257;2.619535925702486
-0.9387004031156335;0.03469160045032723;2.619535925702486
0.6531421901107034;0.6886038864432255;4.6002572437693185
-0.9946768479231571;0.0060236895589653935;4.6002572437693185
0.8130021133584088;0.8549183267084252;2.6972094053434548
-0.9463179880796097;0.036814922439761776;2.6972094053434548
0.7944472842962974;0.7988494785269052;2.9079855764958285
-0.9620629145254308;0.03996784364865381;2.9079855764958285
0.7172143342158067;0.6997810347063805;4.042797928624294
-0.9882221804514032;0.023102692536144137;4.042797928624294
0.7544689519420772;0.8773946944785651;3.00983283867384
-0.9508449802520627;0.031936984929316695;3.00983283867384
0.6431094597584516;0.7006813101296244;4.57782443514635
-0.9940203736905519;0.005521156225147213;4.57782443514635
0.7509975509456707;0.737745191537411;3.5296827499915064
-0.9793296234541045;0.033723098809964214;3.5296827499915064
0.6619694669301371;0.8882056290102311;3.7071068852159845
-0.9574791345931548;0.013167338951358968;3.7071068852159845
0.7361582653676252;0.7768842840903022;3.369381275652709
-0.9753942199070976;0.03538989659711158;3.369381275652709
0.8076309786299029;0.6633351389704817;3.7660779849193258
-0.9767144112865873;0.02126448392493241;3.7660779849193258
0.7164819067528286;0.8367220819250635;3.288499731986011
-0.9657959593010188;0.03167621679944572;3.288499731986011
0.663922606831412;0.8774328417422619;3.6735973310470795
-0.9602827173171745;0.015487098088159353;3.6735973310470795
0.6766561634533955;0.643849516674169;4.754639677443879
-0.9961081193209312;0.0004033245430738741;4.754639677443879
0.6395312464236941;0.6397525005531354;5.045680523588041
-0.9984297437724091;0.011429481953306092;5.045680523588041
0.6559956054352222;0.7431086968131776;4.176514205159571
-0.9882616350712828;0.016026113967736826;4.176514205159571
0.8236299410243303;0.7233178964072907;3.264755865386412
-0.9679171085373697;0.03356148087578368;3.264755865386412
0.6851248559940796;0.6473132882178362;4.66905703585645
-0.9952688332209995;0.003490469334769465;4.66905703585645
0.8531025169564587;0.7301996627781889;3.1677828389904263
-0.9603030011338517;0.032308035616610484;3.1677828389904263
0.6700109101174173;0.635167199456783;4.859515356869589
-0.9969355752374756;0.004067015623422134;4.859515356869589
0.7526836600010681;0.6279497371653532;4.298553604256507
-0.9880255275968054;0.008159871027634415;4.298553604256507
0.8503177667065941;0.7010093765974167;3.390775842234356
-0.9642246816817073;0.0276689788320287;3.390775842234356
0.6311007011467068;0.8059219812162873;3.9914071956807575
-0.9785478832530605;0.011437956985339882;3.9914071956807575
0.6866431170892112;0.7634335589108193;3.8177363607625736
-0.9830367451052361;0.025813112482821195;3.8177363607625736
0.882529316172151;0.7235467799894714;3.235222540857155
-0.9535691725173233;0.027343817122178843;3.235222540857155
0.639142144333987;0.6335039787596036;5.088915782597707
-0.9986735684611121;0.013596174818350425;5.088915782597707
0.8105225412181184;0.7482204301485454;3.1295910705082974
-0.9673987428220259;0.03720815227231134;3.1295910705082974
0.6494495349848556;0.6621830916068391;4.824031536679543
-0.9968489782265818;0.0016589427553251462;4.824031536679543
0.8343798399340815;0.7934020492710058;2.800325151184828
-0.9548804486332619;0.03877449365228471;2.800325151184828
0.661900801855483;0.6487857725965317;4.831470767382222
-0.9968989378179539;0.001937131097386427;4.831470767382222
0.6285066872153261;0.6368151612484837;5.137825289593561
-0.9989165936520197;0.016039247928220396;5.137825289593561
0.626141556866126;0.6180543369624096;5.263073213525935
-0.9994954572852358;0.023330982547122875;5.263073213525935
0.6607106072281436;0.6732305391734251;4.664326073661883
-0.9954859741300431;0.004527968862986995;4.664326073661883
0.6502506275224879;0.7028785925185587;4.514896958341845
-0.9934668691234438;0.008142557651415146;4.514896958341845
0.6723226342974419;0.6394320635380825;4.818683173989538
-0.9966130232567824;0.00208357193238317;4.818683173989538
0.6554310259325099;0.6485874068253085;4.875573258673559
-0.9972870194324674;0.0038259616348112896;4.875573258673559
0.6686757558880302;0.6557362040420841;4.730849186262604
-0.9960961977811075;0.0019419000842325548;4.730849186262604
0.8769674451251612;0.7380198518360278;3.1216562870698334
-0.9532479578208386;0.030234473624477357;3.1216562870698334
0.6323366724904823;0.7950347521572277;4.029869153336761
-0.9806476017313953;0.011864354922296046;4.029869153336761
0.6442538776693548;0.6454593312021729;4.974266577378316
-0.9979895454355112;0.008139672933511997;4.974266577378316
0.8866263322931847;0.7581539776151857;3.0060340185491468
-0.9478266354014904;0.03074478896400038;3.0060340185491468
0.6518146653340556;0.8111557857954849;3.837186350673646
-0.9766413741889783;0.01791665503322732;3.837186350673646
0.7193429515300868;0.8595799223321711;3.2470866800752747
-0.9600093662293488;0.029944673387014537;3.2470866800752747
0.7340449069588239;0.8490589070046005;3.1430508063717584
-0.9607902191984052;0.033243149345443763;3.1430508063717584
0.8116974769399791;0.8186250200273134;2.767372285757168
-0.9547494198121238;0.03951627766222084;2.767372285757168
0.6699956512119386;0.6939368739080346;4.441576850355742
-0.9931617244125959;0.011849482579791914;4.441576850355742
0.8158402697774488;0.8720922248247133;2.692739508303201
-0.9414720665340973;0.034551796973200655;2.692739508303201
0.7214181626751913;0.7326181992965645;3.76479797484733
-0.9839649735924747;0.029284587776619794;3.76479797484733
0.6291246728872139;0.7637692548313509;4.219676183348033
-0.9862609465704636;0.009488955688622736;4.219676183348033
0.8603581265115853;0.6734136460391696;3.5912331698121944
-0.9640732915018788;0.020332791554914836;3.5912331698121944
0.7313517101418315;0.7005134621693586;3.9378264393619133
-0.9864150064292019;0.025389841090021237;3.9378264393619133
0.6306581928878242;0.8896323366724905;3.92234377243721
-0.9584734584267418;0.0032893965866119604;3.92234377243721
0.8688649663159661;0.6941199807737791;3.4396258638280885
-0.9602386127601121;0.024047037942955957;3.4396258638280885
0.8540180512851813;0.8350207139641873;2.638295355719634
-0.9418775962028025;0.03585559972879012;2.638295355719634
0.8483569973525799;0.6189164651219567;3.9620994575031094
-0.9694566535634859;0.004870354203115074;3.9620994575031094
0.7629223855772825;0.7187783720273745;3.5983601144260637
-0.9798791779817237;0.03202829765819671;3.5983601144260637
0.7446040695500912;0.8599461360636601;3.0652352718599793
-0.956723201218362;0.033337751660626025;3.0652352718599793
0.7208764715306971;0.7172219636685461;3.881423936389372
-0.9859239520739822;0.026887263943675903;3.881423936389372
0.6400119019462734;0.7162987998870841;4.48006361297172
-0.9924653473131461;0.007397917580808773;4.48006361297172
0.6740163728055787;0.6948218904257998;4.405187682890115
-0.9927913010432312;0.013065690945334586;4.405187682890115
0.6827444667394008;0.6416522342852348;4.7224183019494275
-0.9957184145361807;0.0011771250129143235;4.7224183019494275
0.8841315012474156;0.7256982856619695;3.226530620956558
-0.9528808736958414;0.02740114574428583;3.226530620956558
0.814833182015854;0.8134827688809881;2.77233831503261
-0.9551717666077584;0.03959819165458642;2.77233831503261
0.8351809324717138;0.6630986259355617;3.689745951429958
-0.9707893710923408;0.02002031576968945;3.689745951429958
0.6978507831633237;0.7652188508518284;3.723408732482211
-0.981732881671749;0.028355809163586328;3.723408732482211
0.82351549923324;0.8588856421328898;2.663506743346769
-0.9431872222816376;0.03597950244640875;2.663506743346769
0.7694531971221704;0.8209825209237741;2.9655884125646574
-0.9619682526307025;0.03862662664962641;2.9655884125646574
0.6970725789839095;0.8159775999267572;3.486012213240605
-0.9723546210079866;0.02915066230355694;3.486012213240605
0.6920905463451107;0.6786932273348033;4.389564741146054
-0.9926902011158021;0.013640216717457573;4.389564741146054
0.7597332743322321;0.8134522510700307;3.0434350440810833
-0.965085779222285;0.03819762774514559;3.0434350440810833
0.8628605870100937;0.6534015915038415;3.7361548883063103
-0.964665655088405;0.01455745322713987;3.7361548883063103
0.8180985877882979;0.6168107361658948;4.0356045485323015
-0.9763591317200488;0.006114134735987854;4.0356045485323015
0.7691632779180749;0.7570095597042824;3.274279417742732
-0.9737174515674377;0.03720091861442246;3.274279417742732
0.7218148942176378;0.7052360934150194;3.9710191176649223
-0.987126825451614;0.024906891242553884;3.9710191176649223
0.6450778585652052;0.6573994247392635;4.893264789886053
-0.9973401899330786;0.004335793971435568;4.893264789886053
0.7045799604794348;0.6327334040329288;4.616123954297425
-0.99401376738184;0.0029169019314823214;4.616123954297425
0.7488613041786513;0.6770452655431026;3.985963895860448
-0.9860503799388157;0.022266967064325415;3.985963895860448
0.712278078293444;0.7002922080399173;4.07577020641369
-0.9887315233725928;0.02236322067455373;4.07577020641369
0.6993843031639341;0.7436809057686292;3.865002864876539
-0.9848551335159321;0.026704641175150846;3.865002864876539
0.7827971099633023;0.7314585224801825;3.373718407711446
-0.974970501540918;0.03500612643378564;3.373718407711446
