200
2
0.860007171685575;0.8596104401431285;2.6140249139652445
-0.9347271083886204;0.03284573477224045;2.6140249139652445
0.6048248659123681;0.599644467502346;5.483633112337469
-0.9999882972012637;0.03823567236854361;5.483633112337469
0.5974624440188905;0.8053192544498783;4.185134562147052
-0.9791394378681847;0.0010497560507036277;4.185134562147052
0.6989417949050515;0.8938209062263964;3.4504703341894993
-0.9530765036880183;0.020984876737845055;3.4504703341894993
0.7922652608128419;0.592938178544453;4.263598638870576
-0.9816623195084969;0.0029344240947822148;4.263598638870576
0.887793638562306;0.7569256357241495;3.0136490603017014
-0.9476922911872827;0.030436876170222525;3.0136490603017014
0.6228151154717672;0.6244325594525104;5.246232939346806
-0.9994414163382783;0.02221840948567952;5.246232939346806
0.6047256830267564;0.6065720105896804;5.448610521171738
-0.9999672388350286;0.035546445956685546;5.448610521171738
0.6131104515873076;0.6177796766637929;5.340681819999814
-0.9997560293441358;0.028131949542651996;5.340681819999814
0.6613667401637281;0.6663487728025269;4.7083585853156755
-0.9959243100356232;0.0029181687357781316;4.7083585853156755
0.7208993598889152;0.7314203752164857;3.7772007782906067
-0.9841824473712161;0.02903992379856903;3.7772007782906067
0.6566746267290248;0.8876257906020402;3.744350700975289
-0.9579398362743239;0.01177955819810303;3.744350700975289
0.7232950080490727;0.7215478633717604;3.8304770216318076
-0.9851239865613471;0.027961606468272185;3.8304770216318076
0.6317034279131158;0.6201142892020355;5.21698783033949
-0.9992954023598073;0.020682605125484747;5.21698783033949
0.8023285089760511;0.8420092926734365;2.7488577097626257
-0.9514647291230154;0.03822979737502601;2.7488577097626257
0.6843542812674047;0.8911124505039254;3.5487578873595838
-0.9551078128819259;0.01832458910199121;3.5487578873595838
0.7382792532291659;0.7397135903441646;3.5912283629754107
-0.980864925420134;0.03255609822885937;3.5912283629754107
0.8568867255151787;0.6948066315203211;3.43035268681602
-0.9632044893551582;0.025698255688059207;3.43035268681602
0.8169846876883521;0.7908004058868857;2.8571990768538535
-0.9591156904857827;0.039626887852283105;2.8571990768538535
0.6763509853438213;0.6431247186639303;4.7613188519884435
-0.9961627738786089;0.00010106728028506928;4.7613188519884435
0.7520122681600049;0.8025955398219285;3.142210756394618
-0.9684326479336403;0.037690440765885506;3.142210756394618
0.7402857992996162;0.7951110466846213;3.248082487971365
-0.971538663703382;0.03641031237019434;3.248082487971365
0.6053055214349474;0.6300325777631971;5.310128905157949
-0.9995350559775869;0.026794864605541382;5.310128905157949
0.7172906287432003;0.8510959708860083;3.267809356809929
-0.9623249118893963;0.030548361665521065;3.267809356809929
0.6103867369593579;0.7455043449733351;4.450138523333338
-0.9894167020372783;0.0010770340622949723;4.450138523333338
0.8842306841330272;0.6808294741018227;3.559963700642947
-0.9572791446680815;0.01870357760763406;3.559963700642947
0.6953101754011185;0.6777319162896446;4.372801755474993
-0.992465388404925;0.014090556331252932;4.372801755474993
0.8828497531872039;0.7759077141396648;2.8877849748059203
-0.9460368536087541;0.0325554801588433;2.8877849748059203
0.6089981765607952;0.616665776563847;5.369821205596205
-0.9998206584386732;0.03009313404003844;5.369821205596205
0.6220903174615284;0.8552997993453929;3.940414678604894
-0.9677001666955961;0.005290077051419539;3.940414678604894
0.8538502033249155;0.6925940902259081;3.448145847870075
-0.9641515418507173;0.0255641261474649;3.448145847870075
0.8799734495044671;0.6325350382617055;3.892613445106382
-0.961056738577484;0.005559733964348022;3.892613445106382
0.6680119934997063;0.6618092484226107;4.691996093238088
-0.9957858971310293;0.0034824823185546847;4.691996093238088
0.7465648389041054;0.7786237993148751;3.2875538435520433
-0.9736592750264982;0.03668774160292506;3.2875538435520433
0.731855254022629;0.8753347422389393;3.1632827859469064
-0.9544714815579181;0.029680970207472165;3.1632827859469064
0.6373949996566747;0.849112313173776;3.851867452687011
-0.9687703759596974;0.01114759455806812;3.851867452687011
0.7929595410121232;0.8541019752653142;2.7789042038410656
-0.9503731337341598;0.03702340820963137;2.7789042038410656
0.6016739019310144;0.7927382868826819;4.218583475240649
-0.9815960353220362;0.0006140263473328814;4.218583475240649
0.8515766264085877;0.6284227632351932;3.9037496379659045
-0.9684588104959034;0.007901103432462399;3.9037496379659045
0.8385455211297693;0.7716657384165834;2.907461951083556
-0.9577327124838668;0.03771141242135703;2.907461951083556
0.7530498737325572;0.7623654355273096;3.3389146670565077
-0.9754138863364896;0.036379325200422086;3.3389146670565077
0.611508266512043;0.6039169610363848;5.427335270484485
-0.9999261113389653;0.03397769176250165;5.427335270484485
0.7194955405848739;0.7367838804922523;3.747879622569509
-0.9836407824250463;0.029522754248660465;3.747879622569509
0.7016197328165651;0.8340517734662892;3.4134420754878843
-0.9679707574766421;0.02916179975271648;3.4134420754878843
0.8300997169473033;0.8579472194459491;2.6472734281024017
-0.9420081770911816;0.035736126798175255;2.6472734281024017
0.6823019584805182;0.8044494968375918;3.64367573198465
-0.9760059419115604;0.0261273730003706;3.64367573198465
0.6466571552822516;0.7271021049660108;4.356266301400167
-0.9908759613591883;0.011171868873481997;4.356266301400167
0.6787008567875427;0.7980789038002304;3.697823587548007
-0.9775414944142796;0.02528282724531499;3.697823587548007
0.7849409861830611;0.6440402529926529;4.003361337948231
-0.9820909516513051;0.015449783416265517;4.003361337948231
0.6000717168557499;0.7961639111626523;4.210825245025902
-0.9809437675758794;1.3966021424519082e-5;4.210825245025902
0.6082352312868597;0.8012832739507595;4.146088587676738
-0.979913097075243;0.0032246266883631178;4.146088587676738
0.7092186677449627;0.7431315851713957;3.7804047814090875
-0.9839229537511172;0.02852473310888229;3.7804047814090875
0.8048691167382563;0.8069061806196641;2.8301380685071376
-0.9584951645815307;0.039928596371437815;2.8301380685071376
0.7662106797079445;0.8744344668156953;2.931774381339954
-0.9498320178744388;0.033317791984064066;2.931774381339954
0.7356547214868278;0.6733297220590367;4.10491662785955
-0.9881806776880345;0.0198143258194214;4.10491662785955
0.7733060707555447;0.5978210282976402;4.339517841513695
-0.9850923645995802;0.0015889024571316135;4.339517841513695
0.8422305468028778;0.7896712468814612;2.805077766677294
-0.9537769786638207;0.038109897775746235;2.805077766677294
0.7823469722516804;0.8097519664914435;2.9243212670254883
-0.9621132104421202;0.03959326976086683;2.9243212670254883
0.8770132218415974;0.7120797125222208;3.3166061593737735
-0.9563330064125789;0.026338986711401582;3.3166061593737735
0.6162537861159219;0.8129792250001907;4.055754460217348
-0.9774460622563967;0.006068868601661025;4.055754460217348
0.7412318514392963;0.8766317492046296;3.0992095148357324
-0.9529090834324745;0.030673879728585814;3.0992095148357324
0.8637532329805983;0.8054260667882293;2.7257044455544275
-0.9456499421600513;0.03590608308373125;2.7257044455544275
0.6726430713124948;0.7805616803106713;3.8237206832072146
-0.9812384623167685;0.02340236444294116;3.8237206832072146
0.6927771970916526;0.8180528110718618;3.511282167559442
-0.9723131862355889;0.02817736654888136;3.511282167559442
0.7992233217111336;0.7638836966224413;3.0744616518488845
-0.967273588067242;0.03869500940117575;3.0744616518488845
0.6428347994598348;0.6423159966735587;5.01698203861868
-0.9981889101963644;0.009565145165883526;5.01698203861868
0.6709417033516186;0.8247514705770155;3.6595645777782586
-0.9726091489138337;0.022731320770493526;3.6595645777782586
0.6496402713033395;0.6974998283373134;4.562604669247909
-0.9940326890178541;0.006885666795386394;4.562604669247909
0.6051758207383784;0.611958404223665;5.417358826485745
-0.9999151073276407;0.03331610256707507;5.417358826485745
0.7698422992118775;0.7423762693501995;3.368404989569269
-0.9757404070425884;0.03577001874917332;3.368404989569269
0.6177491588528354;0.8072571354456745;4.067922393547581
-0.9785970874074775;0.006731964886274117;4.067922393547581
0.8754034073135935;0.7008491580898902;3.400125729727094
-0.9579029655380829;0.02448343671401675;3.400125729727094
0.6579716336947151;0.6447650510028916;4.898591631580961
-0.9973212841270594;0.004269946225483046;4.898591631580961
0.866026809896926;0.7049766920218813;3.354839269824645
-0.9599297399737889;0.026611031315730796;3.354839269824645
0.610775839049065;0.6149110024337954;5.3719951694418935
-0.9998307859679136;0.030063720107647893;5.3719951694418935
0.7618008560245974;0.8466708882971824;2.9564033741913587
-0.9574200864166751;0.03636265358509839;2.9564033741913587
0.8150315477870772;0.7582455310480579;3.0477867590230243
-0.9649875229423159;0.03803061689366612;3.0477867590230243
0.611271753477123;0.6088761053169656;5.40142490736707
-0.9998970864599382;0.03214669415441149;5.40142490736707
0.7630139390101548;0.871634457660352;2.9484040530893147
-0.9510587783587563;0.033500535768162705;2.9484040530893147
0.7604122956260347;0.60267336023987;4.392828080425233
-0.9872128337915388;0.0005049890966246223;4.392828080425233
0.8696965766645558;0.6850943381831222;3.5087829861045954
-0.9608003490478091;0.021939076083667002;3.5087829861045954
0.7416514713399608;0.7539348902503223;3.4712065507972962
-0.9783570978311887;0.034473454866958735;3.4712065507972962
0.728566959891967;0.6677373332010895;4.197111545705817
-0.9894966448061077;0.017403907752164514;4.197111545705817
0.7289713208871528;0.8446796011322107;3.1837878927937027
-0.9624714703918815;0.03295865998615074;3.1837878927937027
0.6273851576626409;0.626118668507908;5.206989950148798
-0.9992841904615528;0.020030601236614147;5.206989950148798
0.7781278848868171;0.6014297594433551;4.294215239841862
-0.9842594049130644;9.147014575183049e-5;4.294215239841862
0.6530811544887886;0.6531803373744002;4.873075529213031
-0.9971811019528587;0.0031411604998421855;4.873075529213031
0.6546528217530957;0.6601918044418674;4.800363107225546
-0.996700463350942;0.0006721337695584292;4.800363107225546
0.7450770956199312;0.883215966918693;3.0844488864869937
-0.9506309815157549;0.030058577424244823;3.0844488864869937
0.6146363421351786;0.6211976714910239;5.312009111772725
-0.9996682731396563;0.026329958337258402;5.312009111772725
0.6951194390826346;0.7565899398036179;3.797102666274589
-0.9833560091108351;0.02711563461540529;3.797102666274589
0.6570408404605138;0.848059448695745;3.7177782716492196
-0.9681254782801668;0.017252968094824784;3.7177782716492196
0.6563007835447964;0.6489078438403614;4.86721971800385
-0.9972229853502514;0.003478304462808106;4.86721971800385
0.8234392047058464;0.7000556950049973;3.4399648728082113
-0.9704764814032448;0.02946173958182331;3.4399648728082113
0.669789655987976;0.8782110459216761;3.6399904808280814
-0.9596986106247729;0.01692829860810785;3.6399904808280814
0.6329012519931946;0.6277132241304332;5.16272113567304
-0.9990751703316011;0.017604724724972237;5.16272113567304
0.7273233590954521;0.8626545917861311;3.194927788672763
-0.9582952674026481;0.030792507994944672;3.194927788672763
0.65945174752615;0.6799215692258395;4.620716084839749
-0.9950513015999826;0.005827359189362037;4.620716084839749
0.6665547680264895;0.6745580639500729;4.610740925154314
-0.9950182293630104;0.006456690743581954;4.610740925154314
0.8264528385378916;0.8371035545620312;2.6759638050466075
-0.9476694757115149;0.03792357357215062;2.6759638050466075
0.8318392321718763;0.6297045112954048;3.923649025618846
-0.973053811320047;0.009985709821568454;3.923649025618846
0.807333429973068;0.7889769666821799;2.9002653032558596
-0.9614144220329227;0.03982471354130434;2.9002653032558596
0.7237375163079552;0.7777540417025887;3.462677968767588
-0.9768191650468011;0.03368915092055044;3.462677968767588
0.7069984969978104;0.7176186952109925;3.9823855897086595
-0.9874381491787594;0.024564041060594358;3.9823855897086595
0.6469165566753897;0.6640065308115449;4.825703230892064
-0.9968559532607026;0.001928764282030468;4.825703230892064
0.7456340456699041;0.6545917861311809;4.170944444535898
-0.9879780785472939;0.015900794349257667;4.170944444535898
0.845480693669843;0.7603283716459018;2.967252513991313
-0.9579276949500295;0.03635766840704423;2.967252513991313
0.7266138199906921;0.6649449534984856;4.231626198626226
-0.9899266265473327;0.016374602998115224;4.231626198626226
0.7435664639775389;0.6079682004409823;4.477428136443917
-0.989715836495389;6.095602987317428e-5;4.477428136443917
0.6520816961799331;0.8110337145516552;3.84141882274208
-0.9766529931965146;0.017998432538186955;3.84141882274208
0.6413928328920967;0.7678891593106026;4.116654215090392
-0.985161129229249;0.013812660452225768;4.116654215090392
0.828909522319964;0.8673390757680951;2.6524403519612405
-0.9399440982618966;0.03462968839393027;2.6524403519612405
0.7440394900473789;0.7652722570210039;3.382304086767062
-0.9762553020391583;0.03566240519342738;3.382304086767062
0.8270937125679975;0.6137284372591953;4.029312255647885
-0.9744520050063683;0.0045688356533812036;4.029312255647885
0.821882796347018;0.7026573383891174;3.4246487200725584
-0.9705568964083358;0.030045549454544133;3.4246487200725584
0.6614888114075578;0.7806990104599797;3.9039617938495463
-0.9819484144133663;0.020442122437484923;3.9039617938495463
0.7679654538379962;0.6688664922065141;3.923117866644823
-0.9836575176170788;0.021777790985970203;3.923117866644823
0.8354174455066338;0.7727796385165292;2.906558771526842
-0.958259090150269;0.03800465647449382;2.906558771526842
0.7685681806044052;0.7659131310511097;3.2220823530026133
-0.9724163726859952;0.03785012609474389;3.2220823530026133
0.8337923720731512;0.7149331278467396;3.3033675493309422
-0.9666350601970355;0.03162170285173056;3.3033675493309422
0.6742757741987168;0.8105912062927726;3.682617453611782
-0.9753754810013058;0.024081245395931875;3.682617453611782
0.7861388102631398;0.8694448047241571;2.8158664526427337
-0.9477883323781399;0.034985286515902464;2.8158664526427337
0.6841101387797454;0.783865233346812;3.7253426325570658
-0.9797670205243283;0.026309209371397288;3.7253426325570658
0.6423312555790374;0.6503955871245356;4.954252358129287
-0.9978365185068115;0.00724091331909528;4.954252358129287
0.7153603772001434;0.6607334955863616;4.348200636179841
-0.9915377213091615;0.013440975000704035;4.348200636179841
0.7958587330530781;0.7099892424716375;3.4668783799547107
-0.9750864566910032;0.03188091343724467;3.4668783799547107
0.8210282976402102;0.7939971465846755;2.829703354737415
-0.9576774960710156;0.039521776449228864;2.829703354737415
0.6472980293123575;0.7301615155144922;4.331097732421062
-0.9904562713754465;0.011804694232877829;4.331097732421062
0.887686826223955;0.7482356890540242;3.070963974495027
-0.948978852364841;0.029631476619058253;3.070963974495027
0.864241517955917;0.8561771864104187;2.615481049992601
-0.9345172760388866;0.03271715109772868;2.615481049992601
0.6506931357813704;0.6392489566723379;4.98665715080508
-0.9979469730411358;0.008133437633732185;4.98665715080508
0.6645634808615178;0.6957603131127404;4.464979615912181
-0.993352949711373;0.010791036961297632;4.464979615912181
0.8137269113686475;0.8603581265115853;2.6942895500902915
-0.9448465238127158;0.03616846846828878;2.6942895500902915
0.8681935744749029;0.8307787382411059;2.6487347865840913
-0.9393254105454023;0.034402305672621376;2.6487347865840913
0.8791647275140955;0.6879324946021622;3.498470356060911
-0.9580718207559558;0.02117382015152462;3.498470356060911
0.670369494396167;0.6485034828451756;4.769818331067129
-0.9963544344734832;0.0002447373068525868;4.769818331067129
0.7588864050781637;0.5992553654126389;4.419870865543823
-0.9874566103091308;0.001988736003009986;4.419870865543823
0.6443912078186632;0.6506549885176737;4.937165332299457
-0.9977343169466114;0.006518028658790663;4.937165332299457
0.6515018577717421;0.6582005172768958;4.836371049510573
-0.9969846844406035;0.0021587915457838697;4.836371049510573
0.7699948882666646;0.6095551266107682;4.29793714029302
-0.985609762379102;0.002830443469629497;4.29793714029302
0.7487850096512577;0.6565830732961525;4.13567485415977
-0.9874106062309412;0.01680860989840146;4.13567485415977
0.8396517917769758;0.7693463847838194;2.9196663632796778
-0.957858141568409;0.03748809128305371;2.9196663632796778
0.849219125512127;0.7277429789961166;3.1871620528555313
-0.961544704396579;0.03235640059946585;3.1871620528555313
0.6910681996780371;0.656422854788626;4.558251403813126
-0.9942779558463266;0.007519466251568033;4.558251403813126
0.6602146928000855;0.7896712468814612;3.8667828066658316
-0.9803942468011406;0.020353384750041795;3.8667828066658316
0.7133843489406505;0.7039924926185045;4.038010595836974
-0.9882345362345099;0.023280287517957087;4.038010595836974
0.8765707135827148;0.682942832510624;3.533325288186748
-0.9591714534151502;0.02043454536079805;3.533325288186748
0.6768774175828368;0.8386141862044235;3.5866581158486595
-0.9690651514470702;0.02334977432269897;3.5866581158486595
0.6719259027549954;0.6645711103142572;4.643979441624952
-0.9953395120473552;0.005256041453364002;4.643979441624952
0.8583439509883956;0.8237825300791174;2.663230312009544
-0.9432630275489453;0.03603037464609959;2.663230312009544
0.779974212449741;0.8291384059021446;2.879789868688225
-0.9584407218605706;0.038749921134473765;2.879789868688225
0.7725736432925666;0.8220277559490657;2.9391843663401667
-0.961232471551478;0.03876257292560503;2.9391843663401667
0.7337168404910316;0.6585438426501667;4.226008027563591
-0.9894027631180117;0.015596698313327852;4.226008027563591
0.8102860281831984;0.6314898032364139;3.9727824602382715
-0.977647688379993;0.01149851121091194;3.9727824602382715
0.8187470912711431;0.842406024215883;2.689307076620503
-0.9480903406171226;0.03785027567907339;2.689307076620503
0.6135453303934508;0.7479381403971893;4.417330496740913
-0.9890260730338022;0.0025242189566098;4.417330496740913
0.8483722562580586;0.7131402064529911;3.30081812304205
-0.963440312185865;0.030115501089475714;3.30081812304205
0.8673314463153557;0.7996810888754949;2.75000594321836
-0.9458518587377083;0.03546637463277705;2.75000594321836
0.6241578991538936;0.7635785185128671;4.253734195981865
-0.9864222526723215;0.007753031256310182;4.253734195981865
0.6674550434497334;0.7767851012046906;3.88194110820064
-0.9822577039114427;0.021892902967011473;3.88194110820064
0.6239976806463672;0.7045494426684774;4.670974162556399
-0.9942632808576335;8.762531275645358e-5;4.670974162556399
0.8402621479961242;0.7074867819731291;3.3489810172574246
-0.9659534309776618;0.029820263929050843;3.3489810172574246
0.7636395541347819;0.6052368563602932;4.359458780195418
-0.9866867516167666;0.0007452358560614755;4.359458780195418
0.833014167893737;0.8322512226198014;2.6700698778176517
-0.9473202058183678;0.03786992335781217;2.6700698778176517
0.6351824583622617;0.6431628659276271;5.050131502663747
-0.9984507820931676;0.011762708655543096;5.050131502663747
0.7795622220018158;0.6238145737806227;4.162700955082478
-0.9837289642099657;0.008540992818393274;4.162700955082478
0.6294451099022668;0.6419192651311122;5.09337787536913
-0.9986887408094544;0.014078489272937485;5.09337787536913
0.8361117257059151;0.8531559231256342;2.6366226981541914
-0.9418414466649843;0.03587039110320244;2.6366226981541914
0.6653111672299746;0.8356234407305964;3.6766677534365853
-0.970550369460992;0.02058988879756183;3.6766677534365853
0.6060074310869681;0.7356699803923065;4.541771764868368
-0.9908211686314491;0.0017714682162036852;4.541771764868368
0.650189591900573;0.6908850928122926;4.605205747276492
-0.9946249499396453;0.005650778654501129;4.605205747276492
0.7979186852927039;0.613591107109887;4.130985115237534
-0.9805140911172746;0.005247392780571548;4.130985115237534
0.7115837980941627;0.6442233598583974;4.488259761477226
-0.9928225569845823;0.007916213626739846;4.488259761477226
0.6237382792532291;0.640195008812018;5.141031335053413
-0.9989110210507409;0.01660582940920368;5.141031335053413
0.7879622494678457;0.7654935111504452;3.1172551687529593
-0.9691276376847244;0.03866439478940117;3.1172551687529593
0.8062195298731222;0.7517452373141275;3.131172503610874
-0.967754774648412;0.037632795326287466;3.131172503610874
0.6357775556759314;0.6213807783567684;5.18352544346124
-0.9991317915246255;0.01887383756020572;5.18352544346124
0.6157578716878638;0.7603512600041199;4.326935946490423
-0.9871034637456774;0.0044828155717534166;4.326935946490423
0.7385081368113465;0.7355250207902587;3.619733335758295
-0.9813993991034481;0.03206172781749135;3.619733335758295
0.835959136651128;0.8646687673093209;2.636769627456049
-0.9390719907201326;0.034524891025998435;2.636769627456049
0.7901976791204767;0.7828734044906959;3.005139791511914
-0.9657899421496297;0.03961059423163555;3.005139791511914
0.7865126534473682;0.8702458972617894;2.8146533369434126
-0.9475174669294811;0.03488360540085536;2.8146533369434126
0.8118119187310694;0.8537433909865645;2.7019094465229916
-0.9468401476795913;0.03697212650115588;2.7019094465229916
0.6263170342791312;0.7536602299517056;4.302718858271665
-0.9879215114116064;0.007686853130274701;4.302718858271665
0.7502498645772139;0.7854140122529011;3.2262499337124524
-0.9719249505484127;0.03731217298685592;3.2262499337124524
0.7675076866736349;0.8203111290827109;2.9737634026907793
-0.9624261824245101;0.03853170761008678;2.9737634026907793
0.7528972846777701;0.8799581905989884;3.0248307990044783
-0.9503954820953127;0.031388021965408824;3.0248307990044783
0.6886115158959648;0.828932410678182;3.5180674933110208
-0.9703183895392641;0.02675552122135412;3.5180674933110208
0.7642804281648877;0.7508831091545803;3.3421578233213314
-0.9754299938678541;0.036311643221595385;3.3421578233213314
0.6442462482166155;0.7094780691381007;4.50435672837509
-0.9930526561000971;0.007546548838433351;4.50435672837509
0.7898085770307696;0.6307573757734358;4.0670552556290485
-0.9816831740459322;0.011253069042768227;4.0670552556290485
0.6994148209748915;0.6706746725057412;4.396796378594148
-0.9925884936957874;0.013157581428989568;4.396796378594148
0.7026573383891174;0.8151688779363856;3.4454947899160366
-0.9719819082768972;0.030294311372660233;3.4454947899160366
0.6695073662366199;0.677182595692411;4.5696046280126685
-0.9946203091257783;0.007887557732642554;4.5696046280126685
0.7387065025825698;0.660031585934341;4.179811318243867
-0.98864333674989;0.016651950238283683;4.179811318243867
0.8241868910743032;0.8552387637234781;2.6625511511824422
-0.9439299752785864;0.03636367328246157;2.6625511511824422
0.6639378657368907;0.6727575131035851;4.6425908669325615
-0.9953201316749922;0.005296445148183296;4.6425908669325615
0.844298128495243;0.8406817678967887;2.6365598523287543
-0.942890950106584;0.036382669572610764;2.6365598523287543
0.8615788389498821;0.7380351107415065;3.1152221551795423
-0.9572041471316106;0.03236839909276713;3.1152221551795423
0.6837897017646924;0.6845221292276705;4.4088129250781725
-0.9929426685275844;0.013160027945950038;4.4088129250781725
