200
2
0.6020553745679822;0.602825949294657;5.481063235603946
-0.9999938947416218;0.03805968100897501;5.481063235603946
0.8592823736753362;0.8596714757650433;2.614012162379439
-0.9348882156340718;0.032924915151439665;2.614012162379439
0.6480457156808143;0.9281076668370578;3.9577378437428834
-0.9465026430258978;0.0004983211746094687;3.9577378437428834
0.8874121659253382;0.6452991126946465;3.8253093308384494
-0.9585544780202514;0.008426748715177443;3.8253093308384494
0.7817976516544468;0.5919997558575123;4.3204714168788145
-0.983579121947718;0.0035954270486273643;4.3204714168788145
0.5977371043175073;0.7548122773153482;4.45164144436944
-0.9880855647835812;0.00295220925129195;4.45164144436944
0.6794561726087388;0.8949882124955177;3.597923952933191
-0.9544064362662134;0.0164464251647722;3.597923952933191
0.5992019592434634;0.760374148362338;4.408781237434333
-0.9872220875291929;0.0018900612896737418;4.408781237434333
0.6072434024307436;0.6055572933753461;5.439586715308592
-0.9999583256741822;0.0349630720659975;5.439586715308592
0.8338076309786299;0.7876952186219682;2.829280131564636
-0.956047432382483;0.03870563644285164;2.829280131564636
0.6089218820334017;0.6124009124825476;5.393864407086693
-0.9998833155034567;0.03170426480303806;5.393864407086693
0.6389590374682425;0.7006126450549702;4.605732402817177
-0.9941965499817228;0.004187962063875714;4.605732402817177
0.6897025276376926;0.689389720075379;4.326342931864622
-0.9920135299181589;0.015599833565483008;4.326342931864622
0.7429866255693479;0.75124169343333;3.4788614209942272
-0.9785732725139351;0.0343721026767809;3.4788614209942272
0.7859328150391772;0.5969817884963111;4.2757236445476705
-0.9828585546887291;0.0014142798948785645;4.2757236445476705
0.839140618443439;0.6129273447215631;4.008707082711951
-0.9717296259533436;0.003471833634940219;4.008707082711951
0.6146058243242212;0.6236848730840536;5.297114923126254
-0.999612923274934;0.025458024353887845;5.297114923126254
0.6193971206445361;0.6246919608456485;5.264928965744238
-0.9995071508801957;0.023350308623627913;5.264928965744238
0.6313906203508023;0.6213273721875929;5.210848502505991
-0.9992801452945882;0.02035303083507825;5.210848502505991
0.6043136925788313;0.6020401156625035;5.473128745767049
-0.9999886150570184;0.03748124671904718;5.473128745767049
0.6339083397547894;0.6304216798529042;5.139477085141794
-0.9989629110938045;0.016343246266921393;5.139477085141794
0.623715390895011;0.6087158868094391;5.331298461668871
-0.9996808577126484;0.027665875366398085;5.331298461668871
0.7679654538379962;0.8896552250307086;2.9483722594868285
-0.9454859304485261;0.030935728476887463;2.9483722594868285
0.711568539188684;0.6940589451518643;4.124953014624856
-0.9894091699388642;0.020956369636440975;4.124953014624856
0.6119126275072289;0.6040008850165177;5.422380124461044
-0.9999210442296502;0.03379251276554278;5.422380124461044
0.6268510959708861;0.7054192002807639;4.64552246507143
-0.9941003769555353;0.0010739293579864195;4.64552246507143
0.8761129464183535;0.6698888388735876;3.6296761011676475
-0.9602501990278323;0.017277905137853617;3.6296761011676475
0.6732000213624677;0.8719777830336229;3.602414686032157
-0.9611112818013421;0.018740964167086056;3.602414686032157
0.6940284273409069;0.8759985046272631;3.449088767201536
-0.9583825493899061;0.022994253082578412;3.449088767201536
0.7966674550434497;0.6009567333735151;4.20523201654193
-0.9808463068131686;0.0003706721547705946;4.20523201654193
0.7577419871672605;0.6760534366869865;3.9342822633085084
-0.9847836270858902;0.022851509794321146;3.9342822633085084
0.7380656285524639;0.6098679341730817;4.506834415356842
-0.9904659926451959;1.3931177787029903e-5;4.506834415356842
0.6168488834295915;0.6299715421412823;5.245833027032838
-0.9994090855531754;0.02245400798280113;5.245833027032838
0.8153367258966514;0.7478313280588383;3.1160762128402277
-0.9664632512719777;0.037043214506666436;3.1160762128402277
0.7337015815855529;0.8017410411151208;3.2668372977369744
-0.9711369501718106;0.03560148849157836;3.2668372977369744
0.7554607807981933;0.7613354594074967;3.329815706202081
-0.975213758609486;0.036521311253664084;3.329815706202081
0.6251192101990525;0.6264543644284396;5.220155965601981
-0.9993348172730181;0.020701378267340066;5.220155965601981
0.6384936408511418;0.632458743734312;5.096990091600869
-0.9987331379327458;0.014154376596604942;5.096990091600869
0.648534000656133;0.6359301447307185;5.007482863563496
-0.9981783988728907;0.00986086636531932;5.007482863563496
0.7354639851683439;0.7672177674695394;3.431128350028205
-0.9771099093238179;0.03476042801996707;3.431128350028205
0.6886420337069222;0.6403170800558476;4.686972452408773
-0.9952697843332287;0.002100768421179171;4.686972452408773
0.6201066597492961;0.7219827421779036;4.56183440853445
-0.9923870925194147;0.0015516936153650088;4.56183440853445
0.6681416941962753;0.6775716977821181;4.576795154848232
-0.9946838516056944;0.0076246980066183925;4.576795154848232
0.6136292543735837;0.6167191827330225;5.344717448020589
-0.9997673832364558;0.02832591280339758;5.344717448020589
0.6037185952651616;0.6145981948714818;5.411491070588491
-0.9998865388150813;0.0329002191895945;5.411491070588491
0.7451839079582822;0.7343653439738768;3.580570840670957
-0.9806239694609558;0.0326872879816064;3.580570840670957
0.670735708127656;0.807226617634717;3.713535484189246
-0.9763118689709552;0.023238518844303065;3.713535484189246
0.6991554195817534;0.7944472842962974;3.556339808591388
-0.9764607033684932;0.02979953794858165;3.556339808591388
0.87958434741476;0.6463977538891136;3.8021978096686673
-0.9606356488240669;0.010072681636257463;3.8021978096686673
0.822935660825049;0.7414683644742163;3.1374182892043287
-0.9657436974670055;0.03604800310519513;3.1374182892043287
0.8039612118622731;0.8115525173379313;2.816620386669923
-0.9577415465845108;0.039850848143738994;2.816620386669923
0.8080124512668706;0.8440921332712804;2.723026008481854
-0.9498748169483713;0.03799168440828368;2.723026008481854
0.7440318605946395;0.8089203561428538;3.164156547868795
-0.9683163414844024;0.03678799461778679;3.164156547868795
0.6760915839506833;0.6909919051506436;4.418713733167129
-0.9929899578034793;0.012763939689463124;4.418713733167129
0.813543804502903;0.7372569065620923;3.195987256241577
-0.9682933332235812;0.03587986958542913;3.195987256241577
0.8175950439075005;0.6751379023582639;3.644804358263083
-0.9738513025781016;0.024099871002398684;3.644804358263083
0.7165505718274828;0.8260179597317484;3.31743220485518
-0.9681830803873632;0.03235925870907702;3.31743220485518
0.6934638478381946;0.8765173074135393;3.455384547087437
-0.9582959191422284;0.022795149948738578;3.455384547087437
0.6692327059380031;0.8231416560490116;3.675081920505866
-0.9730763968079809;0.022364378559012472;3.675081920505866
0.6621907210595784;0.6503498104080995;4.815261899731443
-0.996803724402559;0.0013865766069707103;4.815261899731443
0.844427829191812;0.8558796377535839;2.6237496789025743
-0.9393100370672977;0.03490363407783143;2.6237496789025743
0.7901442729513012;0.8655614132798254;2.79280903821686
-0.9480587042029023;0.03560456573309349;2.79280903821686
0.8844595677152078;0.7632428225923354;2.9658639171395
-0.9476379751687156;0.03151549133038171;2.9658639171395
0.7175576595890777;0.8851996246309253;3.2870775162086114
-0.9535348408903735;0.025944284470319046;3.2870775162086114
0.7496547672635442;0.8175950439075005;3.0957745252073456
-0.9657289480256457;0.03715577197060523;3.0957745252073456
0.6289949721906448;0.631405879256281;5.16569260774448
-0.9990868982992014;0.017666697085426064;5.16569260774448
0.8019928130555195;0.815306208085694;2.81367610571659
-0.9573569870336266;0.0397617486901632;2.81367610571659
0.7990020675816923;0.6683248010620199;3.766504266309857
-0.9781081319715957;0.02266064611553184;3.766504266309857
0.734434009048531;0.6868720006713919;4.011791557812389
-0.9872720703888901;0.022903156598458308;4.011791557812389
0.62987998870841;0.6185960281069038;5.23633970487894
-0.9993808787414248;0.021848219260441948;5.23633970487894
0.7040077515239832;0.806387377833388;3.4674326085813325
-0.9736467886948938;0.030744689636932193;3.4674326085813325
0.6441394358782645;0.6537830641408092;4.918032971919657
-0.9975824730425323;0.0056719077803963555;4.918032971919657
0.7940887000175477;0.8704595219384913;2.778934031701155
-0.9460977473678058;0.03500051230071674;2.778934031701155
0.8724965858198991;0.6986900229646528;3.4086537663438428
-0.9588726044882919;0.024480533597555428;3.4086537663438428
0.8306261491863188;0.8469684369540172;2.6539705318381936
-0.9445081957176045;0.03685600491611386;2.6539705318381936
0.7656232118470142;0.7991393977310007;3.0641073021243397
-0.9670125802811437;0.038817495800019336;3.0641073021243397
0.6842474689290537;0.6490985801588453;4.660779837851817
-0.9952571298018944;0.00383011304059315;4.660779837851817
0.6785101204690588;0.6726354418597554;4.535456272107816
-0.9942964541147662;0.009018478501297639;4.535456272107816
0.6432620488132387;0.6379061729902115;5.031473114411091
-0.9983471260940143;0.010841194096902845;5.031473114411091
0.763319117119729;0.676816381960922;3.892283627912501
-0.9838449698801262;0.023480309077926368;3.892283627912501
0.8630436938758382;0.8384005615277216;2.6316815011455454
-0.9389308860040804;0.034550889536845285;2.6316815011455454
0.8040375063896666;0.8675755888030151;2.7328275859033138
-0.9449587531809882;0.03541723834007923;2.7328275859033138
0.7257364329256663;0.803915435145837;3.3136524335814075
-0.9717122303877159;0.03446959197301468;3.3136524335814075
0.6906028030609365;0.7632428225923354;3.7939790742062254
-0.982722455038567;0.026681163210897217;3.7939790742062254
0.7715055199090569;0.7584973029884566;3.248529412804473
-0.9731006402486782;0.03746559074511488;3.248529412804473
0.6800741582806266;0.704862250230791;4.285168302670639
-0.9913337888077224;0.016566601056751146;4.285168302670639
0.728460147553616;0.857687818052811;3.178042358381264
-0.9593948954040512;0.03155416516025538;3.178042358381264
0.8176560795294153;0.8402163712796881;2.6949314789154704
-0.9488172813588509;0.03807090633674526;2.6949314789154704
0.750982292040192;0.8478916007354792;3.0254268736273517
-0.9587518956310771;0.035303658885360426;3.0254268736273517
0.7199685666547139;0.7289789503398921;3.800607499201754
-0.9846057090720142;0.028550980181875508;3.800607499201754
0.7054497180917213;0.6875281336069764;4.225786862847117
-0.9906535435937791;0.018410323461134866;4.225786862847117
0.7432994331316615;0.7390803457667982;3.5600916563343574
-0.980258432884374;0.0330738414449162;3.5600916563343574
0.7315882231767515;0.6182832205445903;4.502649690774782
-0.991213956542223;0.0022988408562400198;4.502649690774782
0.7594967612973121;0.8343722104813421;2.988899218984733
-0.9606119257273456;0.03717803880121941;2.988899218984733
0.6290941550762564;0.6110810171586392;5.285113774613975
-0.999515488013424;0.024899189906913102;5.285113774613975
0.7778227067772429;0.6336489383616514;4.110747080293397
-0.9837567841614197;0.011835491957106176;4.110747080293397
0.656506778768759;0.888373476970497;3.7483416506681317
-0.9577426792435996;0.011599824028827165;3.7483416506681317
0.7402857992996162;0.8516681798414599;3.095651201795669
-0.9593411913492812;0.03376461342658485;3.095651201795669
0.7928832464847296;0.6768850470355762;3.731219123082748
-0.9786730762690256;0.02479206017597059;3.731219123082748
0.8187776090821005;0.8205705304758489;2.736843693708542
-0.9528883861760359;0.039224254673102;2.736843693708542
0.7061439982910026;0.8514469257120186;3.3484045063710086
-0.9634390496808833;0.02854426477798272;3.3484045063710086
0.651112755682035;0.7470531238794241;4.186979270940482
-0.987954566596285;0.01502921678847497;4.186979270940482
0.8774709890059587;0.7080666203813201;3.3435726332461533
-0.9566341279313912;0.025546499574326323;3.3435726332461533
0.6544163087181757;0.665685010414203;4.761807054616562
-0.9963687812546816;0.0007648724053257033;4.761807054616562
0.68831396723913;0.7240961005867049;4.075670832986562
-0.9884674164892483;0.02176482813999424;4.075670832986562
0.6847128655461544;0.7410258562153337;3.9821155536870254
-0.9865588688397572;0.023230926994286423;3.9821155536870254
0.6720327150933464;0.7095314753072762;4.305796888357053
-0.9914438856217505;0.01543982003354136;4.305796888357053
0.8605717511882872;0.7689038765249369;2.907145357997484
-0.9529307163849097;0.03536409406280786;2.907145357997484
0.6968208070435108;0.7138497455577512;4.086868222358978
-0.9888941141698911;0.021932187800383342;4.086868222358978
0.8665532421359415;0.8142609730604023;2.695007809287016
-0.9431978608474528;0.03536729060856523;2.695007809287016
0.6521198434436298;0.7260644993934585;4.325691426123107
-0.9907387836516022;0.01266500104692354;4.325691426123107
0.8236833471935058;0.7313440806890922;3.2067475311585922
-0.9669168704450672;0.034725463809285984;3.2067475311585922
0.7445811811918731;0.8816519291071252;3.0833009153749984
-0.9511193131675312;0.03026171699499701;3.0833009153749984
0.753797560101014;0.692204988136201;3.8372454219054464
-0.9840508320614476;0.02624556996466401;3.8372454219054464
0.7805159035942352;0.6519901427470608;3.971600354534673
-0.982510269185;0.017713452143215413;3.971600354534673
0.6464587895110284;0.654401049812697;4.899020496474462
-0.9974443246412908;0.004773957614063441;4.899020496474462
0.8809118721914078;0.8006042526569569;2.761873118001792
-0.9421631980618138;0.03345290381720787;2.761873118001792
0.8427569790418933;0.7901366434985618;2.8045107443299933
-0.9535709496229223;0.038074554941736644;2.8045107443299933
0.8116669591290216;0.7841856703618649;2.90779225994224
-0.961401049989246;0.039613789042778146;2.90779225994224
0.7231500484470249;0.8630513233285776;3.2173412946037288
-0.9586962728984721;0.030118615572820556;3.2173412946037288
0.7832091004112275;0.8360125428203035;2.848531681754858
-0.956347682503375;0.03842116245061558;2.848531681754858
0.8561466685994613;0.7710019760282595;2.8949824752163895
-0.9536806654326504;0.03600666621091664;2.8949824752163895
0.7478999931334925;0.8539341273050484;3.0420014488207947
-0.9577404425760085;0.03437669919635272;3.0420014488207947
0.66063431270075;0.6968436954017289;4.485407260376728
-0.9934936479612086;0.009935982025236361;4.485407260376728
0.6262559986572164;0.6297045112954048;5.192802707406011
-0.9992144409847754;0.019187531475738123;5.192802707406011
0.6283998748769751;0.715566372424106;4.559557281203871
-0.9929439420382906;0.003424359592137431;4.559557281203871
0.7676907935393794;0.6438113694104722;4.100810437344034
-0.9850924157017;0.014561226852453014;4.100810437344034
0.8205171243066735;0.8298632039123833;2.707773045879269
-0.9505329541600522;0.03868723666227193;2.707773045879269
0.748426425372508;0.8167634335589108;3.106675346636931
-0.9660802294682841;0.03705915369545851;3.106675346636931
0.8103699521633313;0.7911818785238535;2.8774172409532985
-0.960402305837196;0.03981470482576215;2.8774172409532985
0.6428653172707922;0.7448939887541867;4.254471141717786
-0.9886490618846833;0.01227201900816749;4.254471141717786
0.6352358645314372;0.6522724324984169;4.9861442208315365
-0.9980149860769058;0.008970654536637715;4.9861442208315365
0.6974311632626592;0.8798361193551587;3.426657927881328
-0.9570491383249985;0.023105827776657588;3.426657927881328
0.8298937217233407;0.7643872405032387;2.9682326448982166
-0.9608498323697986;0.037838096762553314;2.9682326448982166
0.6397677594586141;0.6355334131882721;5.068974883929398
-0.9985789615600859;0.012723629086412225;5.068974883929398
0.800306704000122;0.6921744703252436;3.5812779832044304
-0.9759836406646931;0.02837356108301453;3.5812779832044304
0.6860709081337596;0.8335787473964492;3.5247452372669326
-0.969491456869856;0.025892629749819207;3.5247452372669326
0.7138955222741873;0.8806219529873123;3.3058979590321016
-0.955175261688717;0.02608611961207664;3.3058979590321016
0.6956077240579533;0.7456035278589467;3.878994442319674
-0.9849438819109846;0.02614327654224719;3.878994442319674
0.7469539409938125;0.8612202546711324;3.0473831146266246
-0.9560780365114954;0.033438196041913774;3.0473831146266246
0.6874518390795828;0.8452823278986198;3.4971723608232823
-0.9666627317679132;0.025282422253513768;3.4971723608232823
0.7719175103569821;0.830671925902755;2.926361561817184
-0.959461985028096;0.038270606736865706;2.926361561817184
0.6913581188821326;0.7213723859587552;4.072159826979862
-0.9885275354384598;0.0220146399773522;4.072159826979862
0.6473895827452297;0.6797918685292704;4.7062362070331485
-0.9957030012136108;0.0022600656736406974;4.7062362070331485
0.6123322474078934;0.6155442470111618;5.359077397852637
-0.9998031654038347;0.029243110173651443;5.359077397852637
0.6421100014495961;0.6523945037422466;4.940324951984279
-0.9977433319902397;0.00671663416774422;4.940324951984279
0.7877867720548405;0.6341982589588849;4.056324057137346
-0.9819482247181028;0.012360619730894584;4.056324057137346
0.645268594883689;0.6552250307085473;4.90129927442073
-0.9974537224284695;0.004901599462609027;4.90129927442073
0.7850172807104546;0.7062660695348323;3.5480215629382323
-0.9774951626329689;0.030989468402241788;3.5480215629382323
0.8532627354639851;0.8278261400309755;2.653983149494188
-0.9436278836226564;0.036388786941870095;2.653983149494188
0.8780737157723677;0.6616108826513875;3.6933974065358925
-0.9602511192909596;0.014752947104967492;3.6933974065358925
0.869872054077561;0.773527324884986;2.8844218180373047
-0.9498308821474915;0.03441709353123733;2.8844218180373047
0.7103325678449085;0.8841849074165911;3.3367660026333423
-0.954595900808464;0.02487265297397206;3.3367660026333423
0.7034279131157922;0.8707647000480655;3.372170060738232
-0.9588645758397121;0.025666189261936347;3.372170060738232
0.727880309145425;0.727643796110505;3.755668357713506
-0.9838093447125411;0.029563329949742357;3.755668357713506
0.7986129654919852;0.8493259378504779;2.7561294700399657
-0.9504637394782207;0.03756502799044437;2.7561294700399657
0.7184731939178003;0.7753355051842131;3.507816807283599
-0.9778595599149551;0.03274504258551743;3.507816807283599
0.657925856978279;0.657948745336497;4.792868483623169
-0.9966488965266652;0.00036362106683182627;4.792868483623169
0.636090363238245;0.7873976699651334;4.0425390907045955
-0.9819546033014518;0.012974812254321816;4.0425390907045955
0.8650426104935492;0.670972221162576;3.612022799839755
-0.9630573448972837;0.019121291108465253;3.612022799839755
0.6601994338946068;0.6624577519054559;4.744345056592492
-0.9962445979193116;0.001537931705710427;4.744345056592492
0.8275591091850981;0.6593678235460171;3.734829287410488
-0.972725023791866;0.019463086446739653;3.734829287410488
0.7866423541439372;0.7924941443950225;2.974730227992895
-0.9646936569372289;0.039765235428821245;2.974730227992895
0.7665768934394336;0.7739545742383899;3.1846762323115962
-0.9714125519361422;0.03820453174473748;3.1846762323115962
0.6552021423503293;0.635403712491703;4.965307502303212
-0.9978519606564485;0.008058357441448297;4.965307502303212
0.6793112130066911;0.6848044189790267;4.440120302804773
-0.9932816407746735;0.012164194807324058;4.440120302804773
0.8822012497043588;0.779417262399768;2.8671699121266654
-0.94562040876409;0.03281930545992167;2.8671699121266654
0.6592076050384906;0.6579029686200609;4.783986872077132
-0.9965767256755029;1.4064805989061346e-5;4.783986872077132
0.6145676770605244;0.6124695775572018;5.362166767892789
-0.9998161631103749;0.029552805732304357;5.362166767892789
0.7081886916251497;0.7921126717580548;3.4985413824987237
-0.9759869770712288;0.03150847370770196;3.4985413824987237
0.7099510952079408;0.6893592022644216;4.1736481406336505
-0.9900130489494172;0.019649808622185468;4.1736481406336505
0.8683919402461261;0.6641133431498959;3.6661643308617893
-0.9626432649654042;0.016857358999472376;3.6661643308617893
0.6987663174920463;0.6602299517055642;4.47628006972055
-0.9933311200640712;0.010216075125649902;4.47628006972055
0.7731687406062363;0.679868163056664;3.812280613663767
-0.9819811482664673;0.02484842527196429;3.812280613663767
0.6285448344790229;0.6384478641347057;5.122032843052626
-0.9988541340903058;0.015495966386464208;5.122032843052626
0.6362124344820747;0.6414233507030541;5.055342325188163
-0.9984875277434764;0.011972920320535277;5.055342325188163
0.6897406749013894;0.642926352892707;4.6620732421389075
-0.9950641910839861;0.003170750613212474;4.6620732421389075
0.8510120469058754;0.6347246911979004;3.8672745219513276
-0.9684035133450137;0.010081843370843394;3.8672745219513276
0.6977134530140153;0.6963554104264101;4.212476134305465
-0.990628051037877;0.01879526135780605;4.212476134305465
0.7533626812948707;0.8511493770551838;3.007349381074167
-0.9576259167737047;0.035208701730862844;3.007349381074167
0.5980880591435176;0.753347422389392;4.4595382380267425
-0.9883093294619657;0.002944894858145468;4.4595382380267425
0.6398898307024438;0.6645253335978211;4.868837056705833
-0.9971267769941531;0.003988651549273803;4.868837056705833
0.7106835226709188;0.6906867270410694;4.158060585792394
-0.9898147621240908;0.020073175232530046;4.158060585792394
0.7941344767339839;0.6796850561909195;3.704720263812935
-0.9782216959911825;0.025489909933033614;3.704720263812935
0.6980110016708502;0.7973769941482097;3.5514796537106275
-0.9760105168815065;0.02959136406011815;3.5514796537106275
0.6620686498157488;0.8389880293886519;3.6930857214214856
-0.9699760507475298;0.019454876200739067;3.6930857214214856
0.7218377825758558;0.6686147202661153;4.239612263548435
-0.9902714192698419;0.016628576036589682;4.239612263548435
0.6757940352938484;0.7753278757314738;3.8291864993853646
-0.981923083669646;0.02396416461549262;3.8291864993853646
0.84137604809607;0.8640965583538692;2.627536453953983
-0.9380005962037716;0.03417965385114075;2.627536453953983
0.7313135628781348;0.7790357897628003;3.394306993531349
-0.9756527616156344;0.034842675244634545;3.394306993531349
0.8261324015228387;0.8100952918647145;2.750098109222212
-0.953478934176343;0.039215182672815374;2.750098109222212
0.7034202836630529;0.7126976981941086;4.046228062073395
-0.9883698955163429;0.023050666491667864;4.046228062073395
0.6673482311113824;0.7121941543133111;4.3222769853552405
-0.991474890356704;0.014693641673966154;4.3222769853552405
0.851347742826407;0.7171838164048493;3.264853671596362
-0.9622760960857187;0.030504889041367462;3.264853671596362
0.6408587712003418;0.6645711103142572;4.862375337187523
-0.9970848236669834;0.0036669148653782624;4.862375337187523
0.623112664128602;0.6293993331858306;5.212695149299399
-0.9993009864064658;0.020393717109120017;5.212695149299399
0.7699948882666646;0.8716497165658307;2.9060996983860425
-0.9499500114735362;0.0339660113859062;2.9060996983860425
0.7908690709615399;0.7680188600071717;3.086392482013016
-0.9681863791606133;0.03889383281965373;3.086392482013016
0.8088440616154603;0.6856207704221376;3.596312057601283
-0.9748483298628776;0.0268391744153166;3.596312057601283
0.7754652058807822;0.6665089913100534;3.8960533579388916
-0.9825483333494314;0.02157819447646818;3.8960533579388916
