200
2
0.6034744527775022;0.6040848089966506;5.4690255591571955
-0.9999856213600525;0.0370050527769811;5.4690255591571955
0.8599461360636601;0.8594883688992988;2.6140207238125654
-0.9347715569863384;0.03286759473673811;2.6140207238125654
0.8985587963775359;0.6379672086121263;3.899882655001022
-0.9557208256924595;0.004031538171665225;3.899882655001022
0.6026123246179551;0.6084259676053436;5.455524415223845
-0.9999610901720091;0.03566250428067641;5.455524415223845
0.7846586964317049;0.5953567150628285;4.2871317309261725
-0.9830845039865794;0.002114229665050954;4.2871317309261725
0.7018791342097032;0.8961707776701178;3.430104639542149
-0.9521351940024628;0.02112347721888734;3.430104639542149
0.6682179887236689;0.6957221658490437;4.43882714877791
-0.9931155933442942;0.011759634808750571;4.43882714877791
0.626721395274317;0.8884802893088479;3.9452550487248894
-0.9589009873606029;0.0021457635481430953;3.9452550487248894
0.8933249917983384;0.6397067238366992;3.8735364128131367
-0.9571376266516125;0.00559651152267588;3.8735364128131367
0.8527897093941451;0.7790205308573216;2.851302655548796
-0.9531571450299481;0.036773108456573125;2.851302655548796
0.871054619252161;0.6562321184701422;3.720559970981888
-0.96240845514352;0.0142820373233472;3.720559970981888
0.609959487605954;0.600224305910537;5.454681615254694
-0.9999503803778369;0.036025724299918294;5.454681615254694
0.859213708600682;0.8357531414271654;2.6382273451881426
-0.940460485752136;0.03521544959184264;2.6382273451881426
0.7263620480502934;0.8446567127739927;3.203902470434194
-0.9627975313134879;0.03258323003687382;3.203902470434194
0.8510959708860083;0.7421550152207582;3.0873712052118223
-0.9592259541881246;0.03404315949510549;3.0873712052118223
0.7199227899382777;0.6897711927123468;4.0964291324879545
-0.988842540064942;0.021437250472672205;4.0964291324879545
0.6792272890265582;0.6552555485195047;4.65592846028608
-0.9953457950511322;0.004462996049736018;4.65592846028608
0.8189912337588025;0.7022529773939316;3.436108226906946
-0.9712159693323622;0.030084852611967267;3.436108226906946
0.6116608555668301;0.6197099282068497;5.339471541450325
-0.99973780596763;0.027976143312997748;5.339471541450325
0.7445659222863944;0.8778066849264903;3.0769633672594736
-0.9521450141168372;0.030873182808791817;3.0769633672594736
0.6634877280252688;0.6496326418506001;4.812596670549599
-0.9967582205772528;0.001245942796532909;4.812596670549599
0.6599324030487294;0.8160844122651082;3.760850662600803
-0.9751712493194783;0.020122359966382432;3.760850662600803
0.789602581806807;0.8481738904868353;2.8047989713212758
-0.9524004332428966;0.03757116997027827;2.8047989713212758
0.8261781782392749;0.7937453746442767;2.818881359580121
-0.956622029299623;0.03927558264573231;2.818881359580121
0.6212587071129387;0.6164750402453631;5.302779000671137
-0.9996383856086505;0.025629860635879326;5.302779000671137
0.6263399226373493;0.6238069443278833;5.229616622400661
-0.9993699175239982;0.021201815336679468;5.229616622400661
0.6696523258386676;0.8229280313723096;3.6703513500941174
-0.9730944050035073;0.022483789218121508;3.6703513500941174
0.7933867903655271;0.5974548145661511;4.234006477626544
-0.9814713415382981;0.0010682866841017213;4.234006477626544
0.8440921332712804;0.6780447238519581;3.5659345069886115
-0.9676972738692812;0.023182794403242498;3.5659345069886115
0.660847937377452;0.8822470264207949;3.7043968233794664
-0.9591738598211139;0.013872130112827535;3.7043968233794664
0.650082779562222;0.7283914824789618;4.322701860650717
-0.9905486189473174;0.012397047234649843;4.322701860650717
0.6107148034271501;0.6074799154656636;5.4130938861061315
-0.999914625570676;0.032892868590730484;5.4130938861061315
0.6576588261324016;0.6848730840536809;4.596523467414652
-0.9947498402045906;0.006484783446683268;4.596523467414652
0.6671651242456379;0.8063263422114731;3.7434007456704075
-0.9767340677202443;0.022314873177546515;3.7434007456704075
0.8662022873099312;0.8508213105873915;2.618714599989764
-0.9353004225075826;0.033034451545113225;2.618714599989764
0.7915633511608212;0.804045135842406;2.8997706804774297
-0.9615915838412464;0.03991245983238087;2.8997706804774297
0.6947761137093637;0.6577351206597951;4.522313865353345
-0.9938609932362114;0.008688637860212164;4.522313865353345
0.7233255258600301;0.7091957793867446;3.9383532591313224
-0.9865251577845313;0.02587561853417832;3.9383532591313224
0.8012985328562382;0.7461757368143983;3.1792020498463964
-0.9695296493317952;0.03710126250494836;3.1792020498463964
0.7583065666699728;0.6028183198419177;4.4036544865848555
-0.9875437731104922;0.00061895737280971;4.4036544865848555
0.8470218431231927;0.7520198976127442;3.019190976873344
-0.9588075326469837;0.035486856044206316;3.019190976873344
0.7361124886511891;0.7883742399157708;3.320246809433069
-0.9733556623161025;0.035783227596119495;3.320246809433069
0.6760610661397258;0.7652264803045677;3.8870299857643857
-0.9835935386072755;0.023429943001569965;3.8870299857643857
0.6498920432437382;0.6604359469295268;4.832347619601995
-0.9969338504371392;0.0020105235909976538;4.832347619601995
0.7854521595165979;0.6339693753767043;4.066044059678003
-0.982383800969427;0.012222192024467747;4.066044059678003
0.8756399203485135;0.681996780370944;3.537218769987863
-0.9594928466604763;0.02035384260684732;3.537218769987863
0.6289263071159906;0.7061134804800452;4.627698905111587
-0.9939698537632297;0.0019191130554567642;4.627698905111587
0.659085533794661;0.8130097428111481;3.7771506102483468
-0.9758639230263075;0.019973859806052135;3.7771506102483468
0.7553997451762785;0.6286211290064164;4.2770766031538345
-0.9875934785016037;0.008640099846623735;4.2770766031538345
0.6488239198602285;0.672711736387149;4.750362954523676
-0.9961719598187495;0.0009434907399987064;4.750362954523676
0.8798513782606374;0.7548351656735662;3.0111664901832937
-0.9501405469030098;0.031583895130142405;3.0111664901832937
0.6235704312929633;0.8117508831091546;4.016690142576703
-0.9775586383261146;0.008734524032003997;4.016690142576703
0.808752508182588;0.6050918967582455;4.130780353670569
-0.9784341722603244;0.0019342248912152804;4.130780353670569
0.8057617627087609;0.6825308420626989;3.6313277577250265
-0.9757248762041986;0.026167799023989333;3.6313277577250265
0.78010391314631;0.6074951743711423;4.250138910878534
-0.983884468794404;0.002546037837513504;4.250138910878534
0.7112709905318492;0.8661488811407557;3.3072484955030426
-0.9592455104537079;0.027751488402626978;3.3072484955030426
0.7952483768339297;0.8520725408366457;2.7694877873787274
-0.9504390462028226;0.037265872568103535;2.7694877873787274
0.814619557339152;0.8213639935607419;2.7563582207884103
-0.9535801621339284;0.03932984832234384;2.7563582207884103
0.6258668965675093;0.6275224878119493;5.207693022297687
-0.999286962495451;0.020070829921609717;5.207693022297687
0.6649068062347888;0.8556965308878394;3.6536641081521366
-0.9658016426734971;0.018647725445375064;3.6536641081521366
0.6929908217683546;0.7229287943175836;4.049518629555186
-0.9881908906836695;0.022609065028846603;4.049518629555186
0.625195504726446;0.6206864981574871;5.256842527909686
-0.999468768821055;0.022709943510866845;5.256842527909686
0.809805372660619;0.7047859557033974;3.447637797920005
-0.9728754652752617;0.030838140435670985;3.447637797920005
0.6564304842413654;0.6705449718091722;4.7119819931481866
-0.9959278176132486;0.002629189820943123;4.7119819931481866
0.8830404895056878;0.8080353396250887;2.7358623663022317
-0.9401693027603779;0.03303971041976525;2.7358623663022317
0.7384928779058678;0.7689191354304156;3.4137572554794198
-0.9764253522531569;0.03525085378930467;3.4137572554794198
0.8151383601254282;0.8332277925704389;2.719652862419222
-0.9509061959175786;0.03866674385360874;2.719652862419222
0.8853369547802337;0.7249277109352946;3.23034929615335
-0.9526458547465495;0.02708175556342168;3.23034929615335
0.8361269846113938;0.7481136178101945;3.0615469583260286
-0.9618980622566337;0.03600264432614156;3.0615469583260286
0.6529590832449589;0.6643574856375553;4.781468971421212
-0.9965327496152058;1.992290272898045e-5;4.781468971421212
0.7882903159356379;0.8730306475116539;2.807993713402273
-0.9464856318177441;0.03452940782314139;2.807993713402273
0.862006088303286;0.8399645993392894;2.630488495217852
-0.9388354078694933;0.034558075812975195;2.630488495217852
0.7754804647862609;0.7359217523327052;3.3797517223199147
-0.9756668840637259;0.03529277056879103;3.3797517223199147
0.6519977721998002;0.6513034920005188;4.881969203886109
-0.9973356474019599;0.004015310925062035;4.881969203886109
0.6060074310869681;0.6161011970611348;5.390979794434031
-0.9998523420149804;0.03145188651582506;5.390979794434031
0.6226930442279375;0.6182679616391116;5.284109350841244
-0.9995757436827843;0.024464290331959584;5.284109350841244
0.8744420962684346;0.766714223588742;2.9287422600543174
-0.949750416597384;0.03335043139186086;2.9287422600543174
0.7762281511547177;0.7955154076798071;3.016322958152454
-0.9659518237093022;0.03941478763419872;3.016322958152454
0.7499828337313365;0.8002227800199891;3.170076884553092
-0.969192521694502;0.037498233447515565;3.170076884553092
0.8597477702924369;0.8203645352518864;2.672400399381589
-0.9436360605180404;0.03601548964905689;2.672400399381589
0.8156266451007469;0.7432536564152253;3.148218120154442
-0.9670469523278997;0.03653566045265401;3.148218120154442
0.8202119461970993;0.8378054642140519;2.6911791463077197
-0.9488330953945446;0.03816222410648562;2.6911791463077197
0.8458926841177682;0.6049393077034584;4.0416219315880495
-0.9702089634663771;0.00015481213473934885;4.0416219315880495
0.7676221284647252;0.8527744504886664;2.9173856952786186
-0.9550457342457972;0.03616653081046455;2.9173856952786186
0.760053711347285;0.6889701001747145;3.8213388537921533
-0.9833733397813479;0.026076655367661038;3.8213388537921533
0.7632809698560322;0.8408725042152726;2.9544224924211844
-0.9585437060031187;0.03698115122445892;2.9544224924211844
0.6888403994781455;0.7983154168351504;3.6147032968329893
-0.9766657437875846;0.02764070539138242;3.6147032968329893
0.7608166566212206;0.8857565746808982;2.9837821368178195
-0.9476600780267914;0.031110475500660206;2.9837821368178195
0.8035263330561299;0.718854666554768;3.3661260219211204
-0.9726074705769663;0.033402999835239366;3.3661260219211204
0.7985748182282885;0.6349001686109056;3.997675435750704
-0.9798801701981802;0.01274001453221017;3.997675435750704
0.8387515163537319;0.719884642674581;3.261987782438387
-0.9649419768618301;0.03207984950090688;3.261987782438387
0.6272249391551145;0.6324740026397907;5.170136224774874
-0.9991025238930805;0.01791618144148678;5.170136224774874
0.8894721181649641;0.7580853125405315;3.0092932097330136
-0.9470602776899385;0.030237899046249787;3.0092932097330136
0.619694669301371;0.8696736883063377;3.957154764034313
-0.9641042094915186;0.002635564879449319;3.957154764034313
0.8556889014351;0.6485950362780478;3.768886354073405
-0.9666979927245506;0.013975283217306057;3.768886354073405
0.7776014526478016;0.7155205957076699;3.5161679464886944
-0.9778063428429071;0.03236153532692436;3.5161679464886944
0.7999938964378085;0.8030761953445079;2.866748428442711
-0.9601951346993864;0.03999053698494896;2.866748428442711
0.6977973769941482;0.6315660977638075;4.677689783061707
-0.994733543924809;0.0011846444282124571;4.677689783061707
0.7252862952140443;0.6757940352938484;4.161876877730482
-0.9893365660700505;0.018990740648571276;4.161876877730482
0.6519748838415821;0.6541340189668196;4.861145094260431
-0.9971880207610165;0.0031883194364852874;4.861145094260431
0.6850714498249041;0.7176949897383861;4.1469865336628775
-0.9895107686358037;0.02001731364048608;4.1469865336628775
0.6550266649373241;0.8020614781301737;3.847883979619356
-0.9783102918871565;0.018978482428723912;3.847883979619356
0.6712163636502354;0.6623280512088868;4.665466198379104
-0.9955317343264475;0.004461209524588686;4.665466198379104
0.691731962066361;0.8837271402522298;3.4767332396386603
-0.9565158480083834;0.021267797947183562;3.4767332396386603
0.7691251306543782;0.714254106552937;3.5765299101670096
-0.9793867628837679;0.031694384199855694;3.5765299101670096
0.6989417949050515;0.7874052994178727;3.5895646482303887
-0.9777951269728934;0.029628612700233883;3.5895646482303887
0.6731466151932922;0.6739400782781851;4.568021836127705
-0.9946058198756513;0.00801711489857121;4.568021836127705
0.7671109551311884;0.7830031051872649;3.1310910156720264
-0.9697586005041261;0.03862941629434212;3.1310910156720264
0.6600621037452984;0.6793341013649091;4.621473182513764
-0.9950615564354859;0.005857126098394325;4.621473182513764
0.8549869917830794;0.8302828238130479;2.6482545745254678
-0.942683887621557;0.03605938131655548;2.6482545745254678
0.63082604084809;0.6322298601521313;5.148038901122515
-0.9990059900156508;0.01676664827970554;5.148038901122515
0.8728627995513881;0.7313364512363528;3.1641712417438077
-0.9551836193608372;0.02997632951271649;3.1641712417438077
0.6506092118012375;0.6404849280161135;4.966450165047567
-0.9979020429369636;0.007762665788672032;4.966450165047567
0.7620602574177354;0.6253938704976693;4.2535636287380765
-0.9866359151983148;0.008073275473006798;4.2535636287380765
0.6331530239335933;0.6226167497005439;5.195972276490586
-0.9991950040017885;0.019302730909303602;5.195972276490586
0.7180917212808325;0.6887488460452732;4.119613813115473
-0.9891483029695396;0.020914214621004845;4.119613813115473
0.6881995254480396;0.7654019577175729;3.7938735725396544
-0.9825849440249808;0.026303629360179846;3.7938735725396544
0.7476253328348758;0.8540104218324419;3.046045438811496
-0.957760754399836;0.03433976857282415;3.046045438811496
0.7528896552250307;0.7709561993118234;3.291486562942583
-0.9740422150104525;0.03693707305676899;3.291486562942583
0.8261552898810568;0.8712224672124268;2.6631505315531534
-0.9395503014227071;0.03424326097541269;2.6631505315531534
0.7133385722242144;0.8433368174500843;3.3003241117388384
-0.9646121077419267;0.030611717189160368;3.3003241117388384
0.7335566219835051;0.633984634282183;4.39224422945906
-0.9905487828528587;0.008024175863336619;4.39224422945906
0.6612294100144197;0.6880698247514706;4.550858153578394
-0.9942638475661035;0.00821435922388744;4.550858153578394
0.8258882590351794;0.7246911979003746;3.2489590513350333
-0.9672612058492505;0.03365838237044692;3.2489590513350333
0.7038933097328929;0.84208558720083;3.3733607178345713
-0.9658955029037757;0.02899230743586367;3.3733607178345713
0.751111992736761;0.7851851286707204;3.234462079840009
-0.9718399164314042;0.03739048233332638;3.234462079840009
0.7077461833662672;0.8840399478145433;3.356371915423819
-0.954904478523718;0.02442652048783844;3.356371915423819
0.6722921164864845;0.881583264032471;3.618892855935527
-0.958622766935968;0.017034867518306473;3.618892855935527
0.6157731305933425;0.6115311548702611;5.362124396100565
-0.9998091386256717;0.029460044995915174;5.362124396100565
0.7143609188912879;0.8272844488864813;3.324081302114731
-0.9681499271903635;0.03192150663581643;3.324081302114731
0.6107605801435863;0.6134766653187966;5.381775326637212
-0.9998513057595139;0.030602512408188273;5.381775326637212
0.7175195123253809;0.862845328104615;3.2590766271142106
-0.9593980224602445;0.029247433888380303;3.2590766271142106
0.6827368372866615;0.7126595509304118;4.213085504656631
-0.9902787802025965;0.018620996626787747;4.213085504656631
0.7523784818914939;0.7381800703435543;3.5049935942978685
-0.979065761305476;0.03391048731031333;3.5049935942978685
0.6741994796713232;0.6928992683354823;4.416188918220929
-0.9929570005719861;0.012703662361959144;4.416188918220929
0.7411250391009453;0.8287950805288736;3.134611436577818
-0.9645132271169858;0.035704582316470466;3.134611436577818
0.8176789678876334;0.8505924270052109;2.6835688333985512
-0.946399638050777;0.03712786042415045;2.6835688333985512
0.7418116898474872;0.8795614590565419;3.098721846671246
-0.952054895623092;0.03028409479438919;3.098721846671246
0.6435443385645948;0.7127434749105447;4.495222900686301
-0.9927230061967871;0.007907924834123108;4.495222900686301
0.6375781065224192;0.6308947059227442;5.1129765007934775
-0.9988174013496455;0.014977471965797788;5.1129765007934775
0.6080521244211152;0.6120499576565372;5.403969437697369
-0.9998949864207033;0.0321692053561565;5.403969437697369
0.6159943847227838;0.6258592671147699;5.276166685830179
-0.999537845806977;0.024183061303351988;5.276166685830179
0.8605412333773298;0.6710103684262728;3.6085827096812277
-0.9641946329438422;0.019696434007625815;3.6085827096812277
0.7021995712247561;0.8743886900992591;3.384797348624541
-0.9580388459677802;0.024901398916694833;3.384797348624541
0.6421786665242503;0.7162225053596906;4.466013563079333
-0.9923857808294999;0.008073758091729104;4.466013563079333
0.7326792349184793;0.6421023719968567;4.346583290732529
-0.9903585848126069;0.010536253659819673;4.346583290732529
0.6177949355692716;0.8102631398249803;4.056120098805563
-0.9779823815834;0.006695982456726993;4.056120098805563
0.782789480510563;0.808149781416179;2.9302067319954057
-0.9623576086353081;0.03963737908177222;2.9302067319954057
0.6734670522083451;0.7367228448703375;4.09997477734921
-0.9880269818574895;0.019985414761850954;4.09997477734921
0.699231714109147;0.6291323023399532;4.681918994336101
-0.9946664620282073;0.0006499824549741351;4.681918994336101
0.6299333948775855;0.6339007103020501;5.144678287730074
-0.9989778895671373;0.016511624216026782;5.144678287730074
0.8840780950782401;0.6899008934089158;3.491437402247782
-0.9565796058559343;0.020809060655859506;3.491437402247782
0.7093941451579678;0.6399356074188799;4.533158078226928
-0.9932419730031501;0.006169969295981646;4.533158078226928
0.6446429797590619;0.6478015731931549;4.954976945731482
-0.997863292994603;0.0073001648606218494;4.954976945731482
0.6536228456332828;0.6657231576778998;4.768552921990167
-0.9964089916335132;0.0005434582955080591;4.768552921990167
0.6362582111985108;0.6500370028457859;4.995326328948476
-0.998092641557875;0.009300273915386341;4.995326328948476
0.7739545742383899;0.6870779958953545;3.751718048736013
-0.9812565000685228;0.026570256785886863;3.751718048736013
0.6754964866370136;0.7727872679692686;3.8530613826673
-0.9823795091728889;0.023758342375696254;3.8530613826673
0.880744024231142;0.667897551708616;3.6493386084357002
-0.9591443996018738;0.016029345706382977;3.6493386084357002
0.733037819197229;0.6404772985633741;4.354195174185395
-0.9903778554323793;0.010068574068498107;4.354195174185395
0.7418574665639234;0.6396227998565663;4.296977366087691
-0.9892118603720341;0.010898599479787718;4.296977366087691
0.7698651875700956;0.7812483310572133;3.123921413965544
-0.9696185136585125;0.03874026799167461;3.123921413965544
0.8428332735692868;0.7276285372050263;3.1946447667126003
-0.9630706348396665;0.03292768204825437;3.1946447667126003
0.7060295564999123;0.825514415850951;3.3932642600610965
-0.9694275762032343;0.030518570332181565;3.3932642600610965
0.8600453189492717;0.7919600827032677;2.794162496625553
-0.9491047371751684;0.03632991940214195;2.794162496625553
0.7990249559399104;0.5993240304872931;4.200484191941677
-0.980389149303973;0.00027179545078399175;4.200484191941677
0.7722760946357318;0.7854140122529011;3.0987268934143204
-0.9684787821153078;0.03901863403279458;3.0987268934143204
0.8369280771490261;0.6687978271318599;3.6445226661579997
-0.9700244250092721;0.021422306952754253;3.6445226661579997
0.7963622769338755;0.8022598439013969;2.8892263473915887
-0.9610454331975093;0.03998166007643551;2.8892263473915887
0.7647992309511639;0.6343584774664114;4.180303525833016
-0.9859302711963948;0.011323791871125144;4.180303525833016
0.7107903350092698;0.7597637921431896;3.661286121505082
-0.981277991615047;0.03042268324954523;3.661286121505082
0.7783338801107796;0.7107903350092698;3.549772725370437
-0.9782023430984369;0.031572214921187614;3.549772725370437
0.6469089272226504;0.6529056770757834;4.909582236563463
-0.9975033926609792;0.0050736164006534995;4.909582236563463
0.8869543987609769;0.6918921805738875;3.482276862605183
-0.9556213709152245;0.020751631915048065;3.482276862605183
0.8428256441165475;0.7329920424807929;3.1557950068308376
-0.9623995437452788;0.03367589783510696;3.1557950068308376
0.641141060951698;0.6333132424411198;5.074122134448844
-0.9985998016845926;0.013020637661045081;5.074122134448844
0.6135148125824934;0.7700635533413188;4.273913781124286
-0.9855532393525462;0.0043270840353093615;4.273913781124286
0.6135987365626263;0.6122025467113243;5.372241959684542
-0.9998331000381776;0.030013314472761524;5.372241959684542
0.6458560627446194;0.7997650128556278;3.9208533279546627
-0.9792146369934431;0.016239591388451255;3.9208533279546627
0.8048385989272989;0.7083107628689794;3.439941969577551
-0.9735120886943277;0.03156967175475222;3.439941969577551
0.6212587071129387;0.6218461749738691;5.269666583014096
-0.9995355139125269;0.02368723515437951;5.269666583014096
0.8659962920859686;0.6521808790655447;3.746098173842526
-0.9639282315218943;0.013793996917068386;3.746098173842526
0.6343127007499753;0.6882681905226938;4.729766253280366
-0.9955257220935889;6.37216181596928e-5;4.729766253280366
0.8114075577358836;0.8608845587506008;2.703869103872957
-0.945182778081894;0.03616293813224714;2.703869103872957
0.834196733068337;0.7099968719243769;3.339734229267441
-0.9670803346592542;0.03073002038405589;3.339734229267441
0.8638066391497737;0.6685307962859824;3.6274929625659045
-0.9635362135179503;0.018644561275212718;3.6274929625659045
0.6903662900260165;0.6370669331888824;4.695893915447066
-0.9952413464853345;0.0014332653768643414;4.695893915447066
0.8910971915984467;0.6219835051231775;3.9789072941656283
-0.9582846413583403;1.14292346461084e-5;3.9789072941656283
0.7248666753133798;0.7302912162110612;3.7562170051513983
-0.9838481196297943;0.029495668984201882;3.7562170051513983
0.7582150132371005;0.7516384249757765;3.3852372969035702
-0.9762729193552996;0.035915172942400715;3.3852372969035702
0.8391711362543964;0.7074486347094323;3.3502091698858303
-0.966210054428801;0.029899866867391413;3.3502091698858303
0.603642300737768;0.6159714963645657;5.403548982900122
-0.9998658314760077;0.0324228362098542;5.403548982900122
0.8781347513942825;0.7449550243761015;3.074769958103638
-0.9520045645446406;0.030865011283118093;3.074769958103638
0.8764104950751883;0.6855368464420047;3.51161859621031
-0.9590043607317723;0.021059622719923426;3.51161859621031
0.7456950812918189;0.8627690335772215;3.0573341790437802
-0.9558662220087434;0.0331110242278795;3.0573341790437802
0.6237535381587078;0.8240648198304735;3.9772916219348957
-0.9749348438572675;0.00835806913495278;3.9772916219348957
0.8403918486926932;0.750638966666921;3.0366606834775287
-0.9605587144464214;0.03593198694747725;3.0366606834775287
0.8125214578358294;0.7743741941390544;2.9588908026723577
-0.9629191136822374;0.03918653116764268;2.9588908026723577
0.7903350092697851;0.6435519680173342;3.9800427628157813
-0.9811184379628253;0.015430601242935622;3.9800427628157813
0.6582234056351138;0.6603443934966545;4.773208393804917
-0.9964904674609976;0.000395708862477237;4.773208393804917
