200
2
0.8591755613369852;0.8594197038246446;2.614010740352852
-0.9349751971445731;0.03296755173784423;2.614010740352852
0.5955779691922698;0.6031616452151887;5.510937625425357
-0.9999852249306868;0.04053370459394788;5.510937625425357
0.7775938231950622;0.6009185861098183;4.29886867306641
-0.9843534936585628;0.00013544611552797348;4.29886867306641
0.8978721456309939;0.6847357539043725;3.5691116521813324
-0.9531776498107537;0.017135196681592135;3.5691116521813324
0.6441165475200464;0.9033500926978508;3.8759745741501375
-0.9541028784972274;0.005019107582275702;3.8759745741501375
0.6493884993629407;0.9012138459308314;3.8330542962096814
-0.9544839009579092;0.007071933267743018;3.8330542962096814
0.7671491023948852;0.8865729261240092;2.94734062233189
-0.9464553983017213;0.031425946988865125;2.94734062233189
0.8849936294069627;0.6648152528019166;3.6821368589641725
-0.958188081631774;0.014501167085222161;3.6821368589641725
0.8713140206452991;0.8053726606190538;2.729658902100417
-0.9437494003930346;0.034885444977274346;2.729658902100417
0.646062057968582;0.66181687787535;4.849700243828103
-0.9970328908078394;0.0027914652369841614;4.849700243828103
0.7739469447856505;0.7856428958350817;3.0770118969750633
-0.9681575833991493;0.039115111873995745;3.0770118969750633
0.7959273981277323;0.6481143807554685;3.923364177832776
-0.9798544198887187;0.016914172580695185;3.923364177832776
0.8401782240159913;0.6076096161622326;4.0347830785500225
-0.9715410636370461;0.0013716505216773561;4.0347830785500225
0.6518070358813163;0.6496631596615575;4.89812653536793
-0.9974281137837917;0.004562320177227845;4.89812653536793
0.8457782423266779;0.8222032333620709;2.674689468768922
-0.9465886890032433;0.037411368957749394;2.674689468768922
0.7160317690412067;0.6957145363963043;4.079373687778812
-0.9887514217721841;0.022073878270613;4.079373687778812
0.6003006004379305;0.6099060814367785;5.452195861242279
-0.9999508908008685;0.03601554806017179;5.452195861242279
0.6694997367838805;0.86787313745985;3.623000008374964
-0.9624307960693714;0.01836291851187985;3.623000008374964
0.743589352335757;0.7081581738141923;3.785243612945222
-0.9839717946310771;0.02838291779295652;3.785243612945222
0.8294664723699369;0.8625554089005195;2.6492713320583556
-0.9410160320047086;0.03521854782336056;2.6492713320583556
0.7924483676785864;0.7117211282434711;3.469302955539181
-0.9755449974969623;0.032149813650676505;3.469302955539181
0.7602215593075509;0.8126053818159623;3.044386184173844
-0.9651845057776767;0.03825878000535112;3.044386184173844
0.7782575855833861;0.8254915274927329;2.898505216386874
-0.9595305755686081;0.03887744944142347;2.898505216386874
0.8119797666913352;0.8159013053993637;2.7716128173470778
-0.9552574462746992;0.03960363367661735;2.7716128173470778
0.8426730550617604;0.6304979743802978;3.90627791411495
-0.9705327135111422;0.009448073682513769;3.90627791411495
0.6065948989478984;0.6012619114830893;5.465340996222341
-0.9999774576977194;0.03690236094032909;5.465340996222341
0.8205247537594128;0.6139115441249399;4.044034439934087
-0.9758832222708045;0.004949821073151263;4.044034439934087
0.642453326822867;0.6403628567722838;5.02273261464399
-0.9982857484280133;0.010304971727088746;5.02273261464399
0.7076317415751768;0.851088341433269;3.3358413637036497
-0.9633726507020155;0.028858086205162822;3.3358413637036497
0.6131943755674405;0.6138199906920676;5.362337563654086
-0.9998174748150771;0.029559337185540296;5.362337563654086
0.6035965240213319;0.738691243677091;4.532816608093003
-0.9904220653901148;0.0023330889783651013;4.532816608093003
0.680921027534695;0.6786398211656278;4.477864912611546
-0.9936540043407864;0.011091905309896316;4.477864912611546
0.6183213678082871;0.6225633435313684;5.283312197740834
-0.9995777006986212;0.024490892453818913;5.283312197740834
0.825300791174249;0.8334261583416621;2.6849102873426554
-0.94873656704873;0.03824256190447519;2.6849102873426554
0.7098137650586324;0.6352129761732191;4.561307331632862
-0.9933725507158939;0.004711679805412386;4.561307331632862
0.6063354975547603;0.6105469554668843;5.417685182361963
-0.9999243144648512;0.033398395590228974;5.417685182361963
0.7475642972129609;0.8396746801351939;3.059692614122069
-0.9611646170192361;0.035676416829399364;3.059692614122069
0.5988128571537563;0.7756254243883086;4.319960383598421
-0.9846954735695322;0.0010703863828849317;4.319960383598421
0.7549267191064385;0.8498142228257967;2.9979043590759025
-0.957715309287261;0.03548694255375199;2.9979043590759025
0.6595967071281977;0.6545765272257021;4.804402420244818
-0.9967401424986433;0.0008610710829820498;4.804402420244818
0.7056938605793807;0.8414294542652455;3.3612204291533105
-0.9658664674524412;0.029389952386862643;3.3612204291533105
0.8750448230348438;0.6379900969703444;3.8494851847449194
-0.9621870090827056;0.00812106585599056;3.8494851847449194
0.8442904990425036;0.7686978813009743;2.9218152943011164
-0.956888493019412;0.0370585290595181;2.9218152943011164
0.7359370112381839;0.7152611943145318;3.785498685923087
-0.984243447071041;0.028715268281903884;3.785498685923087
0.7525463298517597;0.7597714215959289;3.360162891133314
-0.9758965959493445;0.036129810669049515;3.360162891133314
0.6738485248453129;0.6602833578747397;4.659991396596453
-0.9954664637115718;0.004565065229538277;4.659991396596453
0.6517612591648801;0.6671727536983773;4.774601251971672
-0.9964107534053425;0.00038219835554620385;4.774601251971672
0.7767240655827757;0.76437198159776;3.1830307995481695
-0.9712952666030348;0.03818887518173472;3.1830307995481695
0.6545460094147447;0.7619381861739057;4.062268142259224
-0.9855064360723602;0.017394434951092202;4.062268142259224
0.7641888747320155;0.7361811537258433;3.4505950781464065
-0.9775052203670419;0.03464471816727627;3.4505950781464065
0.7025123787870696;0.8709783247247674;3.3774721269986268
-0.9588994866864774;0.02545824112950968;3.3774721269986268
0.7384013244729956;0.6271181268167635;4.401037650854718
-0.9901041298589839;0.006317461097974139;4.401037650854718
0.6022613697919448;0.625645642438068;5.351531763722265
-0.9996686485243315;0.02950000787739207;5.351531763722265
0.6249742505970046;0.7452678319384151;4.367311133826195
-0.9891955636857428;0.006370376825198268;4.367311133826195
0.6563541897139719;0.6803335596737646;4.639692117452033
-0.9951969340354895;0.005045824246917949;4.639692117452033
0.6143464229310831;0.6047790891959319;5.404773645853412
-0.9998856767631693;0.032578454693654196;5.404773645853412
0.8658437030311815;0.735166436511509;3.134026550033644
-0.9565029365566442;0.0314612158165254;3.134026550033644
0.8512638188462741;0.7505474132340487;3.028100687889045
-0.9580081294931035;0.03492646253945246;3.028100687889045
0.7892821447917541;0.6813787946990563;3.7139496078100054
-0.9789985483103182;0.02581413723268643;3.7139496078100054
0.6102799246210069;0.7441005256692937;4.459132562287559
-0.9896189398681221;0.0008815417677398713;4.459132562287559
0.7570248186097611;0.8581913619336085;2.9804977001908646
-0.9553669356188965;0.03476689918078786;2.9804977001908646
0.6175584225343516;0.6031234979514919;5.395040813832756
-0.9998409854234843;0.032045286247010446;5.395040813832756
0.8307939971465846;0.8264986152543278;2.6873668286761148
-0.9490595368668918;0.038349553129339256;2.6873668286761148
0.772237947372035;0.7121788954078324;3.5721935007976104
-0.979096562461506;0.03151672202209366;3.5721935007976104
0.7290933921309825;0.6711171807646238;4.167595994190297
-0.989197393153774;0.018361471866450707;4.167595994190297
0.615956237459087;0.7565975692563572;4.3436238801084714
-0.98768772391608;0.004244122475327315;4.3436238801084714
0.8383776731695035;0.700070953910476;3.412157069352947
-0.9671331922327637;0.028541339949732566;3.412157069352947
0.6206330919883116;0.6188554295000419;5.2909296069537355
-0.9996094504310309;0.024985843111287792;5.2909296069537355
0.7983001579296717;0.7832319887694456;2.966549139949167
-0.9642077906121849;0.03971594433630795;2.966549139949167
0.7019554287370967;0.6899466701253519;4.228798513644596
-0.9907999255999693;0.018275526629375365;4.228798513644596
0.7174966239671628;0.6163834868124909;4.616985724461034
-0.9929877636293838;0.0005218309719544553;4.616985724461034
0.8279100640111084;0.8171220178376605;2.720536064646244
-0.9516647267974141;0.038927864832062675;2.720536064646244
0.6813635357935776;0.8578480365603375;3.531761193754142
-0.9641071708620712;0.022578994026712106;3.531761193754142
0.7816984687688352;0.7329004890479206;3.3670531044204064
-0.9749798871403538;0.03516270958458648;3.3670531044204064
0.865790296862006;0.7817137276743139;2.8364127414235614
-0.9494881962351329;0.03533724908323998;2.8364127414235614
0.8569630200425723;0.7391947875578885;3.102215502511185
-0.9581963236396923;0.0330579404874992;3.102215502511185
0.863554867209375;0.6757177407664549;3.5743941510955897
-0.9631008265973552;0.02051469889380459;3.5743941510955897
0.6351366816458256;0.6361971755765959;5.0961350174580184
-0.998728398213186;0.014011279027834417;5.0961350174580184
0.699575039482418;0.882979453883773;3.4163862375320857
-0.9560010382419877;0.023029237538192887;3.4163862375320857
0.8507297571545193;0.7349528118348071;3.134968998369959
-0.9602718704072577;0.0331953550508455;3.134968998369959
0.7822935660825049;0.6451770414508168;4.01026156176974
-0.9825186486008172;0.015716333704003268;4.01026156176974
0.8041061714643208;0.6590550159837035;3.8115348497175043
-0.9776794610844181;0.020117650836551523;3.8115348497175043
0.7349146645711103;0.7254159959106133;3.724591899569691
-0.983177535470864;0.030201125446103268;3.724591899569691
0.7750837332438144;0.7702237718488453;3.1560203164595118
-0.9706248660582882;0.038492555888024985;3.1560203164595118
0.7860014801138314;0.7444667394007828;3.272087276457112
-0.9726474507261067;0.036720098408215975;3.272087276457112
0.7798292528476932;0.8313890944602543;2.875617730781322
-0.9579691187966073;0.03860786570828295;2.875617730781322
0.8001617443980743;0.7494182542286242;3.1694167384434495
-0.9692862827330607;0.0374414608334696;3.1694167384434495
0.727063957702314;0.6216783270136033;4.516770990206504
-0.9917268131393501;0.0028817146772827304;4.516770990206504
0.6325045204507481;0.6166734060165864;5.230898590648604
-0.9993329494182615;0.021663375730993265;5.230898590648604
0.6616566593678236;0.6763815031547787;4.632932929455472
-0.9951937483353843;0.005579587340457617;4.632932929455472
0.6253786115921905;0.6104248842230546;5.310080383887341
-0.9996236947518815;0.026431353811313313;5.310080383887341
0.7263849364085114;0.8856268739843292;3.2214644455199077
-0.9523926024740266;0.02724886086409292;3.2214644455199077
0.8014282335528072;0.845373881331492;2.7483726925606247
-0.9508577210549705;0.03793917104183432;2.7483726925606247
0.7117440166016892;0.8089279855955932;3.3986995541665386
-0.9723214549704655;0.032131172467601964;3.3986995541665386
0.7593975784117005;0.7587643338343341;3.3208130704584464
-0.9750106832637916;0.03665106319703974;3.3208130704584464
0.7316492587986664;0.8652104584538151;3.1571876835228263
-0.9571127701656374;0.031075772285471582;3.1571876835228263
0.6081665662122056;0.6111039055168572;5.406262917789051
-0.9999050097511466;0.03248180082980054;5.406262917789051
0.6874213212686254;0.875113488109498;3.4963588817339937
-0.9591910947256829;0.021684004999122264;3.4963588817339937
0.7226312456607488;0.8351961913771925;3.243379663851233
-0.9654337126756154;0.03277530396453264;3.243379663851233
0.7461223306452228;0.7304132874548909;3.6041344827132105
-0.9810030792537469;0.032254886182061654;3.6041344827132105
0.8137497997268656;0.6331759122918114;3.9560484102485054
-0.9768767278849003;0.011980666767801667;3.9560484102485054
0.7130257646619008;0.625409129403148;4.596974663815679
-0.9933122396109916;0.0019535102915861913;4.596974663815679
0.6791128472354678;0.7281625988967811;4.116043902025755
-0.9887218336064888;0.020225684099219904;4.116043902025755
0.8347842009292673;0.7228219819792326;3.24274403255765
-0.9655045832219192;0.03283361290009847;3.24274403255765
0.7457484874609944;0.8273454845083962;3.096852049730778
-0.9641925193304229;0.03630899786423119;3.096852049730778
0.7847502498645772;0.797941573650922;2.9597301532501494
-0.9640069636424318;0.0397632080017726;2.9597301532501494
0.683995696988655;0.7199151604855384;4.140152617081313
-0.9893397659496517;0.020129420162794977;4.140152617081313
0.8725728803472926;0.7525692182099778;3.016635464444687
-0.9523842794785928;0.03248349797688485;3.016635464444687
0.6784796026581014;0.7036033905287974;4.3029126907479895
-0.9915892149608002;0.015940486712323516;4.3029126907479895
0.7798750295641294;0.761213388163667;3.1857634099622363
-0.9712490150639621;0.03809058430721297;3.1857634099622363
0.6226548969642407;0.624531742338122;5.246204347284397
-0.9994426300190875;0.0222403950176593;5.246204347284397
0.8780050506977135;0.7921584484744909;2.7958675664964723
-0.9444940999855244;0.033853722135319946;2.7958675664964723
0.7875655179253992;0.8610524067108666;2.8048800325880197
-0.949647333426251;0.036117987290347375;2.8048800325880197
0.7332285555157129;0.6182832205445903;4.491572714921446
-0.9909986944307092;0.0025205862658357336;4.491572714921446
0.658528583744688;0.8773107704984322;3.712250551614678
-0.9606324308612754;0.014008883147655003;3.712250551614678
0.6089142525806623;0.6245927779600369;5.323036724769156
-0.9996579242078382;0.027281456410583854;5.323036724769156
0.7323206506397296;0.7580853125405315;3.5097911026776405
-0.9789743271759658;0.033662664645345536;3.5097911026776405
0.6343889952773688;0.8009246896720098;3.994759195466107
-0.9794376809419979;0.012572140063771099;3.994759195466107
0.8761205758710928;0.8022445849959182;2.7490895619229816
-0.9431096528123099;0.034200619767249314;2.7490895619229816
0.6114090836264314;0.796285982406482;4.15187570759889
-0.9808564336786334;0.00441967233469269;4.15187570759889
0.664632145936172;0.8191361933608502;3.721190568736084
-0.9742386422585539;0.021309350189810325;3.721190568736084
0.7243783903380611;0.834776571476528;3.2312839257702413
-0.9653205938129622;0.03307196222847529;3.2312839257702413
0.6959891966949211;0.7275522426776327;3.993067388056886
-0.987339082172836;0.02393307525479156;3.993067388056886
0.7663632687627316;0.6278581837324809;4.211756972558812
-0.9858743093621082;0.009235765403791469;4.211756972558812
0.8097595959441829;0.7792494144395022;2.9412040371499604
-0.96265063580455;0.039474163485902755;2.9412040371499604
0.8619831999450679;0.6582997001625074;3.703013370643461
-0.9646238696126909;0.016079107950534424;3.703013370643461
0.8555363123803129;0.8482654439197076;2.6207721302348563
-0.938504837192362;0.03458616493042988;2.6207721302348563
0.6093415019340662;0.788786230363696;4.199423185100273
-0.9822948587384099;0.003523588485786225;4.199423185100273
0.6277055946776938;0.7734281419993744;4.171538400706963
-0.9846958569046181;0.00960857425702745;4.171538400706963
0.8487995056114624;0.8374087326716054;2.637202645958601
-0.942582292786129;0.03621919497198122;2.637202645958601
0.7531337977126901;0.8072189881819777;3.116798958644555
-0.9673500680289918;0.037751445292793416;3.116798958644555
0.6359682919944153;0.6873373972884925;4.725157318074017
-0.9955491649579304;0.0004007367190396044;4.725157318074017
0.6070068893958236;0.7820265352366275;4.247742833554579
-0.9835455008491094;0.0024306138237239275;4.247742833554579
0.6657155282251604;0.6555149499126428;4.7559656012562606
-0.9963066172218784;0.0010917509414061916;4.7559656012562606
0.6482364519992981;0.809805372660619;3.8663578303638
-0.9770938962536546;0.01687168016522504;3.8663578303638
0.7502117173135171;0.7530117264688604;3.420611752099208
-0.977274138452701;0.03531322905769367;3.420611752099208
0.6426593220468296;0.6435977447337703;4.996927057500258
-0.9981414387163055;0.009217754391126168;4.996927057500258
0.8475482753622082;0.7719480281679395;2.908532487289997
-0.9555930499633492;0.036952248386412916;2.908532487289997
0.7415751768125672;0.8288713750562672;3.1276767615566836
-0.9644350220217245;0.03575298373787758;3.1276767615566836
0.6556446506092118;0.673184762456989;4.699578693303994
-0.9957827493836257;0.003079428629173153;4.699578693303994
0.7703305841871962;0.8430163804350314;2.911209617802112
-0.9569207186999246;0.037269316779595614;2.911209617802112
0.7406825308420627;0.691968475101281;3.928662321243128
-0.9859744007464922;0.02481062748075461;3.928662321243128
0.6377154366717276;0.6652577610607991;4.877715428324121
-0.9971635156739957;0.004491750448996773;4.877715428324121
0.6936088074402423;0.6923423182855094;4.2745348606601326
-0.9913924030372848;0.017090737713573993;4.2745348606601326
0.6718190904166444;0.8307405909774092;3.6355211879763454
-0.9712225880830905;0.02262467048474326;3.6355211879763454
0.6417361582653677;0.6537906935935486;4.933019753536633
-0.997685010917882;0.006424604880460365;4.933019753536633
0.6319475704007752;0.632351931395961;5.14042121172438
-0.9989668866696363;0.01634749400086699;5.14042121172438
0.6302004257234629;0.7798216233949539;4.119599950019674
-0.983513474215283;0.01076093769309168;4.119599950019674
0.8829489360728155;0.650426104935493;3.7798860246928276
-0.9595398366691328;0.010747123919619819;3.7798860246928276
0.6915641141060952;0.6577198617543164;4.546837145337854
-0.9941593386530876;0.007998020911193206;4.546837145337854
0.6465427134911613;0.6421252603550748;4.98507273261779
-0.9980315590564938;0.008473572200608744;4.98507273261779
0.6863455684323764;0.8622502307909453;3.4973848621984405
-0.9626018787508205;0.023207578951514405;3.4973848621984405
0.8628911048210511;0.8380190888907538;2.632262722647877
-0.939053890698784;0.034599257814304535;2.632262722647877
0.8364169038154893;0.6441241769727858;3.82467614651387
-0.9714942316999567;0.014376536912081996;3.82467614651387
0.6761526195725981;0.651822294786795;4.7040449008721
-0.9957666003543476;0.0027051940390188864;4.7040449008721
0.7035499843596219;0.80849310678945;3.4623639961194197
-0.9732678155741616;0.03062526162003382;3.4623639961194197
0.8184113953506115;0.6857504711187067;3.5630759107244474
-0.9728471112300281;0.026608065671646003;3.5630759107244474
0.7314585224801825;0.8815527462215136;3.1768482320822677
-0.9528701428796907;0.028651215443129763;3.1768482320822677
0.6508075775724608;0.6658147111107721;4.791739739146988
-0.9965494737267702;0.00026407066408289104;4.791739739146988
0.8227296656010864;0.7947219445949142;2.821308982695991
-0.9571811941961036;0.03945550443280364;2.821308982695991
0.8447940429233011;0.7557583294550282;2.999020722586727
-0.9587811943763679;0.03603616830597564;2.999020722586727
0.6899771879363094;0.6847357539043725;4.360854938383251
-0.9923910743897323;0.01460913439760441;4.360854938383251
0.6328936225404552;0.6265077705976151;5.170596101172287
-0.9991080718516446;0.01802409505066163;5.170596101172287
0.7295053825789076;0.6693395182763541;4.177906631260676
-0.9892681947112677;0.017958347430398598;4.177906631260676
0.8534763601406871;0.7783033622998222;2.857552440957711
-0.953113602701916;0.03666953481861077;2.857552440957711
0.6979881133126321;0.7013832197816451;4.172146932813842
-0.9901091258449812;0.01986830563384829;4.172146932813842
0.6164140046234483;0.7300775915343592;4.53406520447083
-0.9914420300170584;0.0014070390959648182;4.53406520447083
0.7490291521389171;0.7522640401004036;3.4362567214707385
-0.9775586264164695;0.03512325080078646;3.4362567214707385
0.7822401599133294;0.8544681889968032;2.833218995767572
-0.9521975382552359;0.036717804467504424;2.833218995767572
0.6919837340067597;0.7147729093392131;4.11661090707373
-0.9892413784236781;0.021068829298375565;4.11661090707373
0.6745580639500729;0.7413920699468227;4.054843789789912
-0.9873059467161782;0.02082943121492787;4.054843789789912
0.7179238733205667;0.8462894156602147;3.2638824236980692
-0.9634041683551012;0.031120799427137504;3.2638824236980692
0.7268961097420482;0.8788671788572606;3.205019891797174
-0.954149641367025;0.028435789328250215;3.205019891797174
0.7408427493495892;0.6737569714124406;4.064046577003042
-0.987441143563142;0.02056311742852512;4.064046577003042
0.6398669423442257;0.7970947043968536;3.9728552487575994
-0.9799851624428444;0.014348963103270794;3.9728552487575994
0.8338305193368479;0.7214639393916275;3.254909890880879
-0.9658805562654791;0.032687583145517195;3.254909890880879
0.6950660329134591;0.874815939452663;3.437822295771361
-0.9586006869915094;0.02339143775529623;3.437822295771361
0.6500141144875679;0.8729085762678243;3.767936814740724
-0.9622410852704242;0.012188573653650451;3.767936814740724
0.7250879294428211;0.6689275278284289;4.213186395414727
-0.9898528363125142;0.017208188723668957;4.213186395414727
0.6671269769819411;0.6597569256357242;4.71315673366381
-0.99596968301568;0.0026766398468985875;4.71315673366381
0.6375552181642011;0.7025352671452877;4.607350583596229
-0.9940557993740348;0.004112318703879257;4.607350583596229
0.6392336977668592;0.7266519672543889;4.410350975359333
-0.9912485171983081;0.008774262158631179;4.410350975359333
0.6365405009498669;0.6413623150811393;5.055928368917784
-0.9984781345542088;0.011884922906136214;5.055928368917784
0.8104157288797674;0.8508594578510883;2.709625495266259
-0.9478086687814421;0.03730482813899656;2.709625495266259
0.6306734517933029;0.6426440631413509;5.081783061565997
-0.998621262949393;0.013432370792258091;5.081783061565997
0.6243486354723775;0.6325274088089662;5.186167366760149
-0.9991748963987386;0.018900470660654874;5.186167366760149
0.7618237443828154;0.8532703649167245;2.9513996251749974
-0.9558384161350797;0.0357048417286904;2.9513996251749974
0.7202890036697668;0.820120392764227;3.2981826365919877
-0.9690285386660897;0.03324132685905479;3.2981826365919877
0.7478542164170564;0.6197328165650677;4.380223397021746
-0.9889365286878101;0.004784559830957283;4.380223397021746
0.8397967513790235;0.7896483585232431;2.810277897043573
-0.9543407500790178;0.03830906209841289;2.810277897043573
0.698178849631116;0.7319162896445438;3.9436939521845726
-0.986570494380752;0.02499706172179145;3.9436939521845726
0.8181519939574734;0.6833395640530705;3.5855644584169806
-0.973100524940985;0.02606084780004021;3.5855644584169806
0.6226091202478046;0.6313906203508023;5.2038394438462685
-0.9992520082032468;0.01989664712494517;5.2038394438462685
0.7913192086731619;0.8738317400492862;2.7948942800158862
-0.9457344753916118;0.034473518023234534;2.7948942800158862
0.6369143441340953;0.7759077141396648;4.099150036194669
-0.9839766652889185;0.012822630612811588;4.099150036194669
0.7032829535137445;0.6519825132943214;4.497626029900332
-0.9933375183183986;0.00873663654830975;4.497626029900332
0.8803472926886955;0.7257135445674482;3.2189406101271096
-0.9538973147067689;0.028025835096864602;3.2189406101271096
0.6611225976760687;0.6831411982818473;4.585508730480479
-0.994689933114554;0.00705708758475438;4.585508730480479
0.7609692456760077;0.6243486354723775;4.2664032265278395
-0.9868354438039826;0.007623198356484423;4.2664032265278395
0.7994598347460536;0.6975761228647069;3.545015687611312
-0.9756487323641587;0.02950905761407282;3.545015687611312
