200
2
0.6142243516872534;0.5996368380496067;5.436071022502373
-0.999898773090027;0.034657988172780874;5.436071022502373
0.8596333285013465;0.859427333277384;2.6140108834386147
-0.9348623280518191;0.03291225819138924;2.6140108834386147
0.597279337153146;0.767896788763342;4.3789723360916994
-0.9860005497324412;0.002126283316773364;4.3789723360916994
0.6958289781873946;0.8863821898055253;3.451055458359324
-0.9554250338880204;0.021686515498919905;3.451055458359324
0.7813780317537823;0.5951278314806479;4.305475740497671
-0.9836738754871941;0.0023193831351849756;4.305475740497671
0.8934699514003861;0.7236001861586469;3.2594377917557535
-0.9505630277076283;0.025426436630216057;3.2594377917557535
0.6295748105988358;0.6277971481105661;5.183805791150089
-0.9991766636949735;0.018698567381277023;5.183805791150089
0.650296404238924;0.6330156937842849;5.015915729928569
-0.9981917546913507;0.010294925106139385;5.015915729928569
0.6417666760763251;0.6339007103020501;5.067109646158007
-0.9985541894977991;0.012626758838098141;5.067109646158007
0.8376452457065254;0.8367602291887603;2.6528963961981584
-0.9452882850496485;0.03723152102568516;2.6528963961981584
0.6586888022522145;0.6470157395610013;4.864209886281362
-0.9971765657708125;0.0033730385509811306;4.864209886281362
0.6335573849287791;0.6316729101021584;5.138447831895225
-0.9989359308646792;0.016037153305222665;5.138447831895225
0.8270021591351252;0.7315195581020973;3.19868686018462
-0.9661717290674416;0.03458131247950936;3.19868686018462
0.6563847075249293;0.6550190354845847;4.829323923302777
-0.9969016450850553;0.0016448323045202273;4.829323923302777
0.6899466701253519;0.643269678265978;4.658359274988649
-0.9950310520083224;0.003323870832651843;4.658359274988649
0.8473880568546818;0.7908767004142793;2.7947855953052585
-0.9523550303068232;0.03767113747220665;2.7947855953052585
0.6434146378680258;0.6502887747861846;4.951751536844255
-0.9977955375788192;0.00693242658902328;4.951751536844255
0.8050064468875647;0.7044502597828658;3.4685319637474303
-0.9738784770457819;0.03084518263400016;3.4685319637474303
0.7038170152054993;0.7458095230829093;3.8056340916064846
-0.9841084300761139;0.027812225647519104;3.8056340916064846
0.8874884604527318;0.6530277483196131;3.7712257204901207
-0.9581693151332875;0.010744926523607794;3.7712257204901207
0.6784033081307078;0.668713903151727;4.566019087607745
-0.994580399705823;0.00797820530079027;4.566019087607745
0.8205552715703702;0.700757604657018;3.4427759736440304
-0.9710295667534191;0.029728427777255588;3.4427759736440304
0.6400042724935341;0.648770513691053;4.985193411835855
-0.9980125252370394;0.008468990349591303;4.985193411835855
0.6069992599430842;0.6129807508907386;5.404777183871847
-0.9998912611457786;0.032225485199909185;5.404777183871847
0.6918921805738875;0.6585133248392093;4.538447387994256
-0.994083580334254;0.008294220130875926;4.538447387994256
0.8702993034309648;0.7108971473476208;3.3137768014759748
-0.9582180231167328;0.027118689586329535;3.3137768014759748
0.8318239732663976;0.7075630765005226;3.364681318137011
-0.9678713678348259;0.030442649899491386;3.364681318137011
0.7268350741201334;0.6837973312174318;4.090482116536281
-0.9885119332424014;0.021143833388802366;4.090482116536281
0.7007728635624967;0.6632741033485668;4.437173674122148
-0.9929456087671633;0.011460004579274707;4.437173674122148
0.8146653340555882;0.5993240304872931;4.140011500755708
-0.9772225817000382;0.0004859167628268671;4.140011500755708
0.7220514072525578;0.6414614979667509;4.427420583618829
-0.9917266134963864;0.008789560261746855;4.427420583618829
0.6160325319864806;0.816961799330134;4.044152872462599
-0.9766130817709329;0.005868268076178955;4.044152872462599
0.6303148675145532;0.8809423900023652;3.90675578385701
-0.9608626455969296;0.004655285314101393;3.90675578385701
0.6777395457423839;0.6610310442431965;4.626534133371688
-0.9951277952170774;0.005740010660584938;4.626534133371688
0.7353953200936897;0.6854834402728293;4.0168902102327175
-0.9872621661376783;0.022712192882456513;4.0168902102327175
0.6949515911223688;0.6346865439342037;4.679810474316479
-0.9949035506984181;0.0016362930358600203;4.679810474316479
0.7467174279588925;0.601857008796759;4.485188986720564
-0.9892930062462171;0.0020996774462834836;4.485188986720564
0.744878729848708;0.7350062180039826;3.5780853180152494
-0.9805827289755472;0.03273745387876244;3.5780853180152494
0.6246919608456485;0.8421542522754842;3.941825956852197
-0.9708103077343273;0.007490110422951182;3.941825956852197
0.6029632794439654;0.8095001945510448;4.147522417330979
-0.9782895823811506;0.001086277056015432;4.147522417330979
0.6153458812399386;0.7587185571178979;4.337461884656995
-0.9873669374004386;0.004198698898516873;4.337461884656995
0.7388590916373569;0.8849020759740904;3.1295338864434683
-0.9510149273216538;0.02905342681988066;3.1295338864434683
0.8785848891059045;0.6803717069374614;3.553558935849975
-0.9588366274011316;0.01951348670315608;3.553558935849975
0.7164666478473499;0.6973243509243082;4.0654581039786075
-0.9885478264670547;0.022479890165026738;4.0654581039786075
0.6722005630536122;0.652165620160066;4.731130866728402
-0.9960407718769293;0.0018123000535283373;4.731130866728402
0.710859000083924;0.7643567226922813;3.6303414576142217
-0.9805404055205206;0.030783438916727197;3.6303414576142217
0.6224107544765813;0.6315660977638075;5.204199542359335
-0.9992509504556578;0.019907919548088363;5.204199542359335
0.609379649197763;0.6142167222345141;5.381074167241409
-0.9998549640136525;0.03085154443725563;5.381074167241409
0.6179170068131012;0.6151932921851515;5.332319046366384
-0.9997241104342455;0.027307735661263016;5.332319046366384
0.7376765264627568;0.6183900328829413;4.460019078511089
-0.9903998687003657;0.0031336044899933774;4.460019078511089
0.8630513233285776;0.8146271867918914;2.6909019407721706
-0.9439987716954484;0.0358105760330703;2.6909019407721706
0.7136132325228312;0.8106522419146874;3.3791480003474996
-0.9717651034793793;0.03242385614703654;3.3791480003474996
0.8576267824308962;0.7763349634930686;2.864670234514295
-0.9524355967881035;0.03611911999378777;2.864670234514295
0.759428096222658;0.6937156197785933;3.7913802986654135
-0.9830454070053098;0.027057551144833547;3.7913802986654135
0.797125222207811;0.6065872694951591;4.172635202280756
-0.9807370749942653;0.002583251331307296;4.172635202280756
0.8543384883002342;0.8048767461909957;2.7305839522465805
-0.9480658909885324;0.03702354603583394;2.7305839522465805
0.6884818151993958;0.8782797109963303;3.494051549552734
-0.9582617483462686;0.021435981305109295;3.494051549552734
0.85663495357478;0.8207536373415935;2.675267212214614
-0.9443137234370914;0.03636176857067614;2.675267212214614
0.6326189622418384;0.6359377741834579;5.117265090738135
-0.998822933131792;0.01493282574087719;5.117265090738135
0.599644467502346;0.82256944709356;4.125080036850944
-0.975535583306472;0.0006517193445274919;4.125080036850944
0.6604893530987023;0.6565678143906738;4.785986555901056
-0.9965764340802713;3.6012467486787325e-5;4.785986555901056
0.7627621670697561;0.8351961913771925;2.9667991606728905
-0.9599209076933067;0.03737457191119929;2.9667991606728905
0.8760900580601354;0.7717344034912376;2.9024240587523487
-0.9485135416945804;0.033411359118409076;2.9024240587523487
0.7942946952415103;0.6012161347666531;4.211617965376306
-0.9813010813719095;0.0004524244205033334;4.211617965376306
0.7828428866797384;0.6909995346033829;3.675138082209247
-0.9793597685044648;0.027824532005836584;3.675138082209247
0.8105072823126397;0.6083496730779501;4.112147923367584
-0.9780529038701542;0.0031597492090738657;4.112147923367584
0.8681401683057274;0.8410250932700597;2.6305852783726813
-0.9370710966551021;0.033673859185450065;2.6305852783726813
0.6209535290033645;0.6091965423320185;5.351641454915366
-0.9997382208858535;0.028463598234406265;5.351641454915366
0.756399203485134;0.8388583286920829;3.000900475340279
-0.9600623909893189;0.036589000834527305;3.000900475340279
0.60764013397319;0.7479076225862319;4.447233785803166
-0.9890924057225415;0.00028406615752925995;4.447233785803166
0.8062729360422977;0.7111946960044556;3.4132410988770143
-0.9729171083237692;0.03207426825566819;3.4132410988770143
0.8077530498737325;0.807569943007988;2.819662509318997
-0.9577932816193082;0.039882586180511236;2.819662509318997
0.6878027939055932;0.6394702108017792;4.698739197356705
-0.9953771045488158;0.001641973724583988;4.698739197356705
0.6307344874152178;0.7537670422900565;4.274440391804021
-0.9877808120429099;0.00921169987080149;4.274440391804021
0.6536381045387615;0.648083862944511;4.8973525113880845
-0.9974088108740549;0.00450031714086864;4.8973525113880845
0.8233857985366709;0.6993003791838012;3.4458383351406563
-0.9705611300576009;0.029312690794276015;3.4458383351406563
0.8806143235345729;0.7548199067680875;3.012572625598365
-0.9499396705842418;0.03146009001661891;3.012572625598365
0.634350848013672;0.6385775648312747;5.089112412061581
-0.9986667848881864;0.01349684412959093;5.089112412061581
0.8140931251001365;0.7569103768186708;3.059336269007491
-0.9653849297133991;0.03794466819900296;3.059336269007491
0.6997505168954231;0.6406069992599431;4.602149521936226
-0.9942172379038653;0.004543912452345367;4.602149521936226
0.750638966666921;0.8020004425082589;3.146133186515401
-0.9687505422953341;0.03755948661806181;3.146133186515401
0.6961341562969688;0.7333429973068032;3.9488975744500077
-0.9865797992892985;0.02476873050381665;3.9488975744500077
0.7278955680509037;0.818228288484867;3.249305190059953
-0.9685158496554701;0.03446868039221061;3.249305190059953
0.8346392413272196;0.681500865942886;3.5565412935368785
-0.9696219920447289;0.024758078187988756;3.5565412935368785
0.6169480663152032;0.6107453212381075;5.362610957256985
-0.9997986708292708;0.029325343859010394;5.362610957256985
0.6489917678204943;0.7835676846899772;3.982875702782853
-0.982113257192309;0.016926492827572474;3.982875702782853
0.7417125069618756;0.7787763883696622;3.3216387909700957
-0.9743139313394575;0.03615212646469519;3.3216387909700957
0.6365099831389095;0.6536991401606763;4.9696027910707485
-0.9978939326172719;0.008132927202965108;4.9696027910707485
0.6052215974548145;0.8126740468906165;4.124030771922351
-0.9776253523458461;0.0019007424373601312;4.124030771922351
0.7524089997024513;0.8609608532779943;3.0110381702850484
-0.9553623990232853;0.03401887105829758;3.0110381702850484
0.6471072929938736;0.6658452289217295;4.816507956372626
-0.9967280190224612;0.0013736824587243998;4.816507956372626
0.7866957603131127;0.6068924476047333;4.218594477883205
-0.9826999874581127;0.0025324704142631604;4.218594477883205
0.7181374979972687;0.6561939712064454;4.356611489350675
-0.9914793924872926;0.012618356848480144;4.356611489350675
0.8090500568394229;0.8545750013351542;2.7136438112488976
-0.9471903727722659;0.03693966570047115;2.7136438112488976
0.6467563381678633;0.8724050323870268;3.7875713364813395
-0.9625249140630965;0.011273891393311315;3.7875713364813395
0.8438785085945785;0.728589848250185;3.186333934753508
-0.9627071280348601;0.03297526671058391;3.186333934753508
0.7220666661580365;0.6965919234613301;4.033404632011855
-0.9879579574455467;0.023233165182849656;4.033404632011855
0.8839102471179743;0.7963546474811362;2.7880821471748254
-0.942160074850685;0.03294578183361371;2.7880821471748254
0.8726262865164681;0.7809507824003784;2.8490933646732355
-0.9478735811132333;0.03436254981567016;2.8490933646732355
0.6848654546009415;0.6586811727994751;4.589936959885673
-0.9946913283535072;0.0067730255344203155;4.589936959885673
0.6934028122162798;0.6743978454425464;4.411469870772031
-0.9928957926690233;0.012861138327127819;4.411469870772031
0.7926238450915916;0.7681409312510014;3.077321293805232
-0.9678408085277;0.03893059207721374;3.077321293805232
0.7344187501430522;0.638325792890876;4.364025569404738
-0.9902789247185977;0.009560550422836652;4.364025569404738
0.6608860846411487;0.6603520229493939;4.760283751990679
-0.9963320026093057;0.0011457610592037343;4.760283751990679
0.8411013877974532;0.843481777052132;2.6383454364824166
-0.9429833739924101;0.036420010985512064;2.6383454364824166
0.7483425013923751;0.6995826689351573;3.820193514588728
-0.9841656005617457;0.02724786245941701;3.820193514588728
0.7444896277590008;0.8232942451037987;3.1165897382833965
-0.9652493799473311;0.03637597671870987;3.1165897382833965
0.8123383509700849;0.746900534824637;3.1330225015838273
-0.9672157736801525;0.037028211893429426;3.1330225015838273
0.637272928412845;0.6360674748800269;5.0851402238570875
-0.9986558372287822;0.013353972619541701;5.0851402238570875
0.6000717168557499;0.8092407931579068;4.162393408008438
-0.9783470086267574;5.671065919467255e-5;4.162393408008438
0.6770681539013207;0.7956298494708974;3.7187927122772484
-0.978137261928873;0.024868662999123603;3.7187927122772484
0.7551327143304011;0.715093346354266;3.6581603171513746
-0.9815166331801065;0.030777786843325966;3.6581603171513746
0.8515461085976302;0.676923194299273;3.5671656175915603
-0.9659952989567044;0.02219509858694679;3.5671656175915603
0.7193353220773474;0.7254541431743101;3.8319737699095713
-0.9851219576834234;0.027936124965758462;3.8319737699095713
0.761556713536938;0.6191758665150948;4.29339501609567
-0.9868530434592608;0.005824746475352138;4.29339501609567
0.7791044548374545;0.6896643803739958;3.7033988073900166
-0.9801407909267768;0.027389427234105736;3.7033988073900166
0.777998184190248;0.7895110283739347;3.034947766907539
-0.9667659097128682;0.03940590157530135;3.034947766907539
0.6631749204629552;0.8672780401461803;3.668893210468174
-0.9629880170072341;0.016752562923770333;3.668893210468174
0.628483798857108;0.6233873244272188;5.219038506740739
-0.9993210836974383;0.020609844427465468;5.219038506740739
0.6235170251237878;0.6259355616421635;5.23574446075122
-0.9993873358411933;0.021444669121986837;5.23574446075122
0.6619999847410946;0.6524936866278582;4.803804309877584
-0.9967056457103997;0.0008021166960986426;4.803804309877584
0.7145287668515538;0.6375170709005044;4.509407072986421
-0.992764121421217;0.006293966055332202;4.509407072986421
0.7856810430987785;0.8580387728788214;2.8136289044262917
-0.9507247133680531;0.036426468315981564;2.8136289044262917
0.8862067123925201;0.6701940169831618;3.6428908124733876
-0.9575084421308308;0.01571880951150564;3.6428908124733876
0.8256593754529987;0.7192819159081719;3.2908083499622593
-0.9679496915491315;0.03282618735190662;3.2908083499622593
0.601406871085137;0.7731763700589757;4.327055332186624
-0.9851158630984282;0.00015873797540841283;4.327055332186624
0.8164811438075547;0.8438403613308817;2.6965616463781874
-0.9482272372418263;0.03780639461717245;2.6965616463781874
0.8611668485019569;0.7506542255723997;3.0224174124998515
-0.9555650775775849;0.033823611190479046;3.0224174124998515
0.8603657559643246;0.7437724592015015;3.0690981785731912
-0.9567334782416621;0.0331944391626088;3.0690981785731912
0.7981628277803633;0.8193879653012489;2.8169723682510965
-0.9572412850521351;0.03962073159971297;2.8169723682510965
0.7694150498584736;0.7619458156266451;3.2387678042992167
-0.9729097522447503;0.03761643987651906;3.2387678042992167
0.790075607876647;0.7742216050842673;3.054601553641916
-0.9673054571348104;0.03923698079655046;3.054601553641916
0.8822470264207949;0.7556972938331133;3.009692347884627
-0.9493739462104096;0.03127269687122758;3.009692347884627
0.8660191804441867;0.7303903990966728;3.1664804802098496
-0.9570650373065152;0.030795971275557436;3.1664804802098496
0.7753812819006493;0.706990867545071;3.592787039125682
-0.9791182865595865;0.030743219999126173;3.592787039125682
0.6451465236398594;0.6529285654340015;4.921836081501846
-0.9975831045884336;0.005609606006121447;4.921836081501846
0.6203813200479129;0.6166810354693257;5.304957012869944
-0.9996532325621188;0.025868712944328937;5.304957012869944
0.8396517917769758;0.8011612027069298;2.7564102146167198
-0.952229306151843;0.03842638701714878;2.7564102146167198
0.7324732396945167;0.8462665273019966;3.1561714449151896
-0.9616562882773052;0.03329954509405942;3.1561714449151896
0.651112755682035;0.8118805838057236;3.8440965491940604
-0.9765269330927013;0.017691440207837764;3.8440965491940604
0.6807302912162111;0.8569553905898329;3.5412179798078984
-0.9643782109191013;0.02253082004938976;3.5412179798078984
0.7802641316538365;0.807806456042908;2.9442623487554904
-0.9628676226167355;0.03954955474467305;2.9442623487554904
0.6269502788564977;0.8453281046150559;3.9237338459100997
-0.9700030159892935;0.00799915694416263;3.9237338459100997
0.8328539493862105;0.852400607304438;2.644577858391301
-0.9427411652365072;0.036174794363854415;2.644577858391301
0.6321764539829559;0.8741826948752965;3.896816712688595
-0.9626111517212262;0.0063321851833037165;3.896816712688595
0.6120575871092766;0.6132096344729192;5.372089189104055
-0.9998400728648049;0.030212991216927637;5.372089189104055
0.6422473315989045;0.6576283083214441;4.908482718146609
-0.99745032647951;0.005155602979079799;4.908482718146609
0.8647450618367144;0.8027252405184976;2.7375088555049403
-0.9459233529587215;0.03580065003187638;2.7375088555049403
0.8545978896933722;0.8003524807165582;2.7455592560274695
-0.9488727280756355;0.03701894619837483;2.7455592560274695
0.685391886839957;0.7629986801046761;3.830834004031481
-0.9832123379625313;0.02549588272389868;3.830834004031481
0.8221498271928954;0.7753278757314738;2.924541935476968
-0.9607460077769295;0.038900671439403275;2.924541935476968
0.7696210450824362;0.6203889495006523;4.238196931220047
-0.9855124649696728;0.006816989636637377;4.238196931220047
0.6739705960891426;0.7392024170106278;4.079371828988713
-0.9876523842042351;0.020420243252524346;4.079371828988713
0.7589626996055573;0.6665700269319682;3.995066800732543
-0.985259368521975;0.020512382263400575;3.995066800732543
0.6155289881056831;0.7379893340250704;4.476344699401901
-0.9904052235454746;0.0021251230760324993;4.476344699401901
0.7783109917525616;0.8251100548557652;2.898643843462234
-0.9596039101170738;0.03889907206638302;2.898643843462234
0.6549045936934944;0.7943862486743826;3.882581105974949
-0.9798064135336029;0.018915808864804182;3.882581105974949
0.6705220834509541;0.8063339716642125;3.7224843915895036
-0.9765068283045192;0.023195349929075255;3.7224843915895036
0.7810652241914687;0.7199990844656713;3.463883140384934
-0.9766839223675835;0.033241327778749864;3.463883140384934
0.7301691449672315;0.8241716321688245;3.2167977378008556
-0.9669596963219742;0.034539383883687526;3.2167977378008556
0.6830420153962357;0.6712011047447567;4.513627428971323
-0.9940350744123578;0.009731674418454475;4.513627428971323
0.6822409228586034;0.6597721845412029;4.601920742643034
-0.9948451901487997;0.006468959522460127;4.601920742643034
0.8524769018318316;0.7399119561153878;3.097807493334678
-0.9591958798204177;0.03363560175625324;3.097807493334678
0.6264238466174822;0.6130723043236108;5.289907007573174
-0.9995655419990247;0.025070644433956138;5.289907007573174
0.86810965049477;0.6999794004776038;3.394095350860918
-0.9598873620479562;0.025356955180660716;3.394095350860918
0.724462314318194;0.8544834479022819;3.2088679564803426
-0.9606680544658935;0.031325611946516015;3.2088679564803426
0.8341204385409434;0.7247064568058533;3.232046805182836
-0.9654296533921009;0.03316667802704488;3.232046805182836
0.775076103791075;0.7927001396189851;3.035934672436494
-0.9666754234610321;0.03932551143618443;3.035934672436494
0.8192430056992012;0.7773878279710996;2.919534835109833
-0.9610133594167544;0.039118396407795936;2.919534835109833
0.789602581806807;0.7222802908347384;3.403152933619034
-0.9748703372369201;0.03385154050218302;3.403152933619034
0.8000396731542446;0.6714833944961128;3.7376083706760443
-0.9776897647159692;0.023483480535799066;3.7376083706760443
0.7643033165231058;0.865660596165437;2.9387471496102977
-0.9523853315164472;0.03441443289994984;2.9387471496102977
0.6101807417353953;0.7769605786176957;4.265692811013962
-0.9844134012420197;0.0034378342542438975;4.265692811013962
0.8833380381625227;0.8127579708707494;2.719350482943133
-0.9391564511405163;0.032892005574483046;2.719350482943133
0.8749761579601895;0.696546146744894;3.428931555105577
-0.9584225501445651;0.02367587598419972;3.428931555105577
0.6532642613545331;0.6433688611515896;4.9337830763840005
-0.9976438103551567;0.006064690652780799;4.9337830763840005
0.8025116158417956;0.8329836500827795;2.7663436962119055
-0.953471096099443;0.03890577061308001;2.7663436962119055
0.6233262888053039;0.6231202935813414;5.25459074146034
-0.9994608135509278;0.022500030770057772;5.25459074146034
0.6705831190728689;0.8557575665097542;3.613289971070447
-0.965415254399373;0.020142364708003117;3.613289971070447
0.6522876914038956;0.796995521511242;3.89163459776778
-0.9794436044756666;0.01817204699821982;3.89163459776778
0.7551021965194437;0.8757696210450825;3.004183718950772
-0.951179212680764;0.03224315176930594;3.004183718950772
0.7931884245943038;0.8277727338618001;2.8158934840504903
-0.9563789121422517;0.03918227769433415;2.8158934840504903
0.7382334765127297;0.6567585507091577;4.206721864415846
-0.9888970838889991;0.01566678378135553;4.206721864415846
0.7768690251848235;0.7866270952384585;3.0554305506529604
-0.9674842218529675;0.03928612342233841;3.0554305506529604
0.793730115738798;0.8536518375536922;2.7776416249297755
-0.9503401496410108;0.03708216887846336;2.7776416249297755
0.8184419131615689;0.7705060616002014;2.961328618030068
-0.9623331358175766;0.03879000343661004;2.961328618030068
0.8721761488048462;0.7662030502552052;2.9300362767755628
-0.9504196501294998;0.03364836973164853;2.9300362767755628
0.6922660237581159;0.8507526455127373;3.4537940022790443
-0.9649345978526527;0.02581755933657157;3.4537940022790443
0.631169366221361;0.6227311914916343;5.207696465286045
-0.9992561585586753;0.01992801337207259;5.207696465286045
0.6358919974670217;0.8710469897994216;3.858322819027367
-0.9633125577934036;0.008020888745076879;3.858322819027367
0.7570477069679792;0.7096153992874091;3.6843932466960516
-0.9818273909779525;0.02998572447731693;3.6843932466960516
0.6750997550945671;0.770239030754324;3.86768505207879
-0.9828383180859418;0.023514213532120805;3.86768505207879
0.8006729177316111;0.7694913443858672;3.032574881132861
-0.9660898198641054;0.03906876911434473;3.032574881132861
0.6504184754827537;0.6535770689168466;4.87731672789776
-0.9972973961353286;0.0038143072238854617;4.87731672789776
0.7087380122223833;0.8621052711888976;3.325647570328556
-0.9605381638532191;0.027814184877431633;3.325647570328556
0.6355715604519688;0.742086350146104;4.322960412613431
-0.9893303949757105;0.009609297428399784;4.322960412613431
0.6970039139092553;0.6734975700193025;4.393498385815081
-0.9926215295017355;0.013388941458966637;4.393498385815081
0.668607090813376;0.8331896453067421;3.653160896736713
-0.9708899326075258;0.021634350859888227;3.653160896736713
0.7316645177041451;0.681157540569615;4.076405184676714
-0.9881102031480159;0.02120673169593018;4.076405184676714
0.7097298410784995;0.7614727895568051;3.6566254426572864
-0.9811233876597201;0.030366952463752806;3.6566254426572864
