200
2
0.5962646199388117;0.5990188523777189;5.528514566830196
-0.9999925421703806;0.04190152678824599;5.528514566830196
0.8597325113869582;0.8598164353670911;2.6140198468374036
-0.9347438179071749;0.03285402114338155;2.6140198468374036
0.6230363696012085;0.593777418345782;5.408792953015184
-0.9997153430990424;0.03384387966805073;5.408792953015184
0.6393481395579496;0.8943168206544545;3.8785134282285596
-0.9568723007233321;0.005295317078143416;3.8785134282285596
0.9020530857321605;0.6901526653493145;3.536892429516552
-0.951532168295308;0.017518730762684627;3.536892429516552
0.622273424327273;0.6155137292002044;5.300419967398535
-0.9996316772350099;0.025621919813969107;5.300419967398535
0.8945151864256777;0.6930747457484875;3.491807373634006
-0.9534187674305488;0.019633869538168792;3.491807373634006
0.6084412265108223;0.6048096070068893;5.43709195947331
-0.999952807801303;0.03479405321748308;5.43709195947331
0.7060677037636091;0.8703984863165765;3.349494872208836
-0.9586944676527714;0.026220776848093697;3.349494872208836
0.6045578350664906;0.8438556202363604;4.045895944214667
-0.9706948063546768;0.00012095526021294739;4.045895944214667
0.7964004241975723;0.7164056122254351;3.414885564256245
-0.9742749783093039;0.03299902138663825;3.414885564256245
0.6940207978881675;0.8411242761556713;3.4490494294813714
-0.9670641819539721;0.027077202630411447;3.4490494294813714
0.7632657109505535;0.5983779783476131;4.394633218829821
-0.9867592782328043;0.0020008476071638817;4.394633218829821
0.6616261415568662;0.6616414004623449;4.739476693804059
-0.9962084842290968;0.0017095732335383196;4.739476693804059
0.8462283800382998;0.8179841459972076;2.6863609456777136
-0.9473631818820243;0.03753950737178566;2.6863609456777136
0.6831869749982834;0.7106072281435253;4.214318848817956
-0.9904686977033677;0.018363649529764586;4.214318848817956
0.8851767362727072;0.7540264436831946;3.026177380228215
-0.9488306397195286;0.03063135571751522;3.026177380228215
0.78246904349551;0.6676686681264353;3.8492888737954933
-0.9812411782542364;0.02218108416860616;3.8492888737954933
0.8264909858015884;0.7449092476596654;3.1029649131946115
-0.9644971241382607;0.03626323667783596;3.1029649131946115
0.6316118744802436;0.874342913382823;3.8890997141694506
-0.9625861865459253;0.0061185704136968375;3.8890997141694506
0.6352358645314372;0.7032676946082658;4.60911720654515
-0.9940647919023882;0.0034956407568973377;4.60911720654515
0.6450625996597265;0.7304666936240664;4.3416719406954085
-0.9905191315207921;0.01115952128022834;4.3416719406954085
0.5972030426257524;0.6054504810369952;5.491240946586541
-0.9999812348190242;0.038976121248989;5.491240946586541
0.7316568882514057;0.613484294771536;4.52899056049576
-0.9912805555720872;0.0005411107796478645;4.52899056049576
0.8177400035095482;0.7279337153146005;3.2480433797698214
-0.9686142159479413;0.03449174288712417;3.2480433797698214
0.6281252145783583;0.6464511600582891;5.071024542726333
-0.9985267173650709;0.013118188111180547;5.071024542726333
0.7390650868613194;0.8800650029373394;3.1187311131130393
-0.952288016003774;0.029876531665425303;3.1187311131130393
0.7351816954169877;0.87934783437984;3.1451024224539834
-0.9529863947390702;0.029502508570213345;3.1451024224539834
0.8834295915953949;0.6696065491222315;3.641635598079767
-0.958305457626135;0.016037051214412585;3.641635598079767
0.7910292894690664;0.7128273988906776;3.466730951295911
-0.9756892782677103;0.032320463968405155;3.466730951295911
0.8579929961623852;0.8078217149483867;2.7146774496492263
-0.9466033470637942;0.03657563317137577;2.7146774496492263
0.7448176942267931;0.7647916014984245;3.3793773306656716
-0.9762230164182171;0.03571528180450655;3.3793773306656716
0.8531864409365916;0.6566593678235461;3.713701577323972
-0.9669032609477677;0.016624665667752992;3.713701577323972
0.718724965858199;0.7449245065651441;3.696744118744609
-0.9826037281752176;0.030361058848156222;3.696744118744609
0.6633732862341785;0.6739095604672277;4.637337398011141
-0.9952718149580411;0.005434342143984555;4.637337398011141
0.6371813749799727;0.8898612202546712;3.8812222446418896
-0.9581978571861091;0.005415056440929225;3.8812222446418896
0.6799215692258395;0.6992088257509289;4.3250486109852515
-0.9919179129463244;0.01542230965630851;4.3250486109852515
0.7045112954047806;0.7070824209779433;4.079548887807862
-0.9888677988068119;0.022248230803406766;4.079548887807862
0.7652722570210039;0.8720540775610165;2.9348933292057278
-0.9505978561836614;0.03360219377441582;2.9348933292057278
0.793966628773718;0.6022918876029022;4.207209978835611
-0.9813617285143916;0.0008751007240224082;4.207209978835611
0.710019760282595;0.8384768560551151;3.3319073340545824
-0.9661001460698747;0.030423088008512275;3.3319073340545824
0.5972869666058853;0.6047104241212777;5.494696632334255
-0.9999852257863399;0.03923059235473471;5.494696632334255
0.6418963767728941;0.6546985984695318;4.925592261443582
-0.9976291932814316;0.00610925296425701;4.925592261443582
0.653348185334666;0.6480762334917717;4.89334089933319
-0.9974246453777448;0.004587585574682168;4.89334089933319
0.7473659314417377;0.6099289697949966;4.438349038939223
-0.9891516216262982;0.0011026583038128007;4.438349038939223
0.8388049225229074;0.7517223489559094;3.0316768308598583
-0.9607666388355476;0.03616344639765618;3.0316768308598583
0.8122010208207765;0.8542621937728406;2.6996942313292003
-0.9466372904324714;0.03690674941788969;2.6996942313292003
0.7222879202874778;0.6187104698979942;4.567688750641455
-0.9923769950437672;0.0010949389421484948;4.567688750641455
0.847952636357394;0.606564381136941;4.031073541649895
-0.9697065291900113;0.0002832060214408988;4.031073541649895
0.6199388117890303;0.6193513439281;5.292118427278059
-0.9996140591306539;0.025055968440529888;5.292118427278059
0.7997497539501491;0.8633412425326731;2.7478435909005468
-0.9468408214342846;0.035987824371331634;2.7478435909005468
0.7357462749197;0.68831396723913;3.9905972198545068
-0.9869723994901631;0.023397688899443086;3.9905972198545068
0.678708486240282;0.6863303095268977;4.4316311853846475
-0.9931992563651207;0.012367570157625237;4.4316311853846475
0.6255922362688925;0.6229371867155968;5.237175554875352
-0.999409635787734;0.021769307897873263;5.237175554875352
0.6442691365748335;0.6430789419474942;4.989431670472708
-0.9980940428014334;0.008876320283465779;4.989431670472708
0.6429416117981858;0.6513111214532582;4.942246923755769
-0.9977640967595575;0.006775719908039532;4.942246923755769
0.6404238923941986;0.6433612316988503;5.013182197319901
-0.9982443991278858;0.010000237853519583;5.013182197319901
0.6309481120919197;0.8860617527904724;3.9125202198594273
-0.9594504982814489;0.004014833901345473;3.9125202198594273
0.6530506366778311;0.6522495441401989;4.866628727132737
-0.9972316465198389;0.0034243125875698457;4.866628727132737
0.6864218629597699;0.733404032928718;4.021628153132659
-0.9874467702544142;0.022664983956311436;4.021628153132659
0.6525623517025124;0.6375628476169405;4.969061543699905
-0.997915291860001;0.008123688609810956;4.969061543699905
0.7744123414027512;0.6796087616635259;3.80524420183832
-0.9817892468694395;0.02485122145932092;3.80524420183832
0.6295748105988358;0.6269960555729338;5.1880637927988165
-0.9991985930789714;0.01897510996974612;5.1880637927988165
0.6650212480258791;0.8678044723851958;3.6550788197226733
-0.962738454025046;0.01718329004007399;3.6550788197226733
0.6539738004592931;0.6748556126069077;4.697184353085911
-0.9957507866258789;0.003015231351705283;4.697184353085911
0.7605801435863005;0.6380511325922592;4.182690371567558
-0.9864753554825547;0.0122186392656733;4.182690371567558
0.7844755895659604;0.7021309061501019;3.5802904506392337
-0.9780143047032209;0.030180633149675312;3.5802904506392337
0.676473056587651;0.6499988555820891;4.712784506320907
-0.995834692087891;0.0022407509245193635;4.712784506320907
0.74816702397937;0.8835440333864852;3.062027320827231
-0.9501120604915019;0.03033373708236264;3.062027320827231
0.8229814375414851;0.779180749364848;2.8988875471548585
-0.9599124167680204;0.03903841233151755;2.8988875471548585
0.8685521587536525;0.671552059570767;3.6078434302452433
-0.9621162634901799;0.01880172812970224;3.6078434302452433
0.7369440989997788;0.8829031593563794;3.1386624020699827
-0.9518060995182795;0.029151019517781068;3.1386624020699827
0.7916549045936935;0.7920440066834006;2.952114361040591
-0.9638628642637228;0.03986706155300587;2.952114361040591
0.6181535198480212;0.8094773061928268;4.056156492391519
-0.9781373823654972;0.006842038323663403;4.056156492391519
0.8615940978553608;0.7359980468600987;3.1237708204810564
-0.9574675293663747;0.03210991710366213;3.1237708204810564
0.8021606610157853;0.8033813734540821;2.855085110684084
-0.95971735670895;0.039983897857538905;2.855085110684084
0.7370585407908691;0.8261705487865355;3.158585942463893
-0.9656352728803127;0.03535347508883688;3.158585942463893
0.8649663159661557;0.8246293993331858;2.6617384782047413
-0.9414512062043695;0.03517277047827211;2.6617384782047413
0.8822851736844917;0.7476863684567906;3.062947232376925
-0.9505180840985823;0.030492434146474377;3.062947232376925
0.8519199517818586;0.7573299967193353;2.980666240647146
-0.9568504254532308;0.035483589426997544;2.980666240647146
0.7255914733236185;0.769659192346133;3.48700865146471
-0.9779676082842441;0.03354280654876127;3.48700865146471
0.636929603039574;0.6415301630414051;5.048286323165957
-0.9984569167676453;0.011704643590514582;5.048286323165957
0.8832007080132143;0.7246606800894172;3.2280441825717325
-0.953256307823581;0.027401629061510734;3.2280441825717325
0.7431697324350924;0.6850790792776434;3.9628563721806054
-0.9862277068734379;0.023563502668826848;3.9628563721806054
0.8778524616429264;0.7981323099694059;2.767698492680104
-0.9434336863819593;0.033935505950086306;2.767698492680104
0.6678822928031373;0.7951263055901;3.7852094370224916
-0.9788849703882652;0.02252115854784295;3.7852094370224916
0.8888159852293795;0.6937156197785933;3.4724861582100583
-0.9549477563817234;0.02081535128868609;3.4724861582100583
0.7736646550342944;0.6637852766821036;3.926055936747963
-0.9830316254571033;0.02075199875696622;3.926055936747963
0.7780058136429874;0.6842550983817931;3.7502236052462417
-0.9807943291810293;0.0261193735158846;3.7502236052462417
0.6220521701978317;0.630955741544659;5.209286554570604
-0.9992779827075111;0.0202413914480176;5.209286554570604
0.768369814833182;0.6008422915824247;4.3512908293996615
-0.9859254339848289;0.0006642614358271307;4.3512908293996615
0.6954475055504269;0.6494190171738982;4.5738982511697674
-0.9942404175712815;0.0063941435154971915;4.5738982511697674
0.6107605801435863;0.8525913436229219;4.0051877905633955
-0.9685462059669745;0.001422592548343704;4.0051877905633955
0.6881537487316035;0.6983543270441211;4.269607419246083
-0.991315600618694;0.017158573246553226;4.269607419246083
0.8902732107025964;0.6836371127099053;3.5520864219829846
-0.9553984009380914;0.018310425890957376;3.5520864219829846
0.6181764082062393;0.627301233682508;5.254735780220592
-0.9994622750379824;0.02288468242036784;5.254735780220592
0.6981635907256373;0.6444369845350993;4.5872092766758765
-0.9942114505180796;0.005429493965571554;4.5872092766758765
0.6338091568691778;0.7740232393130441;4.129107876854594
-0.9844092406166364;0.011705811563679069;4.129107876854594
0.700521091622098;0.7998794546467182;3.519407902916539
-0.9752824641454267;0.030103932256758774;3.519407902916539
0.6737340830542226;0.6774801443492459;4.535016636637655
-0.9942963838468445;0.009045803189160387;4.535016636637655
0.8674764059174035;0.7669812544346194;2.9207582382596455
-0.951502291898325;0.03435669708575846;2.9207582382596455
0.8276125153542736;0.7977508373324381;2.794916410479777
-0.9555612398580536;0.03923249026310486;2.794916410479777
0.6818441913161569;0.6363039879149469;4.764260580494968
-0.9959997966189887;0.0007571794982827937;4.764260580494968
0.7626019485622296;0.6157044655186883;4.30684338843983
-0.9867456114218164;0.004636541718905519;4.30684338843983
0.7151086052597447;0.7474269670636525;3.706662961055617
-0.9826597521862809;0.03002952730692788;3.706662961055617
0.6091355067101036;0.836088837347697;4.033305496973552
-0.9724752066113991;0.0022683410200825677;4.033305496973552
0.6479770506061601;0.7370814291490871;4.274454822036931
-0.9895088621385385;0.012930276299676628;4.274454822036931
0.8434283708829565;0.7950347521572277;2.7781205856944595
-0.9525163915529481;0.03808932291631223;2.7781205856944595
0.7730314104569279;0.8511341181497051;2.8851396961208318
-0.9545606400364951;0.03665799713910931;2.8851396961208318
0.8746938682088333;0.6595051536953255;3.701206758790004
-0.9612711149420945;0.014682024213827322;3.701206758790004
0.7092949622723562;0.7191216974006455;3.9530087605497375
-0.9870173276909628;0.025231296299473953;3.9530087605497375
0.8045944564396396;0.8332277925704389;2.753689971051239
-0.953012701584187;0.03887480477092015;2.753689971051239
0.626484882239397;0.6352282350786979;5.155385253255719
-0.9990292327327153;0.017257230606756796;5.155385253255719
0.8365008277956222;0.787023826780905;2.8271028276891856
-0.9555623375500031;0.03849930849882239;2.8271028276891856
0.605618328997261;0.7429103310419544;4.491944301894257
-0.9898246584964725;0.0010434643235563285;4.491944301894257
0.828932410678182;0.8124833105721326;2.733518084589419
-0.9523910107237077;0.03900708256950871;2.733518084589419
0.8345858351580441;0.8036636632054383;2.7547753691725587
-0.9528910539732963;0.03879039757833773;2.7547753691725587
0.6455814024460026;0.8907843840361331;3.8277214820581396
-0.9576081526717242;0.007913092344636483;3.8277214820581396
0.7559948424899482;0.67660275728422;3.9402310144408768
-0.9850122644655488;0.02283666660265841;3.9402310144408768
0.8503482845175515;0.7187325953109384;3.2527769900422174
-0.9623415532466137;0.03086065918124397;3.2527769900422174
0.6472522525959213;0.7146660970008621;4.443465508223259
-0.9923389519862904;0.009386250661913498;4.443465508223259
0.7738477619000389;0.6302996086090745;4.15229961570725
-0.9845500390779718;0.01051783760412964;4.15229961570725
0.6929679334101365;0.830908438937675;3.4754105524361916
-0.9694941174717332;0.027588805123939047;3.4754105524361916
0.87189385905349;0.8448398196397372;2.6284434029030423
-0.9352546779617709;0.03282066360507276;2.6284434029030423
0.7438945304453312;0.764028656224489;3.3904292195405974
-0.9764755982416823;0.03555823871303414;3.3904292195405974
0.8285051613247781;0.7207772886450855;3.2712151477647815
-0.9671507693988571;0.032911217783424276;3.2712151477647815
0.5972640782476673;0.6044891699918364;5.495958066964047
-0.9999861811379561;0.03932633861924904;5.495958066964047
0.7141549236673254;0.8324114411273279;3.311986780980484
-0.9670324639404404;0.03158012135348702;3.311986780980484
0.7289636914344134;0.759321283884307;3.525925657506615
-0.9792116668660025;0.033299084920553626;3.525925657506615
0.7133690900351718;0.6530811544887886;4.412986960332669
-0.9921955344617016;0.010909938272318603;4.412986960332669
0.6558887930968712;0.8221803450038528;3.770798544302192
-0.9740975450327304;0.01873999234043366;3.770798544302192
0.764715306971031;0.635510524830054;4.173418181737995
-0.9859042241360572;0.01169820299616713;4.173418181737995
0.7278497913344676;0.7053505352061097;3.918467902880314
-0.9863715673565603;0.02583582620375024;3.918467902880314
0.7780134430957267;0.6431323481166696;4.045696076026475
-0.9833653173876367;0.014909131108105423;4.045696076026475
0.6408587712003418;0.7011619656522038;4.58836459458535
-0.9940660843963927;0.004905112262398696;4.58836459458535
0.6980796667455044;0.738561542980522;3.8966721206237493
-0.9856938583192955;0.0258375616683583;3.8966721206237493
0.6495563473232066;0.8209977798292528;3.8182849674955914
-0.9746781889086636;0.01692580061150656;3.8182849674955914
0.7330149308390109;0.6490528034424091;4.296111360088333
-0.9900007535661783;0.012727944360901525;4.296111360088333
0.7624569889601819;0.6476260957801497;4.106933705194883
-0.985771930316622;0.015372715634863983;4.106933705194883
0.7896636174287218;0.8359743955566067;2.8149270164251057
-0.9552061465183574;0.038599002059676986;2.8149270164251057
0.6437274454303393;0.6360445865218088;5.039347059268453
-0.998395637516983;0.01130248892053222;5.039347059268453
0.87840178224016;0.7739240564274324;2.8915849495875556
-0.9475471650199043;0.03317320570836682;2.8915849495875556
0.6762289140999916;0.6550266649373241;4.6795990182118254
-0.9955903605371587;0.0036634504159378384;4.6795990182118254
0.6413546856283999;0.6281938796530125;5.104828655037943
-0.9987482316797307;0.014685678760747375;5.104828655037943
0.8918143601559461;0.7737256906562092;2.9199057500455416
-0.9439631796611258;0.030879783937661026;2.9199057500455416
0.7108818884421421;0.7771131676724828;3.553714183831409
-0.9784046581103192;0.031534155098373304;3.553714183831409
0.7570248186097611;0.8156190156480075;3.0535385050604735
-0.9650511471842769;0.037909180134663364;3.0535385050604735
0.7961181344462162;0.7842543354365191;2.97013954430395
-0.9644416063500347;0.0397370051672767;2.97013954430395
0.7664090454791678;0.8349596783422725;2.944827350300642
-0.959398253396791;0.03764946866458423;2.944827350300642
0.6508075775724608;0.866110733877059;3.754883784229731
-0.9639670491729153;0.013370991956439381;3.754883784229731
0.8067612210176164;0.6769613415629697;3.6691044329647537
-0.9759571225906639;0.024815774420366737;3.6691044329647537
0.6551868834448505;0.7802565022010971;3.9506552554100383
-0.9823879384067412;0.018639355568249406;3.9506552554100383
0.639721982742178;0.633038582142503;5.085246256778186
-0.9986661983936325;0.013565157869084452;5.085246256778186
0.661320963447292;0.8583363215356562;3.679032560248321
-0.96536505118745;0.017364998410501202;3.679032560248321
0.6913810072403507;0.7218148942176378;4.068709938021299
-0.9884722807754811;0.022089003645680068;4.068709938021299
0.8054718435046654;0.6970878378893882;3.5224420316210034
-0.9745081825842988;0.02937914581837961;3.5224420316210034
0.6818136735051995;0.7224099915313075;4.136461218781511
-0.9892196869924814;0.02001178281549263;4.136461218781511
0.8505619091942535;0.8052887366389209;2.727453100845905
-0.9488900291416481;0.037415522603396215;2.727453100845905
0.8629216226320086;0.8008789129555737;2.7429083399848473
-0.9467312105517751;0.036040096917371645;2.7429083399848473
0.6730016555912445;0.8414599720762029;3.6063870455579323
-0.9686847262717547;0.022152491232875587;3.6063870455579323
0.7401713575085259;0.7507381495525326;3.5018348288004555
-0.9790378262102896;0.033993803628118734;3.5018348288004555
0.6852240388796912;0.7043281885390361;4.246427116781945
-0.9909672884115432;0.01767338324068713;4.246427116781945
0.7539348902503223;0.7715055199090569;3.2778615475099366
-0.9737944379971978;0.037066070268097;3.2778615475099366
0.6577198617543164;0.7757169778211809;3.9578263249733254
-0.9830414239690406;0.019166697094652137;3.9578263249733254
0.6198091110924613;0.6224565311930175;5.274564302654555
-0.9995517521553485;0.023990439761304966;5.274564302654555
0.8735723386561481;0.7484111664670293;3.045292903307896
-0.9527203602401226;0.0319257032393725;3.045292903307896
0.8085236246004074;0.7568035644803198;3.07981951802633
-0.9665379362644514;0.03806141578206545;3.07981951802633
0.666951499568936;0.6493350931937653;4.787518378985653
-0.9965477454236825;0.00040181760988626525;4.787518378985653
0.6696675847441463;0.7220437777998184;4.229381227191318
-0.9901744611136729;0.01693628895385163;4.229381227191318
0.775976379214319;0.8274904441104439;2.9049655438585624
-0.9594838512067724;0.03866714112695636;2.9049655438585624
0.7313593395945709;0.6943946410723959;3.9760377618440077
-0.987002395814829;0.024135967904878458;3.9760377618440077
0.6163834868124909;0.6340685582623159;5.222599631918143
-0.9992857125737029;0.021248267272285182;5.222599631918143
0.6515247461299601;0.6604817236459629;4.819135665085169
-0.9968485570744552;0.0015102504485742657;4.819135665085169
0.7335566219835051;0.6143845701947799;4.5102704939666705
-0.9910184338461663;0.001132189735980553;4.5102704939666705
0.7598019394068863;0.761686414233507;3.2994474070684405
-0.9744914067425041;0.03691618507026595;3.2994474070684405
0.8111557857954849;0.7991165093727827;2.8383042406106207
-0.9587575273779193;0.03987476788759688;2.8383042406106207
0.717199075310328;0.7501354227861236;3.6727590963069874
-0.9820253716856052;0.03065753080981662;3.6727590963069874
0.7133767194879111;0.6573078713063912;4.383212867628247
-0.9919632325778625;0.012135363682210552;4.383212867628247
0.6512729741895614;0.6823248468387363;4.660230215254055
-0.9953078933430344;0.00403283012205425;4.660230215254055
0.7168176026733603;0.6406985526928154;4.471393411741498
-0.9923778349157963;0.00770373766082931;4.471393411741498
0.768003601101693;0.755796476718725;3.286420274411562
-0.974092631092559;0.037022278987062195;3.286420274411562
0.7283380763097863;0.8485401042183244;3.1833801976170526
-0.9616339379469938;0.03250842697549221;3.1833801976170526
0.8557423076042755;0.7550335314447895;2.9938894890379215
-0.956265426307248;0.034870811848623604;2.9938894890379215
0.6663792906134843;0.6916709264444462;4.482260266847246
-0.9936155830631426;0.010410317845639717;4.482260266847246
0.8336550419238428;0.7271478816824469;3.2131400836555732
-0.9652379466330718;0.03355990700974964;3.2131400836555732
0.6751836790747;0.7622891409999161;3.910688204534766
-0.984132068045238;0.022998777144148302;3.910688204534766
0.726354418597554;0.869185403331019;3.197030375571886
-0.9567500425213394;0.02978970830581993;3.197030375571886
0.802069107582913;0.7732068878699331;3.0048769782462523
-0.9652035423955038;0.039277847936196;3.0048769782462523
0.7870924918555592;0.6945014534107469;3.6247736282034797
-0.9782724562690931;0.02870345290105638;3.6247736282034797
0.7186105240671087;0.6906714681355907;4.097872863513995
-0.9889169883893262;0.021423025327742127;4.097872863513995
0.6684163544948921;0.8518894339709012;3.629777375424433
-0.9665091219468599;0.019993230877765587;3.629777375424433
0.671079033500927;0.69020607151849;4.458944004119325
-0.9934270150237886;0.011324677665541953;4.458944004119325
0.6662877371806121;0.6805242959922485;4.566940028497618
-0.9945756520212835;0.00784658692357107;4.566940028497618
0.6881156014679067;0.67305506176042;4.460171623130264
-0.9934707084303375;0.011366864020460922;4.460171623130264
0.6457797682172258;0.7076241121224375;4.506481123215224
-0.9931839669058264;0.007682815447699394;4.506481123215224
0.7124535557064492;0.6672719365839889;4.318475676219783
-0.9914510936848928;0.01471888127339152;4.318475676219783
0.8658742208421389;0.7407893431804137;3.091435618669103
-0.9557533797050612;0.03215468514743429;3.091435618669103
0.6607334955863616;0.7895644345431102;3.863297199464296
-0.9803833442859663;0.02049593972200101;3.863297199464296
0.7399501033790846;0.6078613881026314;4.500703614064574
-0.990224180608366;0.0005232362660302914;4.500703614064574
0.62218950034714;0.6368380496067018;5.170899112938093
-0.9990757194983673;0.018238395842944843;5.170899112938093
