200
2
0.6053055214349474;0.6047790891959319;5.453963124277979
-0.9999745061993528;0.03601714399888764;5.453963124277979
0.8597172524814795;0.8591374140732885;2.6140153953856586
-0.9349122304233882;0.032936616012787676;2.6140153953856586
0.5945174752614995;0.7671338434894065;4.390083866707942
-0.9861154027906065;0.0033032522166873274;4.390083866707942
0.6419345240365909;0.8958884879187616;3.8663400009138913
-0.9563280743506478;0.0058207031931144446;3.8663400009138913
0.7709256815008659;0.595989959640195;4.35999301452309
-0.9854904583161936;0.002465412563798376;4.35999301452309
0.8858481281137704;0.7314280046692251;3.1841453841322034
-0.9517134985565652;0.02792798035571785;3.1841453841322034
0.5994689900893408;0.6134690358660573;5.4366969060301
-0.9999091556772522;0.03500648651652713;5.4366969060301
0.6771063011650175;0.8877097145821731;3.595520732787106
-0.9566084343447419;0.017204144754570355;3.595520732787106
0.6412631321955277;0.6488925849348827;4.970107296018598
-0.9979555273170928;0.008030844088036199;4.970107296018598
0.7704297670728079;0.8805380290071794;2.9171452004003946
-0.9475515420038119;0.03263922720827035;2.9171452004003946
0.7040764165986374;0.6230516285066872;4.678701968826313
-0.9943344709518311;0.0005120600266936351;4.678701968826313
0.6037033363596829;0.7567959350275805;4.410202083129638
-0.9877759877677483;0.0003989713864608613;4.410202083129638
0.6252794287065789;0.6184129212411593;5.266540938428662
-0.9995110769696554;0.02350114520526886;5.266540938428662
0.7490138932334384;0.8692845862166306;3.03835120838433
-0.9537443080448494;0.03260006302957907;3.03835120838433
0.7919371943450496;0.863425166512806;2.783588805098809
-0.9482696725515805;0.03591223941779335;2.783588805098809
0.7340525364115632;0.8850928122925743;3.1657492346989367
-0.9515871568017613;0.02841014534239253;3.1657492346989367
0.6307344874152178;0.6266908774633596;5.18287563331133
-0.9991718372879691;0.018686865705009333;5.18287563331133
0.7823927489681165;0.602825949294657;4.2622394090132385
-0.9835000892233622;0.0008123784395470748;4.2622394090132385
0.6792959541012124;0.8312822821219034;3.580990457595661
-0.9705526075655015;0.02445195212890901;3.580990457595661
0.789495769468456;0.841589672772772;2.8093555405560515
-0.9539565932390217;0.038159960259593936;2.8093555405560515
0.8784628178620748;0.764394869955978;2.948302793102987
-0.9490596686113103;0.03257586092769117;2.948302793102987
0.7186257829725874;0.8336626713765821;3.2786894101039135
-0.9662476026305866;0.03224506135896779;3.2786894101039135
0.6303072380618139;0.6354571186608785;5.130773064338352
-0.9989127235425123;0.015869993253590148;5.130773064338352
0.6987281702283495;0.7010246355028954;4.169252409221914
-0.9900729870406031;0.019947893717367125;4.169252409221914
0.7526989189065468;0.8497302988456638;3.0151574210942247
-0.9580636229049243;0.03528950510411155;3.0151574210942247
0.7151848997871383;0.6938682088333804;4.099761527279279
-0.9890213096934918;0.02154244167964726;4.099761527279279
0.8454043991424495;0.8549030678029464;2.6237163492025806
-0.9393196460733199;0.034924093684338214;2.6237163492025806
0.5967452754613911;0.8178086685842024;4.1424838745381996
-0.9765536347533192;0.001629631724007749;4.1424838745381996
0.6132782995475734;0.6076935401423655;5.395406390504515
-0.9998822550330841;0.031846767922821734;5.395406390504515
0.7047783262506581;0.8277727338618001;3.3952836531514743
-0.969059313452511;0.03016150810221551;3.3952836531514743
0.7715055199090569;0.7482738363177209;3.315731516782578
-0.9746277878257696;0.03651246859506092;3.315731516782578
0.6956840185853469;0.6623433101143655;4.481136393719787
-0.9935001561046307;0.010168811751227996;4.481136393719787
0.6238527210443194;0.6171769498973838;5.281471059868209
-0.9995680933440472;0.02445213153231407;5.281471059868209
0.8315645718732595;0.5987441920791021;4.095883577653797
-0.9735443830419033;0.0015002224194355165;4.095883577653797
0.6321077889083017;0.6388980018463276;5.097129330561066
-0.9987288262985238;0.01414164835436528;5.097129330561066
0.6040237733747358;0.7906935935485347;4.2143642478446015
-0.9819743229421183;0.0015067093966831951;4.2143642478446015
0.642087113091378;0.6520740667271937;4.943169457623105
-0.9977609935657548;0.006818561586446004;4.943169457623105
0.6285829817427196;0.6931586697286204;4.728146878731174
-0.9952634905123557;0.0007988640023748189;4.728146878731174
0.6273241220407261;0.623951903929931;5.220497403286926
-0.9993400671779324;0.020809890958902316;5.220497403286926
0.7796003692655126;0.6100586704915656;4.239206581650915
-0.9839514380271062;0.003506146410464886;4.239206581650915
0.7571316309481121;0.6067627469081642;4.390639797224935
-0.9877081277900507;0.0008216669523529382;4.390639797224935
0.6368304201539624;0.6473361765760542;5.012392553862896
-0.998203019775029;0.00993055476955014;5.012392553862896
0.8618458697957595;0.6958518665456127;3.42272313625033
-0.9618705315857329;0.0253282546871731;3.42272313625033
0.7238443286463062;0.7131707242639486;3.8914199321212672
-0.9860260397118672;0.026660990595820926;3.8914199321212672
0.8429095680966804;0.6747030235521206;3.5924084355128154
-0.9682230448634783;0.02245943665877591;3.5924084355128154
0.82729970779196;0.7922957786237993;2.8221776789551036
-0.9566464305845082;0.039195370927460095;2.8221776789551036
0.7941649945449413;0.752271669553143;3.191595932359008
-0.970015378751334;0.03768795918409506;3.191595932359008
0.7255228082489643;0.6295214044296603;4.478739942786481
-0.9917207192441816;0.005390196361244007;4.478739942786481
0.5957152993415782;0.8151459895781675;4.155790520878267
-0.9771128980847642;0.0019616399234029733;4.155790520878267
0.8040603947478847;0.8449771497890456;2.7395522484615094
-0.9504428697682017;0.03796056919134512;2.7395522484615094
0.7634564472690374;0.6570179521022957;4.036802377538215
-0.9851271808725781;0.01822070273277795;4.036802377538215
0.801573193154855;0.7545757642804282;3.122105675839947
-0.9682521795685578;0.0379341638725903;3.122105675839947
0.8837195107994904;0.7510585865675855;3.0436706994305083
-0.9496538504889352;0.0305957815627315;3.0436706994305083
0.628010772787268;0.6330690999534604;5.159818948187347
-0.9990613564198081;0.017446219667580566;5.159818948187347
0.6183061089028083;0.7029396281404735;4.716634824157229
-0.9945490701942842;0.0024333858475477158;4.716634824157229
0.7078758840628362;0.847952636357394;3.3387468067385573
-0.964101347034078;0.029213691929171535;3.3387468067385573
0.6286745351755919;0.7114159501338969;4.590261729921
-0.993403978428936;0.002800451212020251;4.590261729921
0.742536487857726;0.8534076950660329;3.081561521980394
-0.9586147022681725;0.03384556288000838;3.081561521980394
0.6082047134759023;0.6130875632290895;5.393723055501445
-0.999880706298811;0.03172169095250035;5.393723055501445
0.654874075882537;0.6434451556789832;4.9140167268971515
-0.9975536742658232;0.005570953131325461;4.9140167268971515
0.658055557674848;0.6459857634411884;4.874421642334907
-0.9972611882987855;0.003868609769791989;4.874421642334907
0.6219072105957839;0.7769148019012596;4.187174028194466
-0.9842361838395303;0.0077500319909674376;4.187174028194466
0.6939979095299494;0.6870932548008332;4.311809505519661
-0.9918231924362775;0.016015623704509624;4.311809505519661
0.6754430804678381;0.653454997673017;4.696452019601491
-0.9957345752918214;0.0030101360896430604;4.696452019601491
0.77868483493679;0.7207544002868674;3.4807025291893305
-0.9770133646960317;0.033265798664434076;3.4807025291893305
0.8318239732663976;0.6246690724874304;3.9526164702177247
-0.9731904716532863;0.008246300583121681;3.9526164702177247
0.8103394343523739;0.8669576031311274;2.709177637917974
-0.943881623290342;0.03540977548020741;2.709177637917974
0.8624104492984718;0.6367388667210901;3.848996155696155
-0.9655045214461987;0.009450738178848915;3.848996155696155
0.6875510219651945;0.7390498279558407;3.973691549720752
-0.9865906985089323;0.0236403038667152;3.973691549720752
0.8659199975585751;0.8128876715673184;2.7003431490523857
-0.9436336196941232;0.035488461843450406;2.7003431490523857
0.8345476878943473;0.8042587605191079;2.755744173444297
-0.9527839277033264;0.03878832021999567;2.755744173444297
0.6331453944808539;0.6452075592617742;5.050197038295932
-0.9984300633470269;0.011801159092647014;5.050197038295932
0.7005668683385341;0.6766866812643529;4.339614880977881
-0.9920346220508315;0.01490687775039429;4.339614880977881
0.879927672788031;0.7724363131432582;2.906123310850176
-0.9473876805177801;0.032851810289552946;2.906123310850176
0.8636387911895079;0.71859526516163;3.2539751901901637
-0.9590758402673496;0.02932337340183288;3.2539751901901637
0.7275903899413295;0.684789160073548;4.077060133620139
-0.9883343232314389;0.021483310734592722;4.077060133620139
0.8552616520816961;0.7025047493343303;3.3731999878549077
-0.9628738551222988;0.0274408259068398;3.3731999878549077
0.6225175668149323;0.6124848364626805;5.315963789022016
-0.9996685989470818;0.026661950645719718;5.315963789022016
0.6648076233491772;0.6475574307054955;4.815278325653345
-0.9967743450099399;0.0015157156376077452;4.815278325653345
0.8362872031189202;0.7676297579174646;2.9377539105536377
-0.9589026808713276;0.03763540631732429;2.9377539105536377
0.797338846884513;0.6012619114830893;4.19710525281224
-0.9807162504598638;0.0004960904367404817;4.19710525281224
0.8399722287920287;0.8377596874976158;2.648788466217792
-0.944539124121064;0.03697642692548013;2.648788466217792
0.7204492221772932;0.8725499919890746;3.245853448551797
-0.9565753115322763;0.028408172410187567;3.245853448551797
0.8496005981490947;0.7263086418811179;3.197712139972006
-0.9616284151190881;0.032109364401846696;3.197712139972006
0.6467410792623846;0.6365176125916489;5.017456264244507
-0.9982424141062638;0.010214787778392923;5.017456264244507
0.6582157761823745;0.6893592022644216;4.559614692865809
-0.9943290689675561;0.007655847752868289;4.559614692865809
0.6675313379771269;0.6740774084274935;4.6066814591377465
-0.9949886270153879;0.006595554513533539;4.6066814591377465
0.7264383425776869;0.6241578991538936;4.505675819616799
-0.9917490978104302;0.003668238127309993;4.505675819616799
0.7093407389887924;0.8267198693837691;3.363698392142802
-0.9688178634370139;0.031066946973016048;3.363698392142802
0.7463512142274035;0.8612507724820898;3.053786698835439
-0.9561549265363569;0.03337015065547332;3.053786698835439
0.776579105980728;0.7490215226861777;3.291589413309419
-0.9736593328579696;0.03685265657410214;3.291589413309419
0.7321528026794638;0.6887183282343158;4.015849648142294
-0.9874122444747772;0.023013147344782738;4.015849648142294
0.8078446033066048;0.6554920615544247;3.8285073586206955
-0.9771262882737393;0.019055917925171834;3.8285073586206955
0.7680188600071717;0.7341364603916961;3.4352547095227335
-0.9771535605884464;0.0346392008350245;3.4352547095227335
0.7957824385256845;0.741140298006424;3.24118565688275
-0.9712943908516004;0.036517747656437796;3.24118565688275
0.6531040428470066;0.6829504619633634;4.642798951697263
-0.9951613349858516;0.004720983417515881;4.642798951697263
0.6569721753858596;0.8062958244005157;3.816943930553834
-0.9773583599128042;0.01950340398126456;3.816943930553834
0.8119568783331171;0.7434977989028847;3.1567080604814137
-0.9677720855099539;0.03666453433170818;3.1567080604814137
0.6810125809675672;0.7265375254632985;4.112796347978092
-0.9887760717903176;0.020445258946944735;4.112796347978092
0.8219209436107148;0.8017334116623814;2.7961598248701884
-0.9560236408661467;0.03951646751522459;2.7961598248701884
0.6830649037544537;0.7304132874548909;4.0698613724863435
-0.988117459773509;0.021483872703209173;4.0698613724863435
0.8376605046120041;0.6639531246423694;3.6795724059251373
-0.9701677747300402;0.020072934097794547;3.6795724059251373
0.6146058243242212;0.6165971114891928;5.33904227604012
-0.9997556327555528;0.028007619888609142;5.33904227604012
0.6433688611515896;0.6316195039329829;5.0700061130534815
-0.9985607111977792;0.012885305112724774;5.0700061130534815
0.648770513691053;0.652981971603177;4.891218203872521
-0.9974105323101539;0.004484658202957084;4.891218203872521
0.6704229005653425;0.8435122948630894;3.6243113250599075
-0.9683818354862572;0.021316455497848438;3.6243113250599075
0.7664166749319071;0.8197694379382167;2.9856280250767764
-0.9627162547728656;0.03848132960097781;2.9856280250767764
0.610325701337443;0.6155289881056831;5.372254665796349
-0.9998261303272356;0.030005893802446088;5.372254665796349
0.7665234872702581;0.723775663571652;3.5483656479961123
-0.9787047713676568;0.033069173631513446;3.5483656479961123
0.6477329081185007;0.6593144173768416;4.8535753974962175
-0.9971058807479105;0.0029777004280664987;4.8535753974962175
0.6266374712941841;0.6423388850317767;5.1082675283728065
-0.9987497142280144;0.014911593532298179;5.1082675283728065
0.6356325960738837;0.8395220910804068;3.873194201856161
-0.9711054113460905;0.01142136084322095;3.873194201856161
0.7361658948203645;0.8466251115807463;3.1307758233302314
-0.9610944918225846;0.0337513059859982;3.1307758233302314
0.8752965949752425;0.7321680615849425;3.1612114928452737
-0.9544420922056602;0.029729250915990147;3.1612114928452737
0.6776251039512936;0.7970641865858962;3.707088524364977
-0.9778197064262899;0.02501576581666587;3.707088524364977
0.6715902068344638;0.7869627911589901;3.7975798380495918
-0.980159347058249;0.0233409562048201;3.7975798380495918
0.7551861204995766;0.8518665456126832;2.996614541643055
-0.9571838986440888;0.03530157765032899;2.996614541643055
0.7116448337160776;0.7665692639866942;3.6093908802073162
-0.9800958124402751;0.031075750480549072;3.6093908802073162
0.6619542080246584;0.7754423175225641;3.9291372072110393
-0.982839777669638;0.020340279549238154;3.9291372072110393
0.8143220086823172;0.7960799871825194;2.8441592106940874
-0.9586869967699633;0.039779513566814424;2.8441592106940874
0.7480754705464977;0.6086853689984817;4.440625031115482
-0.989059398209358;0.0007025552057852505;4.440625031115482
0.7316339998931877;0.6113327890990379;4.541083738197099
-0.9913100071496272;0.00026922643975280103;4.541083738197099
0.6600849921035165;0.6549045936934944;4.798380573173059
-0.9966931194711132;0.0006288863659230093;4.798380573173059
0.6406756643345973;0.7494640309450603;4.238688639364809
-0.9880746740108725;0.012061871896456265;4.238688639364809
0.6443912078186632;0.6640141602642843;4.842485483823211
-0.9969704024976689;0.002706244812762243;4.842485483823211
0.8694448047241571;0.7348459994964561;3.136145781766205
-0.9556228298853977;0.030932375315207903;3.136145781766205
0.8069214395251428;0.6214341845259439;4.0478383049623625
-0.978594467917801;0.008066343218985125;4.0478383049623625
0.6877799055473751;0.8001464854925956;3.621175980307685
-0.976400953676572;0.02740662894304441;3.621175980307685
0.6741765913131051;0.6474277300089265;4.747533217725605
-0.9961317229977258;0.0008901722561815914;4.747533217725605
0.6127518673085579;0.6147431544735296;5.359725451487001
-0.9998100326842333;0.02938196201085047;5.359725451487001
0.8237367533626813;0.8048767461909957;2.7782100067637145
-0.9550263875243904;0.03941278388638786;2.7782100067637145
0.724012176606572;0.6156739477077309;4.573172058822859
-0.9922180907723658;0.0002497571422768463;4.573172058822859
0.8001007087761595;0.7505245248758307;3.155383529850212
-0.9691373208766054;0.03755216721898011;3.155383529850212
0.6952262514209856;0.7273920241701063;3.998555153524837
-0.9874312712225659;0.02375054345458704;3.998555153524837
0.8672398928824835;0.7431544735296137;3.0790893950860907
-0.9550847663927747;0.03224738292545677;3.0790893950860907
0.7396907019859466;0.8672856695989196;3.1009989180286706
-0.9555410440062748;0.031835427239677125;3.1009989180286706
0.653950912101075;0.7311609738233477;4.276600943015467
-0.9899934510410683;0.013930852398942251;4.276600943015467
0.7014213670453419;0.7096840643620633;4.083420847124932
-0.9889035806868314;0.02212528489463486;4.083420847124932
0.7451686490528034;0.7161309519268183;3.715430514558986
-0.98286827847389;0.029959505728603703;3.715430514558986
0.8088059143517635;0.8786077774641226;2.7266123180257487
-0.9411891954277121;0.03374327319458041;2.7266123180257487
0.8514621846174973;0.7069298319231562;3.341024014842665
-0.9633546973364059;0.028689587368542664;3.341024014842665
0.8732366427356165;0.7425746351214227;3.08572725764059
-0.9536172487911047;0.03133872162937794;3.08572725764059
0.7381342936271181;0.721990371630643;3.721219030710804
-0.9831620037973393;0.030087132256659162;3.721219030710804
0.6445132790624929;0.7922194840964057;3.963606813586836
-0.9807233365679182;0.0157633431843757;3.963606813586836
0.7479686582081467;0.7463664731328822;3.486353334887265
-0.9785739363073277;0.03441618426713349;3.486353334887265
0.8055328791265802;0.6089218820334017;4.123913774661356
-0.9790606551005057;0.0034585400829133875;4.123913774661356
0.651951995483364;0.6418124527927612;4.946051840497359
-0.99777882494659;0.006941511732800283;4.946051840497359
0.6901068886328784;0.7846281786207475;3.6716834664831346
-0.9791177108672093;0.02768721118153776;3.6716834664831346
0.822958549183267;0.8576496707891142;2.6654863624140788
-0.9436056594398922;0.03614942047730627;2.6654863624140788
0.6323900786596578;0.6196565220376742;5.214362228782251
-0.9992825094924019;0.02061685577526362;5.214362228782251
0.6720174561878677;0.7989334025070381;3.7378758544659068
-0.9778680792730755;0.023619330849163636;3.7378758544659068
0.6559193109078286;0.6619618374773978;4.777787386547603
-0.9965229397052923;0.00018622071810868446;4.777787386547603
0.611744779546963;0.6125306131791166;5.377581713996334
-0.9998525328177283;0.030584799022819575;5.377581713996334
0.7365321085518536;0.7549190896536991;3.500621305745772
-0.9789052040541312;0.03393953827747508;3.500621305745772
0.7307489833754225;0.7558651417933792;3.5458832250947987
-0.979518044571582;0.03325641098754396;3.5458832250947987
0.6382494983634824;0.7321909499431606;4.374494257330949
-0.9905759516364085;0.009238707950723964;4.374494257330949
0.7129952468509434;0.860396273775282;3.295835447951905
-0.9605136624124982;0.028782463043532908;3.295835447951905
0.7619839628903419;0.7369212106415607;3.452375233391033
-0.9777579728679539;0.03457584725555074;3.452375233391033
0.6690419696195192;0.6801657117134988;4.550531852632552
-0.9944189647152692;0.008489737629732791;4.550531852632552
0.8517826216325503;0.7163522060562596;3.2722162556530847
-0.962264265089714;0.03032160666520569;3.2722162556530847
0.8193727063957702;0.79418025345042;2.8345179609824074
-0.9579926458842639;0.039590828797001945;2.8345179609824074
0.8392321718763113;0.7605343668698644;2.974248290281804
-0.9593477452179258;0.03690330049150512;2.974248290281804
0.7606716970191728;0.8711003959685971;2.963994247442411
-0.9515572656452611;0.03339801827775697;2.963994247442411
0.6909919051506436;0.7703763609036324;3.7509246539720484
-0.981519090053209;0.027239675264001867;3.7509246539720484
0.7129723584927253;0.6664632145936172;4.320470006383999
-0.9914467327796254;0.014594116557010952;4.320470006383999
0.7816984687688352;0.8555363123803129;2.8350473349493948
-0.9520320581323882;0.03658077196179101;2.8350473349493948
0.6513797865279124;0.6647008110108262;4.789757605603423
-0.9965927790913734;0.0003938383936170631;4.789757605603423
0.7296732305391734;0.8742208421389933;3.179380438513931
-0.9550361283433573;0.029545412089382394;3.179380438513931
0.6639912719060662;0.7763197045875899;3.9097592331468674
-0.9825620710893553;0.02094086949145137;3.9097592331468674
0.7329157479533993;0.6251878752737067;4.45185529169926
-0.9908912259759463;0.004940424176027004;4.45185529169926
0.6506549885176737;0.7689649121468517;4.047412313750929
-0.9845628585941599;0.016732890867291177;4.047412313750929
0.7975906188249117;0.6779760587773039;3.70070245498869
-0.9776914405433095;0.02510435265083314;3.70070245498869
0.6918311449519726;0.8303591183404414;3.4857444070376906
-0.9697188049720086;0.027377822731189917;3.4857444070376906
0.7141091469508892;0.8570469440227052;3.2875236484788726
-0.9612247614991496;0.029368407540166404;3.2875236484788726
0.6157883894988212;0.6132630406420947;5.350840370442361
-0.999787431850791;0.02880460943367401;5.350840370442361
0.6356020782629263;0.8240419314722555;3.9029139794987127
-0.974597077233075;0.012395308859614342;3.9029139794987127
0.6170319902953361;0.779974212449741;4.198902058620783
-0.983792377252715;0.0061216752577058844;4.198902058620783
0.6759313654431568;0.8348986427203576;3.596716716786356
-0.9699881031973082;0.023389058655477322;3.596716716786356
0.8176103028129792;0.7838499744413333;2.8923765026387533
-0.9602347160719594;0.0394290539092896;2.8923765026387533
0.6056488468082184;0.796049469371562;4.1814543725990205
-0.9809501345468487;0.002212022560778404;4.1814543725990205
0.7298258195939605;0.7399958800955208;3.649355069350656
-0.9819383084646687;0.0314750899988295;3.649355069350656
0.7136361208810492;0.669186929221567;4.2970323314331615
-0.991189046403689;0.015429220897043919;4.2970323314331615
0.8531482936728948;0.6481296396609472;3.7732845917443774
-0.9673448193283316;0.014110652530145977;3.7732845917443774
0.8461215676999488;0.822462634755209;2.6742482225332944
-0.946454174757807;0.03736823103275313;2.6742482225332944
0.7056251955047265;0.7085396464511601;4.060213663921632
-0.9885967472352362;0.022728400005200093;4.060213663921632
0.8578709249185555;0.7268732213838301;3.189898573939166
-0.9595439935299492;0.0313034302982926;3.189898573939166
0.8295503963500698;0.844984779241785;2.658387515978572
-0.9452030911938212;0.03710314371212167;2.658387515978572
0.8350817495861022;0.7823011955352442;2.8541009897793694
-0.956716109870122;0.03845602316649637;2.8541009897793694
0.6698659505153696;0.6824316591770873;4.527410175406062
-0.9941788939381642;0.009242814400879172;4.527410175406062
0.7117974227708647;0.8216157655011406;3.358991480540657
-0.9696635671579262;0.03175306405193812;3.358991480540657
0.6841482860434421;0.7109124062530995;4.2062069147967485
-0.9903555608570205;0.018641781013715095;4.2062069147967485
0.8709020301973739;0.7729017097603589;2.8897267989544617
-0.9496693044177219;0.03423858477997886;2.8897267989544617
0.8185563549526592;0.7647992309511639;2.997924699808933
-0.9632302170418149;0.03841656754924143;2.997924699808933
0.7058617085396465;0.8082718526600087;3.4474182587332165
-0.9730771267568565;0.03106955853449664;3.4474182587332165
0.8738775167657223;0.7576046570179521;2.984973148629752
-0.9513016626055608;0.03274474740996495;2.984973148629752
0.6389590374682425;0.8237291239099419;3.882539661999049
-0.9745433626008365;0.01350273706531168;3.882539661999049
0.6656010864340701;0.7104012329195627;4.346483429662133
-0.9917879373468754;0.013908992969963244;4.346483429662133
0.8151383601254282;0.836432162720968;2.7098024036947352
-0.9501909251070477;0.03844352757218577;2.7098024036947352
0.7741376811041344;0.8507907927764341;2.879379352313469
-0.9544595863285673;0.03675143583046989;2.879379352313469
0.7878172898657979;0.7762815573238931;3.0527276436731023
-0.9673690027569422;0.03928901705080625;3.0527276436731023
