200
2
0.8595494045212136;0.8599385066109207;2.614020965382938
-0.9347586042466822;0.03286124384642149;2.614020965382938
0.6088913642224443;0.5976608097901137;5.470804873806191
-0.9999577368088267;0.03746365856355102;5.470804873806191
0.7843458888693914;0.5957000404360995;4.287150792944652
-0.9831427524208216;0.0019835246731008463;4.287150792944652
0.7831251764310946;0.8831396723912994;2.8539172539128677
-0.9447343971953905;0.03280303520418573;2.8539172539128677
0.6018188615330622;0.786657613049416;4.245105400887894
-0.9827287023645341;0.0005462170664092963;4.245105400887894
0.8991157464275088;0.6251344691045312;3.9824672833460024
-0.9559487409235753;0.0004018850852363781;3.9824672833460024
0.882529316172151;0.7137200448611821;3.3081588969232523
-0.9546814717709811;0.025744681313400714;3.3081588969232523
0.6648152528019166;0.8741750654225572;3.6638811988347735
-0.9610907017919914;0.016223143794549637;3.6638811988347735
0.6091660245210611;0.6105088082031875;5.40291995621659
-0.9999027791985624;0.032324517965672664;5.40291995621659
0.63129906691793;0.8044418673848525;3.996012803320894
-0.9788390480949862;0.011520264991374329;3.996012803320894
0.6867117821638654;0.6662877371806121;4.520416241356075
-0.994061206134454;0.009286810471231432;4.520416241356075
0.614773672284487;0.6156586888022522;5.34317587061752
-0.9997682988829633;0.028290511493079568;5.34317587061752
0.6694005538982689;0.6600392153870803;4.695853872063289
-0.9957982798976058;0.003354763448456928;4.695853872063289
0.774580189363017;0.7285517009864882;3.4377581269443485
-0.9767721274227325;0.03424897379525574;3.4377581269443485
0.803808622807486;0.7405070534290575;3.208056934558096
-0.9698245565331813;0.036446083700617284;3.208056934558096
0.6726354418597554;0.6711171807646238;4.59028681267325
-0.9948465444441147;0.007167488235681585;4.59028681267325
0.6110199815367243;0.6008117737714673;5.44364193261602
-0.999938952378619;0.03538939684644915;5.44364193261602
0.6071365900923926;0.6190156480075684;5.3657075014379085
-0.9997937583770808;0.029951630547310204;5.3657075014379085
0.8559101555645413;0.6606648305117074;3.6842592942155097
-0.9660061148752602;0.017459765048417578;3.6842592942155097
0.7170312273500622;0.7346171159142755;3.7816768960170135
-0.9842168422805718;0.028841261233595636;3.7816768960170135
0.6836523716153841;0.7527218072647649;3.9090333362551135
-0.9849535120170896;0.024228001860965267;3.9090333362551135
0.6345339548794166;0.6337938979636991;5.114417951899655
-0.9988333702526208;0.015003480441948241;5.114417951899655
0.6956916480380863;0.7961410228044342;3.5728160633080717
-0.9764672218862913;0.029104876005993627;3.5728160633080717
0.7601223764219392;0.600331118248888;4.405102716447539
-0.9872621790677755;0.001457887201973082;4.405102716447539
0.6297121407481442;0.6307878935843932;5.1641877496368025
-0.9990850659580236;0.017630691966186496;5.1641877496368025
0.8796148652257174;0.7114464679448543;3.3202610074211503
-0.9557084376007141;0.025819745195649148;3.3202610074211503
0.6242494525867659;0.6296205873152719;5.204937476808471
-0.9992675607928149;0.019917399182844353;5.204937476808471
0.6729787672330264;0.6667836516086701;4.619503294216484
-0.9951189728236425;0.006119010947638129;4.619503294216484
0.7850554279741514;0.7231195306360675;3.420933415504287
-0.9756006317177905;0.03386605319734566;3.420933415504287
0.6961188973914901;0.6313295847288874;4.689129209334042
-0.994902842164043;0.0007590075331106727;4.689129209334042
0.7246149033729811;0.694440417788832;4.025217989807432
-0.9878504754477059;0.02317426180993868;4.025217989807432
0.6186189164651219;0.6136216249208444;5.332763377316608
-0.9997339290452468;0.027635996161432863;5.332763377316608
0.8148179231103753;0.6168946601460277;4.04484270830939
-0.9770513350036654;0.0062528636716562905;4.04484270830939
0.6203508022369555;0.6257066780599828;5.25188716581963
-0.99946265019986;0.02265199632979198;5.25188716581963
0.6459247278192736;0.7695905272714788;4.0751134158794
-0.9846834955280828;0.015336074470808387;4.0751134158794
0.7904647099663541;0.7470226060684667;3.2224959722747846
-0.9714687026074641;0.0371024739761974;3.2224959722747846
0.682942832510624;0.8752737066170244;3.529778953456046
-0.959514776437384;0.020631488631498322;3.529778953456046
0.6499073021492169;0.6396762060257418;4.973629056445364
-0.9979695940024571;0.008231536862426878;4.973629056445364
0.7056404544102052;0.851347742826407;3.3506020661702762
-0.9635144472240383;0.028459685462720603;3.3506020661702762
0.7101265726209459;0.6648915473293101;4.354512759291108
-0.9918638913056624;0.013668473068073832;4.354512759291108
0.7395838896475956;0.6076477634259294;4.504453007980235
-0.9902765065872525;0.0006494893051611425;4.504453007980235
0.82327898619832;0.6043747282007461;4.087573138829401
-0.9753720198271202;0.0011888418350464655;4.087573138829401
0.6406756643345973;0.6789678876334201;4.75747362034764
-0.9960625536769251;3.301615913834516e-5;4.75747362034764
0.6497852309053872;0.6992164552036683;4.542895864195249
-0.9938577044005676;0.007278200244137938;4.542895864195249
0.6519138482196672;0.641614087021538;4.946927571531174
-0.9977890578034346;0.007015605779128714;4.946927571531174
0.7646924186128129;0.8081192636052216;3.0323986519299924
-0.9653943480240175;0.03868745225509609;3.0323986519299924
0.6898169694287829;0.7911361018074173;3.6406342416844524
-0.9779467593654689;0.027781131082973767;3.6406342416844524
0.8632268007415828;0.6961723035606656;3.421998781048548
-0.961492292313153;0.025222181120085625;3.421998781048548
0.8653935653195596;0.8336474124711034;2.6411276872890594
-0.9394013869833279;0.03459153324879595;2.6411276872890594
0.8433978530719991;0.6978965598797598;3.418375139136435
-0.9661722716208597;0.027691513864353715;3.418375139136435
0.7039238275438503;0.7370280229799117;3.863505936831317
-0.9853203911394698;0.02680389919635764;3.863505936831317
0.6229219278101181;0.6388064484134554;5.153989330728858
-0.9989848380194163;0.017340004723569072;5.153989330728858
0.8162598896781134;0.813780317537823;2.765865758720138
-0.9548173798979036;0.039545718836212364;2.765865758720138
0.6914801901259623;0.6861472026611531;4.336861832710141
-0.9921361006661543;0.015260991403022162;4.336861832710141
0.7126671803831511;0.6303682736837287;4.569835215959461
-0.993215059565898;0.00359805604473256;4.569835215959461
0.7363795194970665;0.7724592015014763;3.393697161238171
-0.9761189990351514;0.03519393887863957;3.393697161238171
0.8758993217416515;0.7823317133462017;2.8417991540865697
-0.9467855676850823;0.03392712460587649;2.8417991540865697
0.8107743131585171;0.8021072548466098;2.82843412803174
-0.9582595805805425;0.03987947365297365;2.82843412803174
0.8464343752622624;0.6685155373805037;3.633424308189211
-0.96781711524547;0.020555684883665683;3.633424308189211
0.7388438327318781;0.7065331003807097;3.8307611653812703
-0.9848031990587559;0.02752386188063101;3.8307611653812703
0.771291895232355;0.7354945029793013;3.4066982008407507
-0.9764323228982236;0.035014885574762546;3.4066982008407507
0.7212350558094468;0.7280481571056908;3.7978479165709715
-0.9845730981519561;0.028619015870771685;3.7978479165709715
0.8269563824186891;0.7947677213113503;2.8100201830845855
-0.9562634463548514;0.0392459767066217;2.8100201830845855
0.6379672086121263;0.6380282442340411;5.064776835439451
-0.9985572136737328;0.012489475150853649;5.064776835439451
0.6622746450397113;0.6632206971793914;4.723472624005093
-0.9960702477817149;0.0023231489209707135;4.723472624005093
0.6441165475200464;0.7593136544315676;4.150517418855653
-0.986429367543179;0.014044970527216153;4.150517418855653
0.6596424838446339;0.6578114151871887;4.781354608441209
-0.9965562505514518;8.217400762607074e-5;4.781354608441209
0.6572926124009125;0.6507465419505459;4.8480029725420115
-0.9970754573531698;0.0026419932150763548;4.8480029725420115
0.6803793363902008;0.653584698369586;4.658728571485211
-0.995344790424643;0.004253456286026122;4.658728571485211
0.7268121857619153;0.8353487804319796;3.2123928621887714
-0.9648957742311812;0.03339400756902331;3.2123928621887714
0.6525852400607305;0.651715482448444;4.8735833258099355
-0.9972838461404385;0.0037194095934501917;4.8735833258099355
0.8062500476840796;0.8277574749563213;2.75925081409272
-0.953890613714911;0.03919045948799593;2.75925081409272
0.7415675473598279;0.8613652142731801;3.0845446365466573
-0.9567850003036961;0.03281995895566074;3.0845446365466573
0.8678197312906745;0.7569180062714101;2.9846052861853116
-0.9529666844147465;0.03354442586403047;2.9846052861853116
0.8349367899840544;0.7304895819822844;3.186468598603562
-0.9645328258591045;0.03394772249261252;3.186468598603562
0.6765188333040871;0.817411937041756;3.6351795398738314
-0.9737881139907859;0.024449225919870102;3.6351795398738314
0.745611157311686;0.8103699521633313;3.1476185148793943
-0.9678007371440165;0.03693431788315606;3.1476185148793943
0.7519588619908294;0.6881461192788642;3.8802123074211003
-0.9846878249368921;0.02518075842640573;3.8802123074211003
0.7311075676541722;0.6483737821486065;4.314915624167815
-0.9902829104483625;0.01226332282555729;4.314915624167815
0.628956824926948;0.6368914557758772;5.12949203194023
-0.9989008658813336;0.015860164937983326;5.12949203194023
0.6791052177827285;0.8667363490016861;3.5507054544706955
-0.9620364322424817;0.020930711354563647;3.5507054544706955
0.8737859633328501;0.7835829435954559;2.832752807259383
-0.9471188184023539;0.03428611187405333;2.832752807259383
0.6103485896956611;0.5969054939689176;5.468028080179356
-0.9999416670632991;0.037215035810434116;5.468028080179356
0.8786154069168619;0.792890875937469;2.792697075651966
-0.944200522496125;0.033769078150359774;2.792697075651966
0.7954238542469348;0.8127503414180101;2.8491672432900765
-0.9591319759268006;0.03981648768377089;2.8491672432900765
0.653371073692884;0.8783102288072877;3.7494166021203057
-0.960642903533165;0.01236746603417261;3.7494166021203057
0.7218072647648984;0.6589253152871345;4.3099127302831315
-0.9908871745191584;0.013983829489618883;4.3099127302831315
0.8132615147515468;0.7461528484561802;3.1338116375271734
-0.9671317328764355;0.03692461649711142;3.1338116375271734
0.6251878752737067;0.6243791532833349;5.231059819101091
-0.9993858026086783;0.02140196075279953;5.231059819101091
0.6469089272226504;0.6373415934874992;5.009986412599292
-0.9982041933651011;0.009894633773305753;5.009986412599292
0.750165940597081;0.6736349001686109;4.00071425036835
-0.9861113949687735;0.021548428068029406;4.00071425036835
0.7637845137368297;0.6284914283098474;4.223961015295119
-0.9862764738779264;0.009273248391525893;4.223961015295119
0.6026886191453487;0.760030822989067;4.445683785776473
-0.9872731338345315;0.0005293161257005768;4.445683785776473
0.6548893347880157;0.6545002326983086;4.838745779274111
-0.9970129130296973;0.002227287443110959;4.838745779274111
0.8724813269144204;0.6728185487255;3.602203846190789
-0.9610063068081448;0.018571335700436894;3.602203846190789
0.6343050712972359;0.6374102585621534;5.092545027969417
-0.9987126466699554;0.013890233418639916;5.092545027969417
0.654980888220888;0.7052666112259768;4.4608055432389975
-0.9929728281011715;0.009995042270187167;4.4608055432389975
0.6429721296091432;0.6453677777693007;4.983045517323907
-0.9980494851398825;0.008568876231492134;4.983045517323907
0.8280245058021988;0.8186555378382708;2.7154967994876418
-0.9513219743637763;0.038866597982507384;2.7154967994876418
0.8671559689023506;0.7620144807012993;2.951217704110156
-0.952361583369246;0.034047176164394566;2.951217704110156
0.6935782896292849;0.6797079445491375;4.369949005442063
-0.9924733418712379;0.014204240957178246;4.369949005442063
0.7826140030975578;0.8320070801321421;2.8594486406781616
-0.9573487061265956;0.03867327393312291;2.8594486406781616
0.617848341738447;0.7436961646741079;4.429461567052815
-0.9895711856241667;0.0036506515201612452;4.429461567052815
0.8383853026222429;0.6755956695226252;3.591899970897004
-0.9692127558815022;0.023050131101074945;3.591899970897004
0.6918921805738875;0.6742834036514561;4.422526122590294
-0.9930432128074793;0.012508036781468314;4.422526122590294
0.8600834662129685;0.7320841376048096;3.1517230852181726
-0.9583475167876442;0.03177741272295265;3.1517230852181726
0.729299387354945;0.7080513614758414;3.887648380552683
-0.9859035840069506;0.026546871245167497;3.887648380552683
0.7205560345156442;0.7779218896628545;3.48161027890462
-0.9771696696083281;0.033201213392061314;3.48161027890462
0.754529987563992;0.8448703374506946;3.0048999740539477
-0.9589460141243802;0.03591913078613008;3.0048999740539477
0.7774793814039719;0.6246919608456485;4.166624732900303
-0.984073871704809;0.008759913145908578;4.166624732900303
0.7581005714460102;0.7505397837813094;3.3832544602850945
-0.9764526604950561;0.035798124898449475;3.3832544602850945
0.7212655736204042;0.6757101113137155;4.191442182120104
-0.989833353173574;0.01835291367302701;4.191442182120104
0.6413394267229212;0.6564304842413654;4.91932785999764
-0.9975563167902227;0.005785383367780131;4.91932785999764
0.7011467067467251;0.8245454753530529;3.428728622235906
-0.9701295464182444;0.029625546052674707;3.428728622235906
0.8483722562580586;0.642453326822867;3.8160293707004618
-0.9687530680322878;0.012839170595322365;3.8160293707004618
0.7285135537227915;0.8472659856108521;3.183244417692686
-0.9619160477600072;0.03265561460289051;3.183244417692686
0.8442904990425036;0.6922126175889404;3.4589583080293207
-0.9664840267393612;0.02642023188753798;3.4589583080293207
0.7628155732389316;0.6471225518993523;4.10867506729571
-0.9857379574921779;0.0152458042686845;4.10867506729571
0.7867644253877669;0.716275911528866;3.4705616902633816
-0.9760899654556998;0.03281509657436175;3.4705616902633816
0.7564907569180063;0.6061676495944945;4.405339817789892
-0.9878111942323173;0.0005359657027093137;4.405339817789892
0.62195298731222;0.6122941001441966;5.320471073577485
-0.9996835108181277;0.026934243567719396;5.320471073577485
0.7317255533260599;0.840086670583119;3.1687239683224773
-0.9631976777586228;0.03373165877292782;3.1687239683224773
0.8237901595318567;0.6901450358965752;3.5143394709782703
-0.97131536324529;0.027365915171284047;3.5143394709782703
0.8322588520725408;0.7766248826971641;2.8907881415646655
-0.9583231296694515;0.0384129703540406;2.8907881415646655
0.878294969901809;0.7222116257600842;3.237838514325243
-0.9548587207124952;0.02781886652118564;3.237838514325243
0.8644475131798796;0.7552013794050553;2.9932718033669232
-0.9540778780418226;0.03383960163771946;2.9932718033669232
0.8519580990455554;0.7186791891417629;3.2524711191538467
-0.9619586459628782;0.030687281664931083;3.2524711191538467
0.6566288500125886;0.6553852492160738;4.819720138502928
-0.9968677395532342;0.0014687127930099186;4.819720138502928
0.739957732831824;0.6925330546039933;3.929075109236355
-0.98602332685945;0.024845781800557076;3.929075109236355
0.6262331102989983;0.8560093384501529;3.91415769056042
-0.9674278033482515;0.006668022050016133;3.91415769056042
0.7323893157143838;0.6773580731054162;4.097430672022432
-0.9883132259194041;0.020387753138014282;4.097430672022432
0.6125840193482921;0.6236848730840536;5.308478186600612
-0.9996403992938555;0.02621177378302765;5.308478186600612
0.6275911528866035;0.6206254625355723;5.238811232378716
-0.9994068352805813;0.021900035253547945;5.238811232378716
0.6594822653371074;0.6806768850470356;4.614920640842035
-0.9949891465875342;0.0060167604831305455;4.614920640842035
0.7691937957290323;0.8294130662007614;2.939664353364897
-0.9601858229022986;0.03818584931508505;2.939664353364897
0.6041916213350016;0.6192826788534458;5.379602731877529
-0.9998053232553866;0.030999671317802235;5.379602731877529
0.7342280138245684;0.8732290132828772;3.1438350279487604
-0.9547214783955223;0.03031155744815504;3.1438350279487604
0.7556820349276346;0.7026725972945961;3.745574482455671
-0.982761041811523;0.028563294654464732;3.745574482455671
0.7231805662579823;0.8235460170441974;3.265996374114793
-0.9679516543365655;0.03354435968091013;3.265996374114793
0.6585209542919487;0.6430789419474942;4.890693741058734
-0.9973632337257623;0.004640538834778801;4.890693741058734
0.700177766248827;0.8431765989425578;3.399638340987818
-0.9660060116373266;0.028171302952679694;3.399638340987818
0.7625790602040116;0.7017799513240915;3.7093998461552666
-0.9817726108168388;0.028952495302887175;3.7093998461552666
0.767294061996933;0.7420100556187105;3.3835654929707752
-0.9762104610064236;0.03556748796999448;3.3835654929707752
0.8248964301790632;0.7090431903319575;3.3681192113561362
-0.969248344133328;0.031107026539350525;3.3681192113561362
0.8547352198426806;0.7648068604039032;2.9329795789260666
-0.9550174496989672;0.03576549863414308;2.9329795789260666
0.6456424380679174;0.7110115891387111;4.482051675527979
-0.9928224797819083;0.00825480580676572;4.482051675527979
0.7729780042877524;0.6276140412448216;4.174242799531884
-0.9847751257347486;0.00955289297178518;4.174242799531884
0.6399127190606618;0.7658826132401523;4.137585707082252
-0.9855503791905339;0.01320806640212837;4.137585707082252
0.8507831633236947;0.7379130394976768;3.1129877904417915
-0.9598712666659471;0.03356627965842192;3.1129877904417915
0.8335863768491886;0.7199609372019745;3.2664760182540067
-0.9661109358373358;0.03246570371655803;3.2664760182540067
0.6742071091240626;0.6839651791776976;4.482937481633364
-0.9937412449362522;0.010712068961810664;4.482937481633364
0.8363711270990531;0.7394007827818511;3.120138657342217
-0.9630480772425192;0.03500487598609213;3.120138657342217
0.7139489284433628;0.8692082916892371;3.2891583287131105
-0.9581712766888347;0.027805425445411983;3.2891583287131105
0.6072052551670468;0.6163605984542728;5.3806922754075455
-0.9998402203242301;0.030893243435276385;5.3806922754075455
0.6615879942931694;0.6628621129006417;4.731148397035183
-0.9961351247900028;0.002035316598135925;4.731148397035183
0.8011306848959724;0.7647534542347277;3.0703341281966487
-0.9667661660805504;0.03875640256328259;3.0703341281966487
0.8308702916739782;0.760633549755476;2.989672268771332
-0.9612198592483524;0.03749730768710894;2.989672268771332
0.6375857359751586;0.641400462344836;5.045048069503582
-0.998437878468392;0.011532206503162695;5.045048069503582
0.8410784994392352;0.8321291513759718;2.655955378013283
-0.9455378188449333;0.03728027451568066;2.655955378013283
0.8526523792448367;0.6441012886145677;3.8007576063565613
-0.9676458905327172;0.012923318748219576;3.8007576063565613
0.6269197610455403;0.6269655377619764;5.204949909017758
-0.9992743565258889;0.01989769423853492;5.204949909017758
0.8220201264963264;0.6226167497005439;3.9894703478876496
-0.9754052756972676;0.00805029654228629;3.9894703478876496
0.6280031433345287;0.6444675023460568;5.085632820723873
-0.9986201854199604;0.013773276529276568;5.085632820723873
0.7442836325350383;0.6620839087212275;4.125422104863798
-0.9877396884582745;0.01787483816289463;4.125422104863798
0.8412997535686765;0.7538433368174501;3.013925133621383
-0.9598803173898367;0.03616389279901924;3.013925133621383
0.7969573742475452;0.7985137826063736;2.898255140266044
-0.9616545729481681;0.03998853358638939;2.898255140266044
0.6741689618603658;0.7534847525387004;3.9747535661135043
-0.9855757388875007;0.022002881594315973;3.9747535661135043
0.6360751043327663;0.6359454036361972;5.090707978611757
-0.9987040978097844;0.013785282007603733;5.090707978611757
0.7075783354060013;0.8490131302881644;3.3375548445355046
-0.9638782214459444;0.029055948973029842;3.3375548445355046
0.7463435847746641;0.6008499210351641;4.492849556796454
-0.9893485491771216;0.002539764846534044;4.492849556796454
0.7622433642834799;0.8538044266084793;2.9485430111603783
-0.9556440211296926;0.03567952013670277;2.9485430111603783
0.7257364329256663;0.7170998924247164;3.846188569078559
-0.9853473920679203;0.02761249476940233;3.846188569078559
0.616642888205629;0.7769300608067383;4.216784118980579
-0.9843334020731452;0.005847947460045716;4.216784118980579
0.8490970542682973;0.863425166512806;2.618801590239106
-0.9363920059561032;0.03356672751499872;2.618801590239106
0.6445666852316684;0.7394465594982872;4.281026401168855
-0.9893414430988569;0.012173765503534259;4.281026401168855
0.714513507946075;0.7903807859862212;3.457404195485935
-0.975622945457883;0.03259953039807135;3.457404195485935
0.6609547497158029;0.6457339915007897;4.855444979512031
-0.997100671448996;0.003131583004873449;4.855444979512031
0.7803175378230119;0.8001464854925956;2.97385785768871
-0.9643639491107376;0.039612579224651896;2.97385785768871
0.7683621853804427;0.7444743688535221;3.3724867987074525
-0.975691006533901;0.03591595297188381;3.3724867987074525
0.6609013435466274;0.6729940261385051;4.661901645252013
-0.9954916425428404;0.004521046376359902;4.661901645252013
0.6391192559757689;0.6408740301058206;5.038355260183806
-0.998400778856516;0.011203688092553496;5.038355260183806
0.8179612576389895;0.8248582829153664;2.7255731266443717
-0.9521485860237396;0.03905945899452545;2.7255731266443717
0.7775327875731474;0.7173135171014183;3.5035838745114063
-0.9776141895619653;0.03265816991162924;3.5035838745114063
0.6705602307146509;0.8441760572514133;3.6208902820510027
-0.968215738151009;0.02129382209307544;3.6208902820510027
0.6529667126976982;0.6483432643376491;4.8941885448313736
-0.9974320309577789;0.004618553046681406;4.8941885448313736
0.8686284532810461;0.7180306856589177;3.2581534144677784
-0.9578670931164016;0.02857116690670412;3.2581534144677784
0.8195634427142541;0.8643330713887892;2.6757273846682086
-0.9426690248733954;0.03547852763485106;2.6757273846682086
0.6218080277101723;0.6201371775602535;5.276498360903563
-0.9995595490306692;0.02410301388453051;5.276498360903563
0.729039985961807;0.8706197404460178;3.1786185300757275
-0.95605180224689;0.02997752866703654;3.1786185300757275
0.7048317324198335;0.6650441363840972;4.393113327468888
-0.9924186684744213;0.012729915721475672;4.393113327468888
0.7118660878455189;0.7000633244577367;4.0779136398996005
-0.9887998487363667;0.022245074409906578;4.0779136398996005
0.8296953559521175;0.6269884261201945;3.943239579619152
-0.9736102924313756;0.009185181138509621;3.943239579619152
0.6819510036545079;0.7865202829001076;3.7224299201715922
-0.9794609678310163;0.025882731688728854;3.7224299201715922
0.8142609730604023;0.7792036377230661;2.92548641066758
-0.9617402701925307;0.03936413596341701;2.92548641066758
0.8264680974433704;0.6273622693044228;3.948690984282893
-0.9743173115944207;0.009495653758009624;3.948690984282893
0.6932120758977959;0.679158623951904;4.37622649730111
-0.992550595963319;0.013993701100744521;4.37622649730111
0.65968826056107;0.7281091927276057;4.257096818894727
-0.9900623808737121;0.015144327605345256;4.257096818894727
0.79347071434566;0.6015747190454028;4.213534942306836
-0.9814573711819301;0.0005847763069331963;4.213534942306836
0.797811872954353;0.8186021316690953;2.820951289606776
-0.9574725616999341;0.039649172797397755;2.820951289606776
0.7688275819975433;0.6017425670056686;4.344310313466234
-0.985848197156466;0.00027772938162169;4.344310313466234
