100
2
0.8169993048164969;0.5704276462953065;0.08442435206428757
3.9998570786595002;1.2766796563382339e-9
0.31814674193728015;0.23006420953736514;0.9935862815381411
3.7779257023278086;0.003170964251183104
0.9413531006501709;0.22610015656636578;0.2509192702817519
3.951012192125693;0.0001509133703474903
0.7838126657495379;0.06766837878833432;0.6183795768983571
3.970083240187105;5.6148451865483065e-5
0.28067007477130473;0.5017762820576551;0.8554706412385527
3.9926391521024223;3.3894995275579084e-6
0.44090787281360827;0.8355365897988042;0.33644148900333065
3.971788774399066;4.9918265790984036e-5
0.7200639315713842;0.09940758723183078;0.6883923374935389
2.597814260299357;0.1507197081162024
0.7595261987997421;0.6427450210575085;0.10040229147206824
3.541265447730466;0.013965323271002418
0.7046927293886613;0.11119534748915237;0.7034908598241563
2.183949763689321;0.27267272577026097
0.36189175502782206;0.7397686631484537;0.6035651716970575
2.0007466625287615;0.34283657129717815
0.4581949137156415;0.16881470048068872;0.873083297011958
2.7616232364267552;0.11437028631058833
0.32151500297200214;0.7549531336934321;0.5724345251840441
3.8302052259366404;0.001841181323855126
0.3048954138513533;0.2702709561504479;0.936042281330939
3.4776684611732254;0.01826530952820881
0.9168026639221025;0.36954018284861734;0.15168969663062024
3.641247975603994;0.00842624247908734
0.3450627136279039;0.5135421772442756;0.7882866158772015
1.0313707659481768;0.9691137264231262
0.6489268134634453;0.11444914390514156;0.7564482748453218
2.5288151735226005;0.1679156477981446
0.8976869192278438;0.4020506147132079;0.21440193968193735
2.13080875745443;0.29189275195556
0.544247451053924;0.18635345536679981;0.8242109645653599
1.0054043844545244;0.9946101799019659
0.5857361481652469;0.1401161124201443;0.800018110718549
2.1246866785621674;0.29416467303001453
0.634144966536331;0.6817579383702177;0.4702126252270734
0.0013542796335774016;3.854152125650565
0.7329591171535611;0.6237380016221925;0.2763398778772118
0.1054501368723747;2.8065266633921255
0.6758511264252621;0.09440804913863383;0.7522025596270528
3.237480357573179;0.04028050477133643
0.9233378899059091;0.2981601806685191;0.28492149327433913
2.2651822645728594;0.24497327873476382
0.3141461252051863;0.32049615450518404;0.8974571867358639
2.5247403912064073;0.1689677191151126
0.5947363728895013;0.13325333882989604;0.7928802055662825
2.3129189363520504;0.22960544930958124
0.337529098315343;0.2529883583160585;0.917782314362786
2.5824641423938224;0.1544452968784207
0.32502100435486947;0.22182332865724677;0.9770227441718595
3.77094854184094;0.003376419906375044
0.8078045769195994;0.5207093369546744;0.34880646169351864
0.06841445863352066;3.0221681500922046
0.6868376466539876;0.6728057168938294;0.33574092023224184
0.20977093845011452;2.377740639791866
0.8858108980666054;0.4216374411997923;0.2612949713100351
1.5509360621073331;0.5694727235172227
0.6126709529369185;0.20310423025164734;0.7659215857897396
0.30280341357537494;2.101700368007994
0.5719204484184587;0.7229080313052553;0.39805684558456955
0.08578335862407672;2.914231508305352
0.2953455752639526;0.4495801291773614;0.883785462544227
3.039306720422526;0.0658637023173077
0.3185360889616044;0.23638954774146823;0.9569088243419787
3.5974767198894004;0.010670572489138379
0.43037030310133156;0.7068248032242574;0.6282335197109145
0.35502576834133365;1.9716642151015953
0.8445331164289289;0.47610971666000396;0.3811064056967818
0.3626812721450011;1.9537602783554542
0.9097628466462268;0.39399500226251366;0.13078334084071344
3.9730741402730945;4.5465774957966416e-5
0.3766057686117698;0.7771833117540359;0.5069883090673405
2.390982533347255;0.20586163448391265
0.798899466554027;0.5863105884825587;0.16602560267733285
2.161890619314428;0.2805429923643896
0.8243475842029938;0.5499986331285055;0.18714740831399093
2.2142782211889345;0.2620978190990456
0.7533020677515279;0.07593762439361064;0.6561221530577371
3.586750621586499;0.011263182128627133
0.7416155042597076;0.08425520244819452;0.6661291139774219
3.205354519495335;0.04395295891200459
0.6261235363783122;0.6899584884749619;0.4553990356363085
0.009064271498986849;3.6282384005503476
0.8552951571815087;0.15647472845221574;0.4947262535365823
1.3323029881454358;0.7152857897448307
0.4238446404700864;0.3580099463752792;0.8323194028029139
0.10645497865842692;2.801357411985793
0.707256332425831;0.08714586913077375;0.7350902374040144
3.301790223362886;0.033458669711375795
0.7930711654112467;0.5912605363855901;0.1493652835325257
1.8197417226037444;0.42382960678311044
0.7642601635830802;0.12085046449818836;0.6389911537576739
1.6542118367802447;0.5095651639285594
0.8228352155952717;0.5222171235819243;0.23512195503389033
0.4618505042033339;1.7434671487412419
0.30873690506786994;0.28137586467981157;0.9232293158365658
3.152741374073077;0.05035712755633192
0.6609502535372861;0.6975309184719612;0.3629386952625928
0.3241759689950636;2.0467178455774193
0.8764448893199396;0.4637949379257224;0.13349331744373796
2.9645743487323046;0.07739861555133158
0.5358856434533732;0.7869588604245887;0.3277240015637312
1.5007423599636194;0.6005507556058969
0.80282548501899;0.5447945857301443;0.253886294159029
0.25188980832030716;2.24434480680106
0.6021077247115951;0.7312973607979302;0.32104027714890565
0.33284611784716095;2.0251334222209105
0.4995217928198474;0.809041551615299;0.31337862527775195
2.3445297580952706;0.21978681414045273
0.33979668286032416;0.6143584363460208;0.7121245242425109
1.4650094421147979;0.623506465369171
0.4726740154375599;0.6920302077030701;0.5600417826242458
0.048511047643402846;3.1675021020052525
0.328144219934182;0.33645685933263353;0.8838592829397652
1.883800370251904;0.39373607882229783
0.3996607473735611;0.1757627397858849;0.9923475608135748
3.62243626810802;0.009356714489240156
0.3903826600761932;0.8169104337935348;0.4624330593339376
3.4770194898413527;0.018312374163619964
0.8589205458263954;0.3388035900272553;0.4734118578246385
0.04086528390094995;3.2322587402623277
0.3477620986514644;0.6581999530981196;0.6730012685068237
1.4827270909414998;0.6120358201808497
0.3698927011233499;0.6757828886419834;0.6383962109594706
1.0337249862557356;0.9668343090808782
0.8367829732897761;0.31235200391386836;0.55986889582858
9.958762220969611e-5;3.9601821483837623
0.8445969837923298;0.3806482273641415;0.4866028556160382
0.000406128505554495;3.9197956075490943
0.550682333459455;0.7161244960788312;0.43004304710539704
0.03289502937379646;3.3074155534540823
0.45028565300059514;0.15734341874534338;0.9446976190817725
3.5101336185412793;0.01599338121849028
0.3943545114741591;0.7636196408377898;0.5182732542586934
1.6468527666512933;0.513662309789139
0.38377687991644144;0.7485972143231454;0.5429299659426442
1.5859497853202784;0.5485698547289344
0.4230135151117398;0.7344805025602379;0.5313484513150325
0.6971549023334134;1.3573228051562791
0.38429830939986676;0.8235201303742674;0.4529185698263566
3.9578095116138354;0.000111842952291785
0.9339001630557717;0.2427548944442815;0.27129541256552625
3.0636807791278127;0.06233144731719354
0.8364895602558866;0.49322961726890535;0.3631459210298308
0.37420865105231343;1.9273048080627662
0.411018140060097;0.8036073539107608;0.4388041220701209
2.483423397502099;0.17987087848287667
0.48527651241807546;0.2047714105989044;0.8678479965272908
1.1125939165189822;0.8934112155324849
0.8884611545750428;0.4441163074792303;0.11576811152174227
3.7418764455430447;0.004304272781829341
0.2840442024081067;0.4687363943482727;0.8559536469724855
3.7368039801087183;0.004478089295560595
0.7468870160936052;0.6566977487405822;0.12192799907137085
3.4826297326975535;0.017907653265469507
0.3348969661227631;0.6063057472445901;0.7234559528708021
1.5897148565778214;0.5463590585753503
0.8826006877263103;0.3440773381637501;0.3814839742373977
0.3510879562919683;1.9809809332502886
0.8953822261156364;0.40756470931498223;0.19939691292095024
2.082546157992813;0.310134311296061
0.9022368665535492;0.40868614597884456;0.1391742489944712
3.4323114534570336;0.021712067758698755
0.6708778469518876;0.6634201727811828;0.42185483097685
0.007750975769369129;3.6555924712434864
0.4511398161049056;0.22236489436264859;0.8995548761088513
1.0876561825441693;0.9160259351820293
0.5099350388984866;0.17699611332405832;0.8455162843679057
1.6424531866629282;0.5161239944819529
0.8912062403903217;0.4342880066862462;0.14253358259459908
3.28553667954682;0.03511690737161718
0.7742422988103334;0.6194041998338687;0.17993286097226602
2.355110168507011;0.21656288954009115
0.9261329428689286;0.2830502007431731;0.301256722056053
2.402119865028655;0.2026103811695909
0.7449949880870261;0.6031001594613193;0.3884259658516174
0.037561933824575164;3.2623258786818834
0.5232601716011765;0.7450074365673255;0.4155571071621764
0.2673823617844237;2.1990212258725204
0.5203613284627314;0.1511643004085632;0.8414054608079333
2.5468036730085855;0.16332039441081295
0.446917666059411;0.30146345285671783;0.8424122473867776
0.1788790332202133;2.48711529926579
0.35506961384570523;0.7955925373635595;0.5521101110566261
3.6208844261681383;0.00943575862197841
0.8268932442934799;0.11931552126240935;0.5613325508510091
1.9750348763071974;0.3535975137712456
0.9333674036681519;0.2847782030840059;0.23533903491933747
3.259122306251424;0.03790655680709767
0.825672720112199;0.5326158736865457;0.18600141735276773
1.0078958588618658;0.992135190969685
0.7967129472259774;0.577469128657996;0.18311795691158492
1.0889794111457436;0.9148123591062715
0.7150976969661871;0.6369418843120921;0.30276455034234884
0.060092101615623686;3.079544486326096
0.5616434862804183;0.20683123545756374;0.8013244757518148
0.4703182309441322;1.7271281727990326
