100
2
0.4481054941476534;0.8357348191424239;0.32398126538356664
3.9962996414464733;8.561869096765259e-7
0.34411626805046985;0.2017276264231288;1.2838170572839513
3.869191369301155;0.0010872832573970302
0.802079391782585;0.06796969884629032;0.594433370821581
3.9860063286980236;1.2260382647146661e-5
0.9416237609523143;0.223952278816534;0.26599790310775706
3.9932369701605657;2.861079995851889e-6
0.7884584492024329;0.6091635730863959;0.08582585280021873
3.987265573741531;1.0151516416256363e-5
0.28017521683850216;0.4595513263554312;0.8442210564139837
3.9962065842447934;8.99801909185603e-7
0.3262413961296558;0.22298017789656954;1.1830302569228186
3.693427524944088;0.006110671899365998
0.4498225221875585;0.16326395006942176;1.2482885866378886
3.1971762998593993;0.04491646133630572
0.30814820296002104;0.5576817162252464;0.7709846237093684
2.5049832270569627;0.1741277056513918
0.3260327552659798;0.27252122236137755;1.1475040957814675
2.612445908204984;0.14722089036687758
0.8160250918284375;0.519216411795721;0.5267347099229694
0.1908680961503571;2.443329959683598
0.8384568967160078;0.5355630964628667;0.10504940703306333
3.437144565164453;0.02132950256807999
0.6179504326739513;0.1493556883388149;0.8382655290845207
1.4436287136504666;0.6375846628320114
0.29962655252102804;0.2831543201783793;0.9863463160410342
3.542442180354833;0.013891530616376999
0.8502756689110134;0.4038640721412331;0.43569810525817554
0.026807311603625834;3.3718897704902324
0.5493943249594255;0.12406092976097165;1.0145333735743778
3.5057080969442618;0.016293597057892933
0.2972174309323092;0.49350589031034087;0.8183273216407478
2.9514891453302683;0.0795297213170347
0.5266468318254919;0.13094291384773382;1.0441165081043895
3.524627234454173;0.015030990229935861
0.8813233062891643;0.4467007228926248;0.16739088094868076
2.341002890892794;0.22086839447159984
0.7587765099210839;0.5966356413961927;0.353169424536935
0.12719739142550515;2.7006076596497284
0.5331502407966817;0.13175961226938548;1.0077446991582557
3.352506174967446;0.028566060556410224
0.40076117035583414;0.257769396458085;0.9048244133709598
1.0947487117285053;0.9095391127172341
0.7301970440592497;0.6666835764183077;0.15468137752001193
2.0850137327961016;0.3091830804364234
0.35330823476817746;0.6424274621617738;0.6803145965585798
1.2172875631262157;0.8040573391270812
0.42982353240150917;0.5762005431548723;0.7038197209051913
0.01462616047855891;3.530871504008006
0.8303839102520496;0.5443171217014483;0.11910148443168563
2.7157263652744774;0.1239419449227591
0.6976645595275283;0.706492945445539;0.13671798007565178
3.598968035173451;0.010589515174912075
0.4610126943951343;0.6617535645449975;0.612758094041582
0.017028496038124175;3.4950553773720507
0.6393990535889879;0.7212995132347845;0.33775162613454
0.612143884660873;1.4825589034574598
0.7360804778157005;0.6503898442010632;0.3695253806768477
1.1035647700770854;0.9015371260422003
0.5581929413072174;0.7966810702187295;0.2460781424691988
2.850713237527562;0.09709111303458795
0.38510218916839245;0.7887947317830555;0.48302270638225486
2.5084311761654634;0.17322014427020266
0.8965751415690055;0.39442711456083335;0.20248675055564108
1.6841694710312511;0.49314726567515976
0.4058287421629716;0.185270589227433;1.0942021045494787
3.0291971932346304;0.06736158100174126
0.6550889391423751;0.673655544473662;0.46019050511890375
0.00739078457486258;3.6635120949213724
0.9349667363905356;0.29174261101530635;0.2156823771244303
3.636752554397746;0.00864395066353225
0.8332317239637634;0.08283518108563909;0.547724196270116
3.471122549982406;0.018743010552164655
0.9261419062098999;0.26386635150027044;0.27954001140787704
2.3305998875240843;0.22407893035171497
0.48663101142072235;0.8179051832081033;0.3074056027261841
2.8292453919753076;0.10110105110353035
0.7863431591380731;0.6022679635946194;0.13761779549923653
2.078909660786961;0.31153984668700363
0.8651713428604718;0.4267486123301306;0.2703777269923474
0.383679183823902;1.9060054883622837
0.37326984610106245;0.2726689768259607;0.9404393957444823
1.35063471856088;0.7019622739833875
0.8231975804153516;0.4727434947399199;0.31591546986984714
0.006431450052928092;3.6856461622873424
0.45086545690334756;0.22536292185725232;0.8740389739979024
1.026969820254852;0.97338904221704
0.763604496223269;0.15797907080177934;0.6293316510402666
0.7185840563399237;1.3278105603011836
0.5135547760653795;0.305850992202797;0.8060595814938729
5.102499171045349e-5;3.971478313055892
0.6864404385559154;0.096646383289752;0.7208622882899308
3.0036139082580515;0.07123895214605366
0.505393667105266;0.19952368174092305;0.9191859775205988
1.035401242579218;0.9652145292615736
0.6271451845616766;0.12143378230269336;0.9143492593031789
2.4535726564709837;0.18801900946294467
0.6820576015372193;0.7122120971765653;0.17820369841630232
2.196616280308096;0.2682218530681594
0.6061015455552378;0.17504428711167128;0.797265533530493
0.8191029326280186;1.198930709922544
0.3106290578290442;0.4837586543159989;0.8286829541933941
2.2588267536502835;0.24706926865435797
0.6698320389421241;0.20975803285305625;0.7414720797671854
0.11766750319205452;2.7455596171011423
0.5156896448100656;0.8082669562446388;0.29272491824564917
2.5404147915076383;0.1649433058744218
0.394436560347323;0.685137453568354;0.6139573251313926
0.6365767740225736;1.4451463134984566
0.6439413475874236;0.741926624194872;0.20764706201696742
2.222125246695763;0.2594074144373717
0.8526851560181666;0.38512363077912976;0.5005414209676632
0.0216882232236432;3.432611342351298
0.9039828353858737;0.3704730331244253;0.21601104075227356
1.7174072694991536;0.47541181814797395
0.8719609367208307;0.3816297051313693;0.3287894247544979
0.23766517312451077;2.2876285657778253
0.3362477432459583;0.522247282572903;0.7885754257561491
1.3032710075622476;0.7368351850639219
0.7732491241509157;0.6165605988351205;0.22887433951130934
1.8263421931059813;0.4206530520532236
0.6667996692883426;0.09361013410683262;0.7552722935974647
3.39268222913026;0.024988175623141137
0.7474859987089166;0.12928385959533853;0.6547207740490623
1.4009706272745543;0.6664664255240828
0.49595575795430985;0.7534167484356191;0.4318042161365319
0.42333413442244483;1.8207688325022189
0.5398854757896541;0.2798289860788435;0.8143038319592334
0.005408740222446267;3.7112321885410786
0.5637563120679502;0.7296051560003766;0.4079863767507514
0.13002047624875074;2.6876863887433586
0.35684788344376805;0.21316962936583786;1.104978575653277
3.0854192567294656;0.059274644805266834
0.7466654070963532;0.11941461355724946;0.6559151052132203
1.713309561406382;0.47757150622236505
0.8484139640777113;0.33122135134068925;0.538051114921769
0.006535978481994247;3.6831543839038425
0.8245435097768856;0.08684668155284074;0.5614725446621488
3.1964836132726093;0.04499860578208468
0.802079391782585;0.06796969884629032;0.594433370821581
3.9860063286980236;1.2260382647146661e-5
0.4875187117911358;0.7837109762942706;0.41485706436846176
1.1254043924264008;0.882001244147603
0.7145983950801484;0.6226777207326344;0.5167489924574744
0.00022106079896734308;3.9407486068099358
0.4819648419560237;0.7511083125887864;0.45116094184432737
0.4384720045190178;1.7897832586856601
0.3790338278138725;0.21494106491374546;1.0627185542301143
2.486898959871923;0.1789370578031757
0.3476954427706209;0.6280929157998194;0.6983725071593706
1.2936574069391429;0.7440949542381926
0.8195193288270121;0.10887712863616353;0.5713677684803046
2.2639518044657896;0.24537814690766072
0.47141421039986564;0.7167756056246282;0.5138343823721159
0.15846308292469524;2.5661662114854766
0.6079940646940268;0.75856715084897;0.27156037433906005
1.6293469485352072;0.5235119358694713
0.4400345373183904;0.6230888286713783;0.6745863890181962
0.020764650205197473;3.4443668680415604
0.9204142326608358;0.3416042197130998;0.19215143856928021
2.8562074400091264;0.09608029326506366
0.36577902898006226;0.2046255003765053;1.126939350037679
3.1579021856524014;0.04970726918883957
0.8077218357397233;0.5821989870874401;0.09340760587566993
3.6226690212602892;0.00934488917681227
0.47955463226066475;0.738965800335314;0.47579747665479993
0.30151841921943545;2.1050907041532265
0.5142974375290128;0.15336767722821998;0.9572140677021567
2.5386353360289093;0.1653971185712762
0.91391030048036;0.33062441800031556;0.24115438405985323
1.8143493340001857;0.42643792567107586
0.33309419204744267;0.6105407887264589;0.726470349546384
1.6726889155697342;0.49938990535239064
0.8645065938788665;0.4898338604989274;0.11590348057818722
3.3148511652858583;0.03215807518699482
0.42400243731722237;0.5836915184875439;0.7053874012470368
0.03594487116771981;3.2775795642848715
0.9221720583952865;0.2423007793664113;0.3960877216435342
2.098036302409933;0.30419639794597486
0.3944583828163152;0.3259179126591444;0.8674214444558124
0.495467152974772;1.6798900455958332
0.7073625462273556;0.6889109313392959;0.19320924137044393
2.0801725666251443;0.3110512239939886
0.3812339742496504;0.2133313551846359;1.06567024070989
2.4895281899728126;0.178232677990744
0.8900931663308795;0.3560583855592618;0.29706849772891086
0.6273283506556079;1.4591658531675566
0.8759372396396315;0.43283249676091146;0.23297382872056327
1.048802859346008;0.952359798648578
0.8536123786295937;0.368548400747894;0.46058599583957477
0.017874768541473476;3.4830885526910875
0.28310175633908163;0.5211487050529159;0.8093919843430342
3.856272486344234;0.0013148300924993761
0.6760096894443418;0.6536684399427438;0.3848128441373647
3.230517477790766e-7;3.997726817396495
0.4139980971259027;0.16714916619185147;1.1300533078879198
3.7531908145396815;0.003929363753877487
0.5769678167941635;0.7264388342319079;0.4005903022286014
0.12756598181281292;2.69891077183211
