100
2
0.8146500151465988;0.5737755628172533;0.08442190658996125
3.993626334467984;2.5410006091682367e-6
0.437362178453651;0.8347157317459651;0.3353241635435955
3.911679260408874;0.0004929924373010802
0.9416049542780124;0.23918191532556482;0.2396321880923265
3.972865467240012;4.617442770143148e-5
0.4385725815761227;0.1629281258358338;1.0080035674107015
3.4458451464800834;0.020650041724832983
0.7769090229814275;0.06749214857067067;0.6281541342765604
3.9847105045830986;1.463853224584021e-5
0.28074570291034423;0.5007699049937233;0.8222001488971893
3.986183348776083;1.1951891507745413e-5
0.7579727180258006;0.0987389679609763;0.6473302854185143
2.476867552461376;0.18164072260194544
0.4137208701536981;0.7448080180450053;0.5681849435362297
0.9637693337155666;1.036899162771655
0.7261434204391536;0.6758527731927086;0.13893019494861733
2.888309477540718;0.09029861842527466
0.7712329951319224;0.6220491294496908;0.1534406360046357
2.2090880297220203;0.26388757258415146
0.4691679007833489;0.7666403678479272;0.5288524112944212
0.7674007648942069;1.26334422449602
0.8384629011353373;0.5232029736394521;0.2667114051144759
1.7929774093072912;0.4368931540965258
0.4583127432001257;0.7877772393528762;0.459856569742241
1.3739984822787377;0.6852912279857377
0.9329021838019274;0.2708553526558411;0.23836096275519733
3.0345451399032437;0.06656679332007574
0.31581392945885145;0.663329325164019;0.6784467754021952
2.7340672845469864;0.120061194985851
0.8806176587500514;0.4159533146904317;0.2284424748541124
0.9423170448273123;1.0593964021619233
0.6025913130440794;0.7081094877408521;0.3917957862113486
0.044719077370037455;3.1988436504184095
0.3629567514569863;0.2278176897723161;0.9070393830493405
2.482751705423521;0.1800517056792578
0.852862443321045;0.512393224372208;0.10074373587516106
3.60737299982705;0.010138766421264073
0.8089288081411209;0.5731319756957367;0.2789227210292277
2.261535208042271;0.2461745930270469
0.36951498297385776;0.18878084342876228;0.9586539369610562
3.7235042026704797;0.0049507603000976145
0.34886723382362705;0.29296876631501945;0.8902048813635054
1.646336214211492;0.513950859682482
0.2959940570204762;0.28343810243058076;0.9914373449750405
3.7167418425701007;0.00520052574363821
0.8513142398653841;0.3993950740382278;0.5080349970657632
0.027373815882151948;3.3655724452924325
0.7472243916283198;0.07054265586710022;0.6619155723647531
3.9205968778243223;0.00039801383175479786
0.7410892080909989;0.07458537542646138;0.6702002740725598
3.7273322069445833;0.004812196539085306
0.87158756316535;0.47425769665777456;0.12416798407715762
3.0391338063212445;0.06588915973527289
0.6446640852974705;0.1701910563506342;0.7603105740538363
0.717010120860612;1.3299521151911207
0.35938808391583027;0.19892793959331337;0.9348376400005027
3.5487717696376904;0.013498163841876552
0.8499992229428183;0.4888261563707902;0.19637186510391894
0.9884472798727628;1.0116198410763289
0.3070007645814625;0.5881450660069713;0.7498705578832877
2.6712620104477556;0.1336636618824287
0.5620323201468682;0.16536434738440473;0.8645730948453471
1.4435819849968288;0.6376157179544497
0.32289795648026504;0.6002729844053261;0.7450698583477913
2.0101258320689466;0.33896957314756637
0.865532061760014;0.4773549459850902;0.17149815883786979
2.1124159096850517;0.29875488112819004
0.8247070567288232;0.5516500410435301;0.323837559869324
2.503131865265568;0.17461625382483398
0.292319363513267;0.344404627038015;0.9315622876390145
3.4281215597736603;0.022046691371467017
0.8301288212939228;0.549578077516831;0.10287271851029378
3.6464171514102186;0.008179499794271551
0.9172914544303536;0.20400562430354613;0.3429666374594339
2.217686037691414;0.26092713682404517
0.6215120358682298;0.1269072597382487;0.7897279140641882
2.271105133513855;0.24303063694186253
0.67499779106256;0.12857107357798367;0.7311487766870357
1.7134678907124459;0.4774879202198988
0.7924916857387159;0.5968904996098297;0.1490063942217457
2.446792608617766;0.1899018681713376
0.38523289461269283;0.37907858938744293;0.8425787481514077
0.3884689325744931;1.8953778950887197
0.4980097526040707;0.2840860293956531;0.8265840337309975
0.05690623829857266;3.1027050997658403
0.7053103677697321;0.648837177571515;0.482262244144885
0.08845645268441821;2.898791271656289
0.2997525258814802;0.6262167994194529;0.7197456255590988
3.2531061622847783;0.038558456672426265
0.8004154262483033;0.5798564976316932;0.18325996377395393
1.6722613013712448;0.49962359687850527
0.9018021426052502;0.40180973340787257;0.1591409119673516
2.7818563247311254;0.11029719693363532
0.3377903000649504;0.6426090818667461;0.6980078554213355
1.6937529656859904;0.4879823742196467
0.7158469065223411;0.12762095336403806;0.7022762903782207
1.527534291687071;0.58379596254857
0.44682083922902094;0.8305523700839682;0.33325634944614807
3.57367651890166;0.01200842896101779
0.34008761456034864;0.7118170652210709;0.6168232048528729
2.2853976063511765;0.2383849801349203
0.8800905432089503;0.3772555500114803;0.2933714375490919
0.4204468225369419;1.8267719854397644
0.5125564614074679;0.1895657470432726;0.8384891657569942
1.2229590595122282;0.7994598844025897
0.8777651788637754;0.4468161265002165;0.1779360788537925
1.8088508002542076;0.42910983956963933
0.8258203015808778;0.46420157721344396;0.5230433237407406
0.003991071523977265;3.7512913596451622
0.7976360922811301;0.11068664009523772;0.5931166177830924
2.06613884506103;0.3165108987521142
0.8334612410752055;0.4426836238977829;0.4832786205176012
0.0033985943312276183;3.770208737562881
0.5220323309071374;0.7469788736705266;0.4983394451705807
0.29366405407360097;2.1260328896045126
0.5491786082360551;0.12169017259630004;0.8787003486749735
3.6550443048027135;0.0077762385686406515
0.7033736287921954;0.696960779598764;0.14838125687255785
2.7234790654709755;0.12229242612077396
0.4014738107281773;0.351963492768087;0.849795919693817
0.2939189388085729;2.12534728425409
0.5995354461157663;0.716634427028102;0.3568871104288142
0.10120902105517096;2.8286744097841314
0.697148021443614;0.09297449827777843;0.7551452989710037
3.0881269206705437;0.05890002642899421
0.5674132964158721;0.1811094515594808;0.8053305473288448
0.9456990374656995;1.0558166999841154
0.3947396909853601;0.3663673134820175;0.8447912623862054
0.314535143817698;2.0711978305535585
0.5430508930575555;0.7189672503973417;0.43916020735523903
0.04498234818973228;3.196620649952644
0.7344551613967595;0.11814346142682111;0.6832272335097241
1.7842471725918976;0.44121855939223015
0.38088626294724226;0.5366552614635833;0.7965678089278444
0.33773123964529694;2.013145290637442
0.8934616955479033;0.4336758113776092;0.12808567068838828
3.85447459813465;0.0013482416983548878
0.8749028010269942;0.430551878565278;0.31733146659538064
0.913680434511911;1.0902151277266414
0.8985066304169934;0.15300419874062104;0.43995713002815834
2.4447382648048026;0.19047474006611106
0.41205849179664045;0.6903673707444943;0.6048859778193885
0.4322255101365703;1.8024711181476294
0.410223571588562;0.8194914871594958;0.4014008750726082
3.2180485261946288;0.04248050553493605
0.6593241552062663;0.1427163218507054;0.7383796668179147
1.3454794061822517;0.7056873312163888
0.5862068717261272;0.7675050685247002;0.3072861643144011
1.4638156397506559;0.6242856795158301
0.8797279536927647;0.4336174384737309;0.21372938450485718
1.4038418865774582;0.6644885356191936
0.404832165229355;0.1723215764200374;0.954911366738185
3.6826636462284457;0.006556668101113005
0.6355529295406032;0.7309291679295636;0.2586826209171833
0.9245063503433066;1.0784562199507104
0.4338128992608662;0.21832445111744114;0.8765328957803331
1.4080003929611133;0.6616326988841138
0.3311858171806903;0.33453568015555984;0.8898554608357111
1.794197312900023;0.43629128475802426
0.49411925794871103;0.2758742124832063;0.8317887239826752
0.10334659918908506;2.8174439640625524
0.6233265814972347;0.13513354318279908;0.7777156545074844
1.907252006503028;0.3831202100984158
0.4795864821496627;0.2542206102348971;0.846524742346278
0.33475049363383885;2.0204454363560775
0.5303355506578601;0.7341951822648605;0.4275557480604829
0.14865711448873184;2.606413997525745
0.3228399219122574;0.3045335197484925;0.9252240348166643
2.3283419535821968;0.22477977586047318
0.47539277813222053;0.7357393341738696;0.5814289003757563
0.2877604356083048;2.142028166723653
0.5360213236400844;0.7973558283102996;0.27920359849141285
2.1545116923530387;0.2832097006608536
0.48450112047115274;0.1541798616212805;0.9966748081256923
3.0094494598989243;0.07034351184028492
0.9228998871230104;0.23079874732818606;0.32084121826053225
2.2314235122490875;0.25624349856034506
0.3519864201055394;0.6879720979962259;0.6717895005276918
1.6120685978701852;0.5333780613319563
0.428391533915472;0.7296722079476593;0.5874608154610481
0.5789930534228599;1.535329331070182
0.9106294286507924;0.3042643266485715;0.36945726708524557
1.3302935015411552;0.7167594955259743
0.9102297975169674;0.3163185945514358;0.3712183306810002
1.3733433925764704;0.6857540034316056
0.5246884503312623;0.7712553941667648;0.37060006124398287
0.7916202713057308;1.2326984765915379
0.42083202626180144;0.19085830022029057;0.8871804495804044
2.494721311932614;0.17684659087951096
0.6604512757935673;0.1429623681568617;0.7373215808169588
1.3306631969020388;0.716488173083304
0.6971717753545149;0.16242657945794123;0.7123833892236704
0.6863354325468791;1.372520875159869
0.43420398038321883;0.48181495517024353;0.8076131084987926
0.00010960590234666351;3.958232470881591
0.8880712741427346;0.18517831432494367;0.4624198473748456
1.421424027788268;0.6524844764191916
0.3771371677979926;0.6362135609744715;0.6734748709825669
0.6466428910371428;1.4300785349897958
