100
2
0.44814933769871035;0.8357684869688847;0.3191804966318891
3.9993548388552034;2.6016654581343695e-8
0.41633740086731924;0.1746256801027055;1.177768045102487
3.306846397540744;0.03295181756146688
0.28219309936053305;0.5193424482832806;1.0179337476587473
3.9143126320621624;0.0004638773161760754
0.7685931762723537;0.07115001468822847;0.7020546505750895
3.796022775393885;0.002668914166861262
0.9398547908309832;0.2691438019695714;0.22534004927042106
3.9759271759093853;3.6328201515320356e-5
0.8030337513375154;0.5899483396192436;0.08426943954810047
3.9936638969912486;2.511126822481083e-6
0.5992140798391361;0.10770221801983608;1.0628091898993268
3.5947855426005315;0.010817670727094813
0.4077048819767011;0.18674149512487484;1.1200564929422026
2.925055077568895;0.08393811897928763
0.419799992171091;0.1641424385198195;1.0374738087355209
3.789843735692131;0.0028353389409052025
0.7198334024606582;0.6807541086778292;0.13758397634674738
2.6364728743570556;0.1415851932872059
0.5344364193676285;0.7451319629046745;0.4289055162036765
0.2710646870069629;2.1885097676563574
0.4105288895663503;0.18137816596828676;1.1364108949270588
3.106028172049563;0.05645720972901852
0.7711754338280967;0.11372747954700796;0.6279373154602378
1.8958091898978227;0.3882737121759439
0.8263324313374287;0.457966126525751;0.5515911885535232
0.0008615843615202553;3.883450555133751
0.5523127728544879;0.7329447696736636;0.45435229873344873
0.14583277945246345;2.618310448604428
0.583339081167414;0.7253537004257501;0.3684282103566215
0.13469110009937232;2.666679655460756
0.3165898878363337;0.4281108621144809;0.8591653014578424
2.0098062190730532;0.33910083921343204
0.28969458515090996;0.3247416249884558;0.9647989813307973
3.683670708632995;0.0065142468870237795
0.9047670281901639;0.39372897047054517;0.1805246994398759
2.8008463979746065;0.10655462306714406
0.8504057987511551;0.4654931773068391;0.292513696191402
0.3997799400423783;1.8706537983329432
0.8985123721583727;0.4086385825886117;0.17446947505513957
2.638271255714065;0.14116881759405023
0.7050315631437152;0.6969728304820679;0.16445584428117038
3.007557966680697;0.07063303794670124
0.44081522509066706;0.8264019936368115;0.4576791574441229
3.293955727198444;0.03425245260277331
0.43420471222575274;0.6483252515935367;0.6452637840574087
0.07876719215073123;2.9561474549236952
0.7908759044802589;0.14800507255886877;0.6034036065470187
0.9837386654065627;1.0163946361465588
0.5028806007176582;0.8156728959430716;0.31110988101258724
2.8918486775505703;0.08967411048680482
0.7969384039253044;0.5959212596565767;0.10087317714070371
3.388624513906447;0.025337732685498816
0.6943069552646755;0.12220604665625551;0.7211449307257514
1.8194932700776416;0.42394952349915005
0.2842228759904325;0.3521538104609739;0.9908824773832433
3.875476249924187;0.000984520371923894
0.8686896813219;0.3633140027113437;0.40434869998217965
0.13585655998595303;2.6615075647425446
0.7871012029380682;0.5803739877797224;0.23126691227837098
0.5925054745133885;1.5135303865637935
0.45522592012417545;0.7872447288588447;0.5109140592946743
1.3797295138736705;0.6812539928159382
0.8303349390409734;0.48093663139272197;0.3415383144540332
0.08995344839277454;2.890263832581921
0.8613447345187559;0.38939529290449093;0.38266282544852875
0.09489378441191065;2.8627003943182245
0.5470769188164972;0.7075324716760752;0.5909969313176127
0.008677096404046042;3.6360733625731347
0.3313071141674452;0.4885515649768378;0.8474675306556364
1.433603077044597;0.6442764821344573
0.5222387826073206;0.7993635816801801;0.3570830169598962
2.0215199746897388;0.3343133145589659
0.8008216988275512;0.08926870042263144;0.6160564599088881
2.9299491896142484;0.08311144991075996
0.7392157056595141;0.6626140665136815;0.12559587531587305
2.9481921591694187;0.08007199811292336
0.29909487445142946;0.44255631348556657;0.8607587066563389
2.8336856075276056;0.10026376418215176
0.41665784074069273;0.7098373953688909;0.5680747745395862
0.5231360953594164;1.6300101862862109
0.38184633226797393;0.5456127202157482;0.7460442496929374
0.33469709185698726;2.020576639133794
0.6505249226668187;0.6882116154540605;0.3880297494655596
0.07151770933031326;3.001805902680965
0.9272166845726246;0.329716144149503;0.21784925561991064
3.5416031235936067;0.013944126435346255
0.843255740302498;0.13173414693706348;0.5218070731680345
1.7830410533335976;0.4418186414378374
0.9230787594464196;0.3356186272211758;0.2035569643555637
3.0549417418563127;0.06358508740783553
0.6649137467690054;0.24573749531442804;0.7079472210202136
2.0381278051225077e-5;3.9819621297342387
0.9151688796770437;0.3506473755691462;0.20955442980288844
2.4198909417713597;0.19749147947855736
0.7325220194103187;0.07643988060776316;0.6892330176701973
3.681569523482848;0.006602919273708651
0.6799901655908807;0.1212683645331473;0.7248345106291739
1.9510176090579279;0.3638643316789328
0.39934138938218794;0.22289866958258409;0.8940258225072181
1.844899253092837;0.41181651403157804
0.3683728358165714;0.2842651187276015;0.8854320757237367
1.2961682369415;0.7421928537115906
0.8246140984199084;0.4998842576570348;0.36749237471170293
0.14879860748856696;2.6058217055820374
0.8194881508873647;0.5248376121234782;0.2781569391581761
0.3896175735319038;1.8928434194461843
0.8120079001137708;0.5168381133055777;0.39646101966593017
0.09370695453226928;2.869243287241031
0.5960173927416351;0.23016006726355903;0.7847010983389212
0.0986252974500921;2.8424387033481358
0.5347897898406807;0.805587210770702;0.2663706857221466
2.8148241731822514;0.10384907481420406
0.8079662081199038;0.5337642938500853;0.3433768074022018
0.20531837658226737;2.3928355420935437
0.7593884821527755;0.6074500555884821;0.39473672514458663
0.3447484154455562;1.9961371987626206
0.8458068284626582;0.2565317066837115;0.4948830334163688
0.11038826299644691;2.781399095266645
0.7395305323961299;0.16065300144754927;0.665001475883413
0.6588287490171639;1.4120980881408074
0.6743871900110556;0.12737258607100035;0.7310201603598088
1.761169524616964;0.4528070281524069
0.6151734662199415;0.2507528620699002;0.7510510243944469
0.003852735928324017;3.7555710917151757
0.47763822441339054;0.27371847644219505;0.8352619143111241
0.1828021143324113;2.4725875578165977
0.717737788589147;0.09495670654280007;0.6994754598742355
2.820744287830767;0.10271566290721194
0.6580685285427409;0.13962553620324505;0.739899269579025
1.4520953954216858;0.6319785579635966
0.8902203921645954;0.3005942824587279;0.35734981236252744
0.5138550526809825;1.646507699656637
0.6196729622765355;0.17373365814819375;0.7751013216624838
0.7684558877424756;1.2619912573947503
0.3137623663216217;0.37337604604449476;0.8730561263095271
2.253504835345981;0.24883353996804874
0.6310559379242882;0.1072467691860504;0.7787463465061775
3.119249944053393;0.05469057316165363
0.4666678449119002;0.816130311906571;0.3609236398239817
2.5945306821119005;0.15151190875803044
0.7060731907190939;0.6970286328364801;0.12890900230597502
3.217970539962431;0.042489466236510016
0.5121744748869214;0.7675763718189937;0.399740243616948
0.6706043739842235;1.3949868774276466
0.30782252287102924;0.31178128874470173;0.9380632581449974
2.8666087786930334;0.09418377290016493
0.5623860665514853;0.19191875469311084;0.814712138170518
0.7367496100174404;1.3033848230658636
0.34394230201677073;0.2630807160045618;0.9072933232807725
2.205590262147304;0.2650983469641125
0.8868764777077217;0.41394464907957634;0.2055384297757313
1.3773231323867363;0.682946696885661
0.8500724978200409;0.37704669849969835;0.481526645932698
0.008590483420118013;3.637851040250271
0.6434278461252072;0.7078073457590797;0.2962967792950562
0.29636216302424956;2.118795950853425
0.3424416165551406;0.20923022473586583;0.9685461530282742
3.6319871369971404;0.00887791621627542
0.35819938084163144;0.44018614765991665;0.8368523746107778
0.716055412896112;1.3312531134496892
0.7399039100807996;0.6233184682572436;0.2751776381832976
0.20999949346132626;2.3769714261963375
0.5998400718515421;0.23994609153720706;0.7633331488100104
0.04249334098717224;3.2179368203078704
0.7952192844466801;0.5634616211596973;0.25524855540238395
0.413211671449832;1.8419499688615264
0.7469330120013603;0.13580839003882958;0.6535778509048343
1.217253070366299;0.8040853729112404
0.4888681124827953;0.7725787103599311;0.4112074815626011
0.8136238224546375;1.2055798704947671
0.7299506699665489;0.6429435629588702;0.24411865316706347
0.4408671977449213;1.7849539529421583
0.3525212274112352;0.5497019730450361;0.7715858207770326
0.8914978030433245;1.1147313489594621
0.4543551414207236;0.29273006164982696;0.8461625435624243
0.18472123956944214;2.4655528844886856
0.35114597841478873;0.3106891733886096;0.8841980339997451
1.407085127075307;0.6622603639038669
0.6080350989387969;0.21378111561183896;0.7948142512201306
0.19998812933108423;2.4111868353642705
0.7525444652079186;0.6490095502447543;0.12339610656108618
3.142731539962274;0.051631157130538646
0.8622028183199316;0.19007108509116794;0.4718917015449678
0.8310857180678717;1.1845296045429548
0.3326485614413713;0.2403719805713743;0.947285098638407
3.0114186659931192;0.07004281851951426
0.8227912212049353;0.09854998408604014;0.5614186313645353
2.6832883792054742;0.1309899986913826
0.7454472102861747;0.6324076827480012;0.24439921306057363
0.658549288005787;1.41250729688913
0.5814193679321968;0.77312127513738;0.25354230719036047
1.691287616739649;0.4893070450886568
0.8806904466667995;0.35439853449482356;0.32812751602939116
0.33263310710540883;2.0256589603741237
0.9168865631508301;0.35707014573953955;0.19693506625390178
2.928881899190696;0.08329131933192563
0.33721782509199844;0.27834808685056434;0.9061368200832278
2.1628341333899117;0.2802032479579023
