100
2
0.4461271079857821;0.8358294968855509;0.3209060506736079
3.9996348721747306;8.332775869502027e-9
0.9415006247663874;0.23314389618822232;0.24647701235034522
3.9548082900456833;0.0001283693492551282
0.7869417220806517;0.6110887719126236;0.0854653802252852
3.9829823876046198;1.8138550643433782e-5
0.36217533916316663;0.1893471210637638;1.031731192522856
3.892421651616699;0.0007332121338538325
0.28236220968776016;0.3511811923862616;0.9113165279631903
3.997165409275963;5.023595495374351e-7
0.7695534083097398;0.06760354879375947;0.6418177170086413
3.9929378242200677;3.119900190472733e-6
0.4622449892447624;0.698486355173403;0.5622278397633552
0.10452746569430914;2.811299159822161
0.44745475468910634;0.2816476847329334;0.8509593041458473
0.3021974613353866;2.1032978771419235
0.47605640016234263;0.8096473325952287;0.34420880292457834
2.2308606305265952;0.2564342908329236
0.5467994164192898;0.7523573632015608;0.42586598930359304
0.4135562094848893;1.8412227645835038
0.5552348949662352;0.14390509248325387;0.821840221926486
2.361957884362962;0.21449286617803603
0.6405714301702545;0.16453846284617088;0.7524022243902647
0.862897644745861;1.1472062802843594
0.5864442066569168;0.12329805331838006;0.8033402155735003
2.9167271744127694;0.08535580472393435
0.9061113205570575;0.2858966982313516;0.41214049723376234
1.0741086211121047;0.9285401513128572
0.36358611147792147;0.24032000178055865;0.9296415813079778
2.1540257875987;0.28338590751925513
0.37487617788670624;0.20746420540699706;0.9679398350383125
2.832053858925882;0.10057098047969881
0.9018138409099977;0.37696761537963686;0.27123199563978356
1.679759971450382;0.49553779804711323
0.9281234866362983;0.29392166182040563;0.2298804855198265
2.7277572468214744;0.12138789980918445
0.5184100590245146;0.7023696157530371;0.5026396305272374
0.009153036436103542;3.626467025485015
0.5675936943305794;0.11407062418240382;0.8207756455133752
3.778499719042551;0.0031543566370445834
0.32056592352945196;0.33026065152459677;0.8915488528540145
2.1990002576048915;0.2673896734820375
0.4374868126340174;0.6336906666137249;0.6380397653315715
0.04004760200732262;3.239571723471834
0.4054498872943518;0.5866202243027232;0.7065219241352252
0.1437685722080748;2.6270955173510973
0.8690677883925626;0.3365030448535476;0.441500166693456
0.12224987718479548;2.723679880739595
0.4840740871920109;0.6728652930947889;0.5789274513733588
0.001777801175469126;3.8331218827868576
0.3813141118810802;0.19814133112505258;0.9610367708051035
3.0310543649821295;0.0670849624277162
0.7446813284485209;0.6505728523630926;0.1572296466366466
1.9708571237020887;0.35536836676975747
0.356497165968976;0.5625850305430405;0.7690832624436069
0.8234659687821176;1.1936649411066498
0.6538146875875361;0.19406451384851522;0.7455858808391028
0.29504798826102197;2.1223151901065065
0.3682749228940719;0.7919245005892247;0.5066739687205383
3.0671031947026055;0.06184437612625773
0.6937229910712291;0.22302973700404471;0.6911075864060022
0.0327077271314281;3.3092966171097133
0.38046352443305576;0.7299172623286228;0.5915822809916461
1.365399911227968;0.6913867983187318
0.49496555353885646;0.13512231559531176;0.9856365238956828
3.91162537531117;0.0004935975578301087
0.39201301661633003;0.17749649835454212;0.9930881785623281
3.7140758688722766;0.005300745549737648
0.7064447318156207;0.6874687625119077;0.16895035289300417
1.8096874344796412;0.4287024919552469
0.7551574449988796;0.09691612361637413;0.6486514522371911
2.560320358300069;0.15991992295220683
0.5085345836933249;0.8207646265758408;0.2631495377295111
3.510447127811232;0.01597222659368827
0.37191485506200733;0.19096056840544465;1.0075700420359264
3.562584942877866;0.012660500471448358
0.6792767157453529;0.6699729031421304;0.37814375599064204
0.08580586468643778;2.9141003406817907
0.4274138016191092;0.778511362751455;0.4606903561128869
1.4289412066278688;0.6474080522885725
0.7929880207880603;0.5965645872291762;0.12844207349978062
2.4979110874130015;0.17599860790112323
0.4034390271972117;0.5450235969733859;0.7376557750475586
0.11466461136589988;2.760178073280564
0.40039311354234763;0.5727784564493648;0.7202924315529938
0.16631083143879918;2.5350618305131936
0.5400770699047112;0.7571365885972402;0.38556166643017137
0.48946968565908794;1.6909852796733396
0.6145158833284459;0.7120648439973888;0.4614731310911272
0.11760991289771741;2.745837844963879
0.7599522239374464;0.6104965579989751;0.3880977370328771
0.45174821425778183;1.7632595257704173
0.40757241768053476;0.6238946807263163;0.678819506151091
0.19859449308923874;2.4160368111535826
0.3541674476844425;0.360506659898992;0.8818222122015675
1.0089467553345197;0.9910930888413864
0.2993469775381549;0.30564322972400504;0.9190944845989697
3.317266193016037;0.03192069069038602
0.8221371086087382;0.5261104582912359;0.21882489943830127
0.5342854801830218;1.6104921080501091
0.8047482510623968;0.06969927434030276;0.5983732747958879
3.9032484719764104;0.0005922380495817712
0.8499275323950514;0.5165674608491916;0.1081446553231202
3.436072023031368;0.021414082943916595
0.29703966071972854;0.38700377751529913;0.8752921675347606
3.0199669120051187;0.06874611331932967
0.5352630763569969;0.8154839777583481;0.2288294680925243
3.991356134045268;4.674828605065438e-6
0.3363742104312116;0.6830744538638195;0.6525486313686528
2.08043269945303;0.3109506437353349
0.5792460592342152;0.11724501814108702;0.8090008275407095
3.3716086078012446;0.02683238760093726
0.6673110498082191;0.19422162544834035;0.7249269427052789
0.2637620531287368;2.209451256277445
0.7762627853057658;0.5999343448940516;0.23568299158192477
0.8327133035028039;1.1825882568715433
0.8423043026217203;0.4894006681113271;0.360648390655652
0.5336668665588982;1.6115666176039842
0.6883903679387264;0.09458939442574485;0.7904726185093953
3.0904129248764054;0.05858479856227554
0.34279371429133715;0.24624569538725175;0.921541531566947
2.56692149129623;0.15827546731115738
0.39786073513630144;0.273225089789129;0.879739622219558
0.9179485604296154;1.0855632761877183
0.47620101640767115;0.7675358398650659;0.4798884404302543
0.7481636988018746;1.288305438579356
0.60974563578862;0.7436791980510006;0.32719027627733244
0.8247886701376363;1.1920736080659933
0.7592383280690406;0.6440410179857321;0.10242824665974301
3.811688734690532;0.002270078026739584
0.6357670687500526;0.17518842671498552;0.7658540774482937
0.6561888981920394;1.415969403918136
0.6334013199101959;0.7252407113288449;0.3319557218452369
0.6214904780525481;1.4681037829514272
0.8390777071035008;0.1077170272210302;0.5364638160736102
2.507544798105504;0.17345316870132674
0.32821719221198215;0.6792750053477375;0.8354725514925354
2.353995613578164;0.21690103900538618
0.9012139867267158;0.403108494251604;0.15945227094550407
2.7600338679892324;0.11469400551209052
0.30713410672066793;0.3122139396129315;0.8992338654359499
2.893652509151901;0.08935679641054368
0.8575217351939725;0.4295372225242859;0.5241313224555146
0.20469330437277697;2.3949715384749273
0.34974159310531083;0.6274476346181588;0.7301035140078249
1.2316430621950865;0.792466449902962
0.5023835269787387;0.6917801418373135;0.5373092187031683
0.0050594342610454646;3.7205406331657094
0.8172029168934278;0.5181515422419417;0.2818473028105172
0.20385246351362857;2.397851517717072
0.4218754828051506;0.6666544124288469;0.6238197783519727
0.21262317418445092;2.3681799554999574
0.3643309241813257;0.20225323178143315;1.0275978678922026
3.2855062157290327;0.03512005693276325
0.8740922379296078;0.42192413183066335;0.31247807452388277
0.6835204206313068;1.3765086682934187
0.8259633846149057;0.5338833611127464;0.18755711283180945
1.0995265204756128;0.9051941150015539
0.5971338248790244;0.15748425700255259;0.787831871323762
1.3621380861294454;0.6937112228198009
0.7265884119682096;0.6173826243051899;0.44922418469880593
0.011956452807313158;3.574574188744159
0.38568715776320234;0.6379525131164788;0.6907883882519352
0.510474817624335;1.6525740002429201
0.7292935035226603;0.07691370320621041;0.6955727025785536
3.6791719509684215;0.0067048630302305404
0.37590313751133303;0.7176341625612656;0.612563282209693
1.3079724536548403;0.7333075196430121
0.880820021106838;0.4171242537370062;0.29425780581119826
0.9832537863302028;1.0168876179988868
0.2912730984640802;0.32829674919946916;0.8994102772049838
3.572823378999864;0.012057937326790655
0.8178648050408002;0.5033058279563821;0.5481431610076678
0.0730462657966798;2.9919633583622516
0.7997373577000938;0.5427129911045087;0.30726383666524376
0.15059470022284263;2.598333380867921
0.8088661906183968;0.5782499899524736;0.11387013618603381
3.0848377063755956;0.05935528151610915
0.4132823508939302;0.7743890269748107;0.48546068826326405
1.5379007254964694;0.5774157080870317
0.3699319505469837;0.4975904985314667;0.7847456494121703
0.4765101103706656;1.715321640539124
0.4470599039185257;0.2306214803724545;0.8694903952769379
0.9650357941311684;1.0355863789969446
0.9176112762947897;0.2542574317288213;0.3070987898881518
1.748217224289778;0.45941059248365307
0.6725072234716717;0.7069691157451073;0.2421685021038171
1.0387477324236623;0.9619887600562013
0.6340131153052889;0.13036044848715855;0.7733186152005327
1.9906694270200056;0.34702602649228537
0.42066452874610155;0.2541337389500138;0.9050520759184442
0.8744339330682359;1.133987044113418
0.9118140762408021;0.34754923566010576;0.25661648605756504
1.9398111152464124;0.3687270336746221
0.7127425536465962;0.6912812075982507;0.12177194625868293
3.350916940742407;0.028712965716956248
0.8658407116488342;0.48036419985149786;0.1411005358332005
2.4425715371910632;0.1910801475259529
0.7181329200581918;0.6610025733565779;0.22724294003945028
0.6888657254957792;1.3689483156898565
