100
2
0.7986857381416228;0.5958262105360439;0.08606388989923065
4.000440118198134;1.2105835779903084e-8
0.8040787970617688;0.07110508958417301;0.5979308268970752
3.8255678101825388;0.0019442914464397022
0.31756195538122034;0.2393311099152595;1.1187054394109177
3.5615157008676253;0.012724326489737186
0.44390644531961065;0.8355822040099316;0.3285229732495341
3.975617486684719;3.727036468602425e-5
0.941776241565202;0.23533047451378522;0.240863540867064
3.9910975943581284;4.9588213550468785e-6
0.2805563478594905;0.4219415442077974;0.9196823244393694
3.9776379454414816;3.134151172241701e-5
0.36736724095766465;0.21764298130941892;1.0563892337989986
2.672667470566178;0.13334949932033494
0.30322225769629113;0.26687459816756837;0.9492714244360371
3.6052968220409127;0.010249149204710982
0.8512132463250999;0.5011005389794922;0.16060446063571032
1.8174662397814239;0.4249288188168941
0.5735116809736934;0.742543038535159;0.3603944116406609
0.34605876150419057;1.992988387701688
0.8597754924011857;0.2973681541557691;0.42253941758381613
0.08399296667612342;2.92473136254271
0.7008350439058331;0.14603770807389194;0.6994740742487816
1.0479919081527178;0.9531328714527383
0.465474690449345;0.8022261816399764;0.3768594415484565
1.872761226623929;0.39880656605330417
0.5157818902236802;0.8132985805248796;0.2737218887609279
2.9724356523310425;0.07613443810782093
0.4365914357706866;0.7298543481061693;0.5263330631453095
0.4967749227661487;1.67748445098812
0.40748412858303373;0.23068909726776593;1.016767489336917
1.510209815848059;0.5945860453008313
0.6471465974466145;0.682840352711195;0.3432171011026033
0.02280756001495763;3.418720678648277
0.6743188276920661;0.1629069609389154;0.7203268315110825
0.7472794963221252;1.289466323064495
0.9240760035268829;0.276776343570694;0.3460374037798871
2.1828479934674268;0.27306221939077013
0.3448893872564618;0.6289433073238355;0.7392642590354069
1.3816982697213085;0.6798717825419979
0.8945336662600314;0.42449821079493244;0.1868824425796778
3.093298435052866;0.05818827522979072
0.8351453819570044;0.09849959547253;0.5411978390970659
2.8131199081164335;0.10417673278226348
0.8875252142074769;0.4415101777582543;0.3325802757559526
3.1531636409299315;0.05030377641909464
0.7295594463737153;0.6508547186746964;0.28657680895927323
0.7406907792752204;1.298155017891829
0.8241737032920594;0.5552227308162848;0.11344423351940523
2.9414316845208406;0.08119065724392359
0.28623585977454036;0.3845329712629605;0.9410716445473452
3.6556712742715884;0.0077473475876014145
0.33728455944423286;0.3395140572783759;0.8867860404887544
1.570164227655913;0.5579164641774746
0.8399174468560874;0.52022382081984;0.2770405364048515
1.7497121368154922;0.4586447408123119
0.3564210258475178;0.21917454976360054;1.0372462796582689
2.9017182701853756;0.08794601665605695
0.5458609671181948;0.7864579868435099;0.2892112740302312
1.6387105646742046;0.518225330364152
0.7135430369781568;0.18276032720306096;0.6763834742118225
0.3332558919009076;2.024123095716478
0.4473863282654258;0.7178815036270942;0.5585896530951001
0.29914918952385416;2.1113678859238654
0.42599734342132184;0.8249345790510445;0.40440393873651787
3.312295744131016;0.032410311921505175
0.9273498417761866;0.3227476913762487;0.21459117702860853
3.2916985165349306;0.034483054351181305
0.2981316970194499;0.33448379208413836;0.9222129494374127
3.1681967845004335;0.048425120183737465
0.5348858129204396;0.7854754137461011;0.3495095711465117
1.4113986222760677;0.659306666472068
0.3691964783523109;0.36753768869863823;0.866366951875956
0.672158790441516;1.3927471592088254
0.6659773574483435;0.20637513161953774;0.7514652569723199
0.14822968953560892;2.608205328504348
0.46045130885340285;0.20327971093640376;0.8970966379080989
1.447509976443882;0.6350096259917274
0.5813430799306228;0.1300183973511384;0.8459545868665816
2.6485768564420935;0.13879731308784132
0.6162896043770004;0.18293439886073587;0.7685921133590591
0.5992618087997866;1.5027817199252294
0.45456830132401205;0.17100327571971546;0.9859047586319982
2.7251850447635966;0.12193124711068902
0.5024601503061223;0.8203621619197146;0.27360993491633784
3.3059295557398194;0.033043409797679696
0.4846547476522166;0.7506951231264224;0.4621949125672916
0.42162841462507195;1.8243116002951083
0.6860001808395066;0.09966331227183586;0.7635801125587133
2.8554215083584107;0.0962245047392255
0.5607863018627522;0.16902924835489447;0.8193695046648061
1.3393899025982583;0.7101093492539124
0.40356909406990693;0.4528922096478246;0.7977715035819675
0.1041860569132322;2.8130714568053583
0.5989341647861159;0.2308019710768258;0.810315612253509
0.08909131127350514;2.895164604822861
0.4268988154524212;0.7791939869596012;0.49946186451827773
1.4533875339750015;0.6311265970699874
0.8635414187828512;0.18640092873634168;0.47004353654105435
0.9054498704533105;1.0992446832290368
0.6900493739203751;0.6569086443084768;0.3150188380485325
0.04533919069504818;3.1936191362635635
0.900495964241015;0.41572682935030897;0.12762091838934397
3.7071192151285675;0.005566940290911121
0.637141814550488;0.13111516778131804;0.8292434695411631
1.9299224700610131;0.37305648994450413
0.38388483925861727;0.3112733986638934;0.881152291683544
0.7450856367684959;1.2923519099520282
0.7236144543204778;0.07782765791267418;0.6858025560017377
3.6731770854404524;0.006963328503639821
0.7420901489141711;0.1949676059738323;0.6676862575359332
0.1973958069234596;2.4202258907996934
0.8893185261624721;0.4388812636345102;0.13850264144064178
3.3147654268999447;0.03216652057542331
0.4191699882912033;0.6810812589971974;0.6245958933295649
0.302186957237375;2.103325589211187
0.42956129968887863;0.7246309327156585;0.5805177038281443
0.5140180655742967;1.6462159369069878
0.9052662668493765;0.40064840165168664;0.14996182882312833
3.4304292250054855;0.021862049087609827
0.8064403537267403;0.5673104116231164;0.17464772907858864
1.3304294346253398;0.7166597227730636
0.555633025580115;0.22309912672751234;0.8258946849812641
0.28176985959114637;2.1584899078517763
0.43834075766566316;0.8082424395091272;0.449078852517492
2.312277908823368;0.22980747805480672
0.8687907627642626;0.3255043773993416;0.3877961023578164
0.12281438271230051;2.7210190612060514
0.8702559027435098;0.4684764537360287;0.16953142659571976
2.171909306394571;0.27694968801607567
0.45804155725060686;0.1706732093167881;0.9804647373607076
2.6778188371672935;0.13220187658392182
0.4906746726071605;0.7714124625411864;0.4264573526007399
0.7812041649509899;1.2457739734161835
0.47039772647618305;0.7543778088793099;0.46418344224671654
0.5439345018435128;1.5938578876695344
0.8605342778083866;0.08209308834106316;0.5052043045071424
3.9409521100678444;0.00021953926019187118
0.39217577488864047;0.6701046274264978;0.6356910224177653
0.573106698067778;1.5449542631523148
0.7361600410836906;0.615143546571957;0.2948945025034191
0.0542153249736951;3.12284794333575
0.327238586857018;0.7025966347205121;0.6595679164476941
2.6625026523378756;0.1356318525283674
0.3176941381025663;0.24808017741928826;0.9843956191983101
3.3582071763661934;0.028042456398497194
0.2898489669127568;0.3778273913349686;0.914853693192314
3.4511934102834103;0.020238251992212228
0.7893461550273423;0.5455314977502302;0.28424990862424787
0.03853223610761072;3.25334704921106
0.3436835632858948;0.392773963401137;0.853477580868597
1.155086358717426;0.8560885988344534
0.49154093485225425;0.7577790062295428;0.44039792791850196
0.5054838637645711;1.661588327667449
0.811682695687498;0.5777793129658515;0.12540369487717085
3.933033571118854;0.000282652433604873
0.7887689224907167;0.11100296285937446;0.6063261835141047
2.0231048814723582;0.3336692237328551
0.6246053489882689;0.18629499807958863;0.7642890971551428
0.5019899965400414;1.6679399008923548
0.7723858329169845;0.5851672932111042;0.26874714244101977
0.2093776545472151;2.379065530139074
0.7177885117759844;0.6189903147298783;0.31960889274782894
3.391403033664805e-5;3.976739612465654
0.3283361177262425;0.35410993715204503;0.8779231636233636
1.776588162350805;0.44503955077340696
0.35389574465696255;0.5944576759467368;0.7833804998824567
0.9776267895154878;1.0226263303185734
0.7895377374738395;0.12311692274303203;0.6013174503340096
1.6274394107809889;0.5245940699445824
0.5364043244471054;0.1565709340340514;0.8658475079751173
2.0714179548568485;0.3144493708093746
0.36319691593889863;0.7761765424217489;0.5728545024581333
2.7504391159197312;0.11665996262289421
0.8701835809121176;0.48131533444891567;0.10899352184550551
3.6926786909536027;0.006141170375325887
0.3991577248474118;0.6648321283379985;0.6472464912405064
0.44387194601365765;1.7789233280814991
0.7616180229479801;0.13690198394360098;0.6420348485174573
1.1873341297850173;0.8287396227724325
0.38439987006439413;0.6086044403086888;0.6946972652366942
0.4250814315218169;1.8171506609013486
0.8178545534742633;0.09525800374311862;0.5674875477869797
2.776087837144163;0.11144940776882231
0.6046895085771945;0.7279561937018403;0.32916854641879295
0.2885397275878757;2.139903964736012
0.9135428576060164;0.3528962836130206;0.3001827282649436
2.28164451396222;0.23959914642354851
0.31137790147200906;0.45705570621312164;0.8387276952503229
2.218578265082166;0.26062121242437974
0.48538907514613916;0.2123510679162238;0.8587445265172572
0.9355317974410696;1.0666160889954703
0.5740244868016585;0.718087375219671;0.43375863571013623
0.05578409474414922;3.111037824094517
0.8166753416424518;0.5699503606924591;0.144708004840535
3.734734975348218;0.004550009542322871
0.4939564991144961;0.2405328242971333;0.8428897213252057
0.39690876328868985;1.876880943478155
0.7735103934370149;0.6052936898234458;0.23275482025659877
0.9376410687817384;1.0643663431125387
