100
2
0.3752613270970022;0.1908667078108564;1.2658359249620224
3.4825753787624096;0.01791155108747849
0.7568706141777722;0.07167067040319187;0.7609509930464852
3.8067561653921818;0.0023920883981498123
0.7991048377719856;0.5951779560721168;0.08484173700541658
3.972915656591141;4.600348265336263e-5
0.9416604436336276;0.22477791899340863;0.2529688360395751
3.9944701163502336;1.9125480734020485e-6
0.28036643064014943;0.44999949448734816;0.8478770726644499
3.9817004313167375;2.09776511244007e-5
0.4514360919757482;0.835605638936702;0.3132511010791358
3.9974278098808647;4.136431323520668e-7
0.35854211461993507;0.19950083239684668;1.0972817911974604
3.5482292310422587;0.013531646090614535
0.3395100941989692;0.20751731423518882;1.1822311476069702
3.7845122899308676;0.002983093243761312
0.3517018663550219;0.19444778141237815;1.1451997316525586
3.9537931708300698;0.00013421829249467079
0.38248506140333427;0.20104326007549847;1.0396080323755301
2.8913786779777615;0.0897568972813235
0.49425797337687066;0.7547310048146704;0.5038716534993967
0.4481630545360812;1.7703637953351046
0.4418696011521567;0.804413301412434;0.47649305226059135
2.1124003037218393;0.2987607500902737
0.4062382706765032;0.6837077490806786;0.6116470134908718
0.46026502902836225;1.7465516203475937
0.9273556541712156;0.27419279203414954;0.2781937697543767
2.4669231410140684;0.1843464199365538
0.5712879939593658;0.18967812284169025;0.8011765254537572
0.7234522173889782;1.3212124436188148
0.4809001794097109;0.7813510479412801;0.425585130582975
1.0692694298273977;0.9330500355932906
0.5584865436386582;0.15913966474745347;0.8142336321974503
1.6966634030684364;0.4864220987625617
0.37890176529122865;0.2674346300710536;0.903316733635892
1.3178172098360326;0.7259684147017109
0.4364117956478243;0.7951717785416228;0.5548654660092426
1.8137631524770943;0.42672217995484063
0.9359746572227718;0.250808180532734;0.2871595923833133
3.289709706001772;0.03468694269989852
0.3144198380767997;0.37333558128970296;0.8768697567287197
2.2257179672808434;0.258181836138151
0.6729779193089924;0.09773435637920595;0.7428009722406131
3.092102430975792;0.05835244283911724
0.8939561424903382;0.3078982383915233;0.3473047340989577
0.6130720970878423;1.481115272129127
0.36606712139154546;0.3673448804216715;0.859628386872055
0.7303572502182784;1.3119195948715476
0.30494924974369425;0.2842319980165799;0.9906233658601539
3.282119305607731;0.03547119149844329
0.8634299314049706;0.4936316485432763;0.1040533807315981
3.6240055684257633;0.009277136313938294
0.849518254503722;0.3900452798623301;0.5206858347074053
0.011926057329631229;3.5751000996827673
0.5176835546867596;0.738002688125189;0.4743429839795721
0.19295589653909825;2.4358860787385725
0.7102359114696223;0.08813737299350326;0.7006902877399752
3.2224159208775367;0.04198036765093685
0.8190181361593075;0.539262650092027;0.20151708656551476
0.8176529407358657;1.2006863868714468
0.7223891816902205;0.17358813748937255;0.6720771562590588
0.45236000266367643;1.7620514622507328
0.8470673133544471;0.4012147726020622;0.5265870145972598
0.010306773906760111;3.604217642670572
0.2831394389945852;0.3390041804674938;1.174698356798367
3.998346908410042;1.7082978928431265e-7
0.29256807321399075;0.46759604174587094;0.8356369234814492
3.202043172397433;0.04434167272877693
0.6516392113148622;0.13458497982730572;0.7509161755782647
1.672097513822573;0.4997131293088729
0.6961956647385379;0.692681555777881;0.2158269121204052
1.4221867380356015;0.6519678951972958
0.4107847639518185;0.7024807523124668;0.5841744668779999
0.535413731960866;1.6085348975411944
0.7741356899538188;0.5662402390424548;0.41486869277710814
0.03278554009087254;3.3085144296260407
0.858014999513047;0.35064695452929323;0.45224255914714373
0.03479948990079314;3.2886146345112657
0.8369552258547238;0.5025326100129813;0.2694317956994915
0.6081243214677249;1.4888312695914512
0.6003177654946706;0.7698806974615083;0.22212722520070252
2.2466667468024846;0.2511127316309297
0.7298216204235386;0.07629071607906536;0.7108495260917259
3.710424774263732;0.005439609565508387
0.5308055352349236;0.7454182332550121;0.4191670048486848
0.2729067702437933;2.1832875886940326
0.9071640807350368;0.3367452891214387;0.2523966620406015
1.359797803853986;0.6953830643969793
0.5817344840704909;0.2504144574425468;0.7919965068189551
0.02748780531685868;3.36430993696649
0.6430654931291421;0.15003423275037828;0.7513983991878481
1.2314942436852865;0.7925858306895213
0.8595462259848057;0.4791546973022011;0.2437949177705826
1.425005549502565;0.6500616972629347
0.8062673634244601;0.5352343494375231;0.4062064391744017
0.18734516359101788;2.4560096624658643
0.5014138250321446;0.7861150603456308;0.3874526741259217
1.2097415587652494;0.8102114770128823
0.6768928947953753;0.10655725231363489;0.7298661986543281
2.6095803331139504;0.14790212000064132
0.8679373859789296;0.45598954646746975;0.19873413455538025
1.1806097365516217;0.8343750690692102
0.8903649776737891;0.40790839883563174;0.23300770034084559
1.508690689688934;0.5955398640961613
0.706780568983752;0.6838076481290277;0.1813762052855411
1.4780534089016482;0.615044613677608
0.31876705878370765;0.359589167440172;0.8795071504490265
2.103382892096424;0.3021652377118908
0.4612149145025843;0.8310606116535431;0.33403468193916513
3.657245625900832;0.0076750487760407415
0.4272973466233647;0.8209014558875575;0.4931228622861781
3.063080661878186;0.06241707975606153
0.5952194710943144;0.7281443319745915;0.3607452286379478
0.22396225747144555;2.3309762248914034
0.3858077294244044;0.5543114888616998;0.7694307325730531
0.2945129344130227;2.123751097958281
0.38768487645147715;0.6416997166099344;0.6898125954215099
0.49598461445280734;1.6789376089442167
0.744870021646793;0.5900686842852723;0.5770552059881466
2.191435591635017e-6;3.994080792152807
0.2850350843765004;0.31982306355433193;1.0226333473747122
3.9872453326950823;1.018383904547098e-5
0.39049808165279837;0.19632168890142346;0.9941398314161937
2.8953313376584116;0.0890620656905015
0.43264269775661335;0.7043850104251939;0.5628542966729704
0.317931306604859;2.0625154013497453
0.8845687193385455;0.4177255694199732;0.2360800834424133
1.2914309041268413;0.7457852441540515
0.33915911602604415;0.23177343097789052;1.0199268332197453
3.02511936259779;0.06797125424443687
0.9141781309299419;0.23988417461470143;0.32868169512822876
1.6503054646571862;0.5117368473752315
0.8355300245641557;0.5168242757733783;0.18692701021827818
1.0486491698194336;0.9525062625088332
0.8291005109653657;0.5268452771344313;0.19122933094633007
1.0026526400030153;0.9973508735878748
0.7488406899467877;0.08294509850555912;0.6599063210716695
3.2378338829116875;0.04024108207980105
0.6076662888105819;0.14159668881144308;0.7854417125859414
1.8162569103598385;0.42551386642262856
0.330696318843627;0.29295790668356475;0.9191275938470495
2.180794607671717;0.2737891291955482
0.7501625589213493;0.6513378723957518;0.14792944065191652
3.0724793310894336;0.06108365708622286
0.34187374187908015;0.424772269555384;0.8431009574172564
1.1364095973080912;0.8723090406924924
0.5399961703138889;0.15469158413234096;0.8305201524105379
2.101023064503179;0.3030605747960523
0.6177784084330584;0.13682295232508254;0.7830559963170148
1.8972532536199174;0.3876205927323807
0.6121675437587689;0.7747817251628073;0.1589924984598564
3.977673358453425;3.124218531053164e-5
0.7645680314001605;0.6158156137730076;0.30420146600302256
0.9193563433488801;1.0840334764207147
0.5137752375916745;0.21417597314514422;0.8419827012846061
0.6532871399522833;1.4202399334864495
0.878834559354658;0.44243512757299025;0.21806208691608797
1.7056607310662042;0.4816228582077706
0.8236819958155172;0.507842231090968;0.3228086833366969
0.22096334350780736;2.340693815986575
0.5335265596705933;0.7139023778109689;0.520156965864973
0.028115959741205315;3.357403386533214
0.4568085035160119;0.6322089735298747;0.6713193543684562
0.0015917571583407672;3.84200443142897
0.3022051216213706;0.28533755939876465;0.9415195147190379
3.3938929590797793;0.02488438632886489
0.7186893973273398;0.6226375592622884;0.4940934201849808
0.005013390411816286;3.721792193131209
0.2895738096344435;0.4353194270049031;0.8696409270044867
3.384899430419581;0.025660958491028514
0.32114065433960154;0.3279090560776246;0.9342180339160604
2.193782695209104;0.2692132489669836
0.8057235208409563;0.5788276909430724;0.1280456696183726
2.426891395505551;0.19549810603257667
0.3277791853831221;0.2416127232022652;0.9659114014415043
3.1428944354466624;0.051610280433087
0.5099753982113513;0.7015221615699936;0.5357788555936532
0.013196608315253017;3.553690642038374
0.469194444511623;0.7705518040726684;0.467433951183269
0.8496664780252667;1.1625722768413225
0.7877327320433208;0.6052254546625723;0.1223742088693876
2.8105838154920195;0.10466545572411129
0.6912139636232868;0.6573425754017967;0.44181426004539454
0.0557958013599236;3.1109504056687673
0.3215850734419428;0.29760927129521075;0.9274166270711361
2.446139513197333;0.19008386996993848
0.5920249490194416;0.7248522368766943;0.38316975174823004
0.1614776726517501;2.5541062897946327
0.29876149379659395;0.4324782393052708;0.8521925286806553
2.857628031268598;0.09581995204174319
0.7524166907780739;0.18102543474398278;0.6402260152476024
0.35066073241753903;1.9819961891187998
0.6627882499907336;0.12232955066877828;0.7457918004188236
2.047071795988608;0.3240351251452586
0.6307216601241625;0.7205543910623228;0.3997693932146965
0.4231106164243552;1.8212324750061828
0.4696366191367848;0.8261806093157248;0.32398008800055744
3.3137171129528005;0.032269879933473876
0.3317215707569964;0.3140479152261301;0.8944191080514828
1.9334013505362684;0.37152921890825924
