100
2
0.28065134159425953;0.5013231870520569;0.8303446079887378
3.9933762971207964;2.744362690600275e-6
0.3000782610503727;0.2763653090919464;0.9983337433089142
3.6097543446967597;0.010012933625712272
0.7776192989501494;0.0705923981454248;0.6478815300761045
3.8113477804301605;0.0022784064981701342
0.9414405021573092;0.23189603096697423;0.2562049031188705
3.9481527925501076;0.00016910605441112397
0.4625177584470262;0.8310651462646806;0.31617730609787836
3.666830654959522;0.007242514638114871
0.828843474313271;0.5525677192335998;0.0877018081150782
3.9076205747662454;0.0005396218317222711
0.365574817884657;0.8112748015821397;0.45979113979947894
3.8897786242503027;0.000769942039029889
0.28794199691035216;0.34555948024672994;0.9513865716653012
3.675363668147043;0.006868464369923338
0.6504974249268439;0.11828037873194328;0.7571538133555837
2.3364732274489137;0.2222625965348445
0.35462384453583673;0.5128302007867227;0.8009667647468587
0.7895629804882988;1.2352687203273902
0.5322610356413122;0.7810826104081405;0.3738343460576326
1.1820183293745796;0.8331916749776406
0.8676323471508472;0.10396039077211568;0.48655163905044524
3.1435292043380487;0.05152897383827952
0.7902065595124027;0.5596715709139117;0.40902966006453406
0.18805862383722394;2.4534295622233055
0.8146376700555514;0.53997550938212;0.3231539233766735
0.5840881115640808;1.527061813832036
0.8508039600371958;0.49464269134577576;0.1776616748747557
1.3376501916235946;0.7113770624214812
0.8596578313320563;0.5019325590211751;0.11973156569653917
3.919466116193694;0.0004094893536570628
0.31537793284548327;0.2533573813934345;0.9852148606084568
3.338367000522039;0.029887541130186518
0.8763173853248172;0.45704055543534433;0.15771485295028476
2.2838877450321653;0.23887294600026843
0.3355060530669955;0.27042480563365795;0.9175777569535607
2.3340809016976474;0.22300125672799953
0.6926966422819734;0.10017425148163529;0.714343783315252
2.767837858894775;0.11310978463686439
0.3569062634797772;0.7660786303498222;0.5359168640529377
2.6934505465360505;0.12875643754842697
0.5448841669316181;0.7935531788603915;0.2765341926021591
2.0921911094312304;0.3064277413958865
0.4052779942467144;0.7341358080669615;0.5511997789604349
0.9446705269685436;1.056904017583406
0.5916770650285356;0.7300609848868618;0.400025876104162
0.2331613781043437;2.3016899054520814
0.7951638434195395;0.5943083446779567;0.14547311666217425
2.598710348761848;0.15050396402278882
0.9235046856035334;0.3493491201011262;0.16435279369580327
3.808133524761441;0.0023576891264555037
0.9041319440612384;0.40314653178867366;0.18148251256777825
3.381067297639111;0.02599579817523589
0.3228380861522304;0.5672256382944301;0.7640437465159003
1.8851059844987386;0.39313951045869605
0.3473671548121457;0.6286462032750906;0.725485710333175
1.3062214517780206;0.7346196287352121
0.5100154012432007;0.18590869395640544;0.8623178824882531
1.3559632421358907;0.6981298537272573
0.2907352021163033;0.39094413482453527;0.8733453082524433
3.3685038271484466;0.027110142406077082
0.38732357112312754;0.3604661475278352;0.8590786979724344
0.422579258526438;1.8223353975735834
0.4243138757189054;0.6121746087642148;0.7027224043288396
0.06362116088422737;3.0546917410794334
0.8096918697012147;0.13014639190932084;0.572256445247799
1.5174467574285737;0.5900592022572556
0.7609912079481563;0.6410557893826063;0.13913866917983492
3.540728802713638;0.013999045148390593
0.8659676194155316;0.44179446839608183;0.26873079977424597
0.6456219617376601;1.4315977882438513
0.295475092080271;0.3711556112490106;0.9063283957175742
3.1490677769963407;0.050822611327473025
0.33900948989781915;0.33976702725463215;0.8831569136534159
1.5172347177262984;0.5901914376626075
0.589790432609469;0.23140587069979857;0.8180920021661929
0.10341512960657856;2.8170862161069024
0.8844826589300124;0.42956309186287467;0.18254504431804344
1.749342851823181;0.4588338376383553
0.491401743113312;0.7973696597292079;0.4460858496386165
1.6468960553354268;0.5136381341544904
0.8226078176992627;0.4827221971045472;0.36564824358382364
0.023839711130303084;3.406235162827063
0.6130201510468298;0.690653334612972;0.387098859051971
0.0010611275074533064;3.870761318914912
0.8354058526317623;0.22622169671634085;0.5096271303031934
0.20282435685665376;2.401383347634742
0.8045211389424193;0.5780881638675015;0.23857838565080097
2.101060397916316;0.30304639597901
0.7376230739620458;0.17029523079202766;0.6972380267798751
0.49523729033598873;1.6803133756669226
0.7466484552197409;0.1615364476214952;0.6557329664047435
0.642066490967677;1.436904427127093
0.409665418352819;0.3637155590700405;0.8375652586959319
0.18470332015220864;2.4656183535390577
0.4934850183224539;0.17241535663126747;0.9710829140232248
2.0315362870888176;0.33025743112842154
0.7984385987493943;0.08247693486803388;0.6070183511654309
3.2325498174360447;0.04083256221968605
0.5729673299339165;0.7502361225070475;0.3325089545631715
0.5155890127926775;1.643407924371747
0.7689683172079399;0.22473403007102075;0.6336223670046105
0.04026715370843457;3.237600062483839
0.5585063240873308;0.7614153884403437;0.35450238352637753
0.7069687789258459;1.3437113604677324
0.9332852684967868;0.26172544319893465;0.2505357196588102
3.0210744937683183;0.0685791215804955
0.9082759651192504;0.36976526807855403;0.20438268568904908
2.1811500141013997;0.27366321973423874
0.40364881061049274;0.8265759898212622;0.4255151189642776
3.721356382336832;0.005029398765612695
0.7314642202591369;0.6450203981516713;0.22125682411994863
0.5696912273588322;1.5505755227623166
0.48003522497874707;0.31708704682481686;0.8195751032048358
0.014437813159765138;3.5338080070134525
0.8971705312924954;0.20665439885261894;0.4261139823988583
1.3462255906425036;0.7051471114223926
0.8024607521871386;0.08806423558506996;0.6003417096114474
2.9909096931375787;0.0732110085892802
0.502077510153101;0.8192358672608724;0.28003605462167536
3.190365934329101;0.04572773850241407
0.6013330666831982;0.19885786037338948;0.7746029545409191
0.40215315965513;1.8655312811556797
0.8159397523471195;0.5701861850569138;0.10326267986604427
3.525990717545961;0.014942090307859028
0.5216152222826846;0.20088113896933998;0.8352474131205221
0.8560713548112084;1.1551063891597724
0.6332514419747187;0.10844383688878796;0.7822196347450292
3.024063968531417;0.06812955994886684
0.8753518300071271;0.4298220006064722;0.2353170433955638
0.9252605943282939;1.0776419139946123
0.7171181163835212;0.1735833090776513;0.6792190221773505
0.45723827417319424;1.7524624263863378
0.6637481463013558;0.1267539157076571;0.7373858199520444
1.864757769314742;0.40251241515534913
0.31762860391782133;0.47559804014481805;0.8606894473767561
1.9464316935987287;0.36584865079937806
0.3339811668790219;0.7457034358462833;0.5866592095620868
3.084831192820046;0.0593561850272821
0.3786361169871425;0.4257844335040853;0.8304729218196183
0.38010579799769856;1.9139969666678285
0.6783729841733113;0.6770876633435875;0.2870878688551925
0.1695801940424821;2.5223755605255307
0.4551948486746841;0.6569464045884713;0.6217815094117751
0.02258173791070094;3.4214928870980983
0.4456591604743495;0.24606693357277942;0.8802010199852885
0.7140480657479118;1.3339934727026177
0.772987334991763;0.11083990419666023;0.6418108943018926
1.9992728718831994;0.3434470303167187
0.6250077722749077;0.10565639766667732;0.8050161122603605
3.2962085585318333;0.0340231480297486
0.3427122424318584;0.7507170345488698;0.576876688817704
2.8466337028560558;0.09784571939584837
0.4686100292156826;0.7094245036320472;0.5300148673469327
0.12902139422518502;2.692239466581689
0.568623940056126;0.7405530817981737;0.3664823439257558
0.2854513039995031;2.14834558270445
0.44822996764646333;0.6015707417962278;0.6692945581155669
0.00021244612860586828;3.9419103187429445
0.8899670545481676;0.216792023704207;0.4369641463003907
1.0134145698394925;0.9866748070249298
0.7522281601622698;0.1546268999291629;0.6519250743623272
0.7751123077856374;1.2534937985529582
0.6103382067681568;0.14134815554467303;0.779429021898972
1.798299853102993;0.4342717352005627
0.8295669815289687;0.5495207538978938;0.09985429671698506
3.435823131394078;0.021433736285047997
0.43061967544629326;0.38076726571819036;0.821105490520158
0.038748630478909266;3.2513617575488682
0.9126378023014821;0.3564992133959144;0.20978437471033368
2.282001887491482;0.23948335629410464
0.6026628638481616;0.7192729220728594;0.3531212617233685
0.14224513929531396;2.633629141526159
0.4959590181874848;0.2906369777869045;0.8280787174691406
0.04065275640139131;3.2341516079693133
0.41250421289237077;0.706489409261845;0.5947636527739355
0.5461905147009097;1.5900023888850718
0.7049076895176787;0.6398706659844942;0.30854755584991683
0.019527937539322016;3.460558349252846
0.6683278550450382;0.13595776733142373;0.7325763522643632
1.5034950648772092;0.5988114830306344
0.7158007747907484;0.1910556147728239;0.6725280707788195
0.23694914607120754;2.2898522462895556
0.6807577560209943;0.7033582815637712;0.24276167144863048
1.2352182170216872;0.7896033582707636
0.691621387906833;0.6684194537864342;0.29705272290567813
0.2007074240028938;2.408692138340882
0.43311069726895945;0.7443659942073648;0.5161081617530836
0.7073132342125495;1.3432365782189926
0.8901006301668628;0.41849014270788626;0.20924756807430922
1.9154216891720193;0.37947127151541704
0.7455563593509733;0.6000609915764757;0.38557856166584215
0.024321394615303193;3.400508671240049
0.47783439831462343;0.7122279775641961;0.5157840339846758
0.10962019849327054;2.785262551974654
0.6264713670300117;0.6990674763230841;0.34492156444789424
0.05215300453022162;3.138671711627326
0.7559568345724971;0.0748235951193602;0.6763200834396148
3.6360298531658097;0.008679222006065038
