100
2
0.8042602426912798;0.5882969851842625;0.08469838843150884
3.9996879298339603;6.086974230944704e-9
0.7419038349871103;0.07159703463698411;0.7086861024445968
3.892940681193994;0.000726106114075153
0.32546027852124454;0.21589277066115026;1.1288730857404952
3.9463309427548854;0.00018124091323393888
0.44199699371557327;0.8356282011542332;0.3268951308910702
3.9788997784942195;2.7899844486977226e-5
0.28122976245250614;0.4513550464843274;0.8573489558522811
3.9222941477148847;0.0003810982401459104
0.9416563657370712;0.2250662210981816;0.2517077667219373
3.9928484023782276;3.1994450667280693e-6
0.6899326634315931;0.14026457266901543;0.7102652019000494
1.2495035481182908;0.7782557614380835
0.728370780002133;0.1192880095603753;0.7198556186365683
1.7631032393767374;0.4518273258106008
0.5558132249780866;0.8003923634744038;0.23148907215011033
3.154766697122948;0.05010152880099754
0.774098866710241;0.13379600823840004;0.6190812122734718
1.2835451070676915;0.7517991175970697
0.82114050245302;0.5613901142349804;0.11413580367555012
3.256125400787318;0.03823052675395563
0.3130421339366999;0.25038714077759544;1.0279830610599987
3.489788224733611;0.017398272667553553
0.4093282233168897;0.7488742043409985;0.5408036629085419
1.0955932249470188;0.9087696558015144
0.5080363053498893;0.6995022841235587;0.5552340113257318
0.011222462429876758;3.5874779652643936
0.5092060008298943;0.1559485382104325;0.967639539464983
2.4986509247960313;0.17580229488747548
0.6405357797404994;0.6816295544099642;0.3843349314231778
0.006392150556871796;3.6865884468416885
0.35322009637396795;0.19579873793973493;1.0970904190156388
3.851362107634331;0.001407093613594843
0.6569829911030167;0.10607115321215585;0.7754506884491633
2.8458277217995014;0.09799521433519547
0.44836373305998395;0.7637429322693827;0.4651479150126531
0.8664698555251149;1.143095352684736
0.8121631383359791;0.10465020185306959;0.5758398235560133
2.364465243233966;0.21373814054574355
0.8068984160957009;0.07937751323297063;0.6120013059664965
3.4188105311794317;0.022800221636123108
0.7526313758860282;0.6095695604388368;0.39505162239008124
0.21705724171073854;2.3534811452306896
0.5216965186759305;0.7783819370317018;0.3694214861820734
1.0055911054021258;0.9944244812846469
0.46823744397105826;0.8210602916818383;0.3279749375906945
2.9211434778899568;0.0846022729940696
0.49021116702119366;0.13961486031123624;1.0892786606462592
3.7284102528204883;0.004773541715556168
0.47622211311749446;0.705016259099354;0.5884946344681248
0.08228866105324445;2.934848650921163
0.8351436961140918;0.5423857736609943;0.09691307867446353
3.7921091079032254;0.002773723773742024
0.2969851492722492;0.5044538610266187;0.8362777740115219
2.9770470660796557;0.07539849075546064
0.7652314878773818;0.596427128890726;0.28515548811622504
0.25256564296030554;2.24232926696745
0.32279976576955804;0.49615816724219064;0.8062650373057986
1.7491295314329904;0.45894309776849745
0.6795281933486091;0.09184126683628294;0.728127673234153
3.335476160633434;0.030161754659181604
0.9008146936553966;0.2816813777854732;0.3796782524158181
0.8707529272665449;1.138187209658251
0.6162054722117639;0.6884830312984078;0.4375330900457864
0.0004327566601978629;3.917221540089559
0.460965898242213;0.1828642581401149;0.9436282048135005
2.115948796314383;0.2974283021483508
0.9178932321973824;0.3640213962042869;0.15856627662649184
3.5048094052030936;0.016354926256887337
0.7919879257285402;0.5980894096247305;0.14843494864974133
2.531381489156181;0.16725516840335541
0.6063027510764425;0.17132607689525126;0.8761455110890374
0.9053838648540968;1.0993174127719016
0.34130388290992225;0.654038932722293;0.6774458376809539
1.6561288715275966;0.5085020450723663
0.45803252600558947;0.20369927647774813;0.9063710235505933
1.467536883444979;0.6218594142855155
0.6198391672868369;0.18798800535989846;0.7624670928386538
0.493766560188017;1.6830255612682887
0.4711687332978232;0.7863414487383232;0.4291090649224831
1.2565389494614092;0.7727210236996431
0.8495601657125671;0.46706675696086947;0.5192475149711628
0.39443537588277705;1.8822717637499142
0.5434143637084394;0.7262478472723906;0.44304129218021987
0.0857303072153267;2.914540777102789
0.3371853663704566;0.5751705149242906;0.7461922703891397
1.392816954062085;0.6721103051594698
0.6318457806758558;0.12742080487696422;0.7730533656080368
2.134587192689909;0.29049658053830196
0.401117267616722;0.17249474176818272;1.0663138232665967
3.76021262295157;0.003705550355998647
0.8402751032509329;0.520793738814193;0.2505893890960017
1.8507438138050767;0.4090619946538295
0.41917998235340326;0.21655261677220938;0.9295241907864324
1.6758910368923206;0.49764262741280535
0.38212551528129735;0.20748579968286954;1.0020343936319869
2.66519330066522;0.1350254000179847
0.9335305332995004;0.30025980344522923;0.19681737825822954
3.620180080266632;0.009471750270920494
0.7672203084920136;0.11865990212786903;0.6419789339683848
1.726537765562881;0.4706264032008694
0.3391467392399548;0.6724274229800584;0.6635280098852732
1.8794119931337734;0.3957460760541804
0.29336093015784476;0.4334671542114329;0.9322969147951068
3.159884073885701;0.04945896829804589
0.8997486385520741;0.40518652220450896;0.16604723623639506
2.6312691575054905;0.14279425810980526
0.848242650957977;0.5136694570008642;0.20653960986780373
2.5413776557361456;0.16469807371398404
0.9054357533354418;0.38386588183533765;0.21191498021176855
2.3718662409249434;0.21152048319355665
0.5875491684469676;0.7027432920082844;0.44633832205141755
0.007123781830927639;3.669513785985363
0.5683621418064208;0.25393336366309477;0.7857159735306523
0.03258643673448668;3.310517888913861
0.3790198597689701;0.33359228548523684;0.8631871665559977
0.669560727813962;1.3964931078245135
0.6838476863071735;0.6614416898792416;0.4941648371854378
0.0427665419619132;3.2155636216390873
0.8276151664664445;0.5465989065068014;0.16176584040670366
2.423998312653068;0.196320334269063
0.8810448938378331;0.31212057017594735;0.5055182255997905
0.3032516412007238;2.1005200962294395
0.8292171046779876;0.528297984240959;0.2932809537949956
1.08669960266386;0.9169042068894151
0.35301300935126856;0.25806305786583145;0.9576829541853984
2.0502290672421752;0.32278067586623854
0.6616744658589454;0.12076536148484088;0.7445577079763539
2.121220396952947;0.2954563825727599
0.9182431253722311;0.34204788339663106;0.2073559572156698
2.5565216580203027;0.16087106341111604
0.3156955971839823;0.24556477701762078;1.0670687433484256
3.488774064507382;0.017469959324799354
0.4239760708476975;0.1618452778230932;0.9934530873116332
3.8267462647880968;0.0019178170450059437
0.3322835174286602;0.6558651719126359;0.705855289732086
1.986492927125132;0.34877292396764004
0.8843924021793581;0.34769106744051526;0.47018297737362325
0.40518545473395323;1.859018281168311
0.7932802780229324;0.5859948377289382;0.1795604604676741
1.3593086119255138;0.6957329675504575
0.380685668733972;0.5631477197698022;0.7864767108554457
0.37559624600636493;1.9241599453650777
0.8890505510027352;0.4343356916156867;0.14487645927903234
2.792237852413203;0.10824161972341721
0.6735158908090007;0.20939479773168418;0.7382532153924087
0.11616634984523456;2.752838950603309
0.3848691189552916;0.17834662223488743;1.0455661254518955
3.8448078111360116;0.0015352174939810073
0.35987982930867635;0.7124039378838636;0.6423510462072927
1.6554368211822947;0.5088856323844299
0.8928592561426065;0.4124478956749581;0.24145323647946487
1.9815816146916727;0.35083514241406155
0.536378992605771;0.7692488139746433;0.3582311082333766
0.7861097802156073;1.239596494825333
0.3041490024036314;0.26574295770669343;0.98549458876443
3.582008588581743;0.011530570826993046
0.37200579863993455;0.7713206954851398;0.5938998963886348
2.3650940224256303;0.2135491466395417
0.5546295801951607;0.7318819690219494;0.3973627041778589
0.13826472096701245;2.650906144337893
0.9044231704611674;0.26610747596814466;0.36921710060998253
1.057952516821266;0.9436797658797031
0.7522799210219909;0.10236258568769344;0.6527792226177228
2.337382009368667;0.2219824189985764
0.4282096759202501;0.772881586980071;0.5059688895941729
1.2817938194465184;0.753140475333691
0.8738834249592506;0.4226791520378872;0.3044304356250413
0.6863290688751322;1.3725298742946708
0.5150719020926633;0.7432527672378759;0.4279175876738954
0.25218732291958473;2.243457085502585
0.6827107952782195;0.6639344164677303;0.31331151816191516
0.054681798642990685;3.1193162132765786
0.4882267093479782;0.13856747171825248;1.0947545388855568
3.8358856235901855;0.001718789941378911
0.34786049869723606;0.23024643099450745;1.0433190873940827
2.812479520135912;0.10430001134408244
0.45212413442835975;0.733778852770989;0.5389212066201833
0.40642610758224235;1.8563638100459885
0.33024400491978917;0.6798470577520292;0.6742531964058622
2.2793944250426916;0.2403290337190419
0.8787075806461121;0.391806818022506;0.2728186172578316
0.4878190495381934;1.6940572857846885
0.3900692164032981;0.30723682697832694;0.8694975135131049
0.6841544405788068;1.375609284583364
0.880562069932036;0.4574202770138665;0.12400479164036142
3.2373727469507685;0.040292509020091086
0.3491174346017443;0.349369606220624;0.8739808176315258
1.18602494198771;0.8298340517943796
0.4366882011062632;0.23137371205928411;0.8706635412699385
1.0747208908727666;0.9279710486512388
0.33824631318972787;0.21657836173254089;1.06991018761591
3.505163255348198;0.016330763859877362
0.8318386712398723;0.5355739401037796;0.25471323352533615
1.9259492711788955;0.37480629528083925
0.9337403263497459;0.3014605945684321;0.19304333732200443
3.691136419402288;0.006204232945688692
0.7704353210970203;0.6174116697661;0.25730455741781366
1.5609203588467027;0.5634484238032209
