100
2
0.5476062143427226;0.1168193123791097;1.0376019523261024
3.9993112466773435;2.9651374082164772e-8
0.4361825587465622;0.8348784431349154;0.3367399875943384
3.9280019527330117;0.00032693140877812775
0.28489968424354345;0.34165230998681834;0.9301405806046392
3.876782943606419;0.0009638054022725512
0.9417115224671946;0.2266816797941529;0.24942699073315003
3.994236917566957;2.0773166837417138e-6
0.8110416105575353;0.5788400380148637;0.08463231707646425
3.980265163156146;2.44017192871957e-5
0.7962525108487143;0.06792044843244469;0.6480947016349841
3.970889373545861;5.315789484713598e-5
0.590440917798877;0.2055579563656093;0.7893777587490395
0.35331877882938445;1.975693816546613
0.8181487749227286;0.47744998332472;0.5502619575884202
0.0006960442009725139;3.89516544572091
0.8266633702600661;0.5560577692626463;0.08634126367379903
3.9602375058242845;9.931021558313455e-5
0.5691618551663619;0.12536880478463114;0.9620460536339106
3.0809706050155636;0.05989307515955029
0.2875260225770215;0.4458639836340694;0.8573568307828274
3.5086642066086577;0.016092731758482907
0.3022602909386326;0.373899068129468;0.8804964476097682
2.784452302851693;0.10978101164737722
0.31873801325089357;0.43926072184505416;0.8415658154250238
1.909893574878952;0.3819376056202214
0.9361427911772598;0.21919624125857867;0.28097753494130817
3.4122798559467404;0.02333692105085326
0.395266201138951;0.7736385775952247;0.5298469013238706
1.8565633639423285;0.40633274285139565
0.7905165200389562;0.6011841698772407;0.13703056777135147
2.730124388272687;0.12088916682966498
0.701119872949721;0.656253130971935;0.398617515394325
0.13457454312116685;2.6671984188985225
0.40564151897763046;0.2402196847787842;0.8832455633291628
1.33376569681657;0.7142147284793745
0.4880899298452208;0.8001959045556875;0.361688139048476
1.7702177931221375;0.44823651826272665
0.6379239403193236;0.6947495395126819;0.3557564691304696
0.06457559474829026;3.0481064530756843
0.5824968989537823;0.7863195868960254;0.21825591532488595
3.0175064101333815;0.06911792343129552
0.8301620593573485;0.5505056078265075;0.11000415367357054
3.8942805655906905;0.000707923912459385
0.7419463246708632;0.6365433058927009;0.30414010560411603
0.6742125195972924;1.3897947152434251
0.4179460949420502;0.18054838627102343;0.9173512107299957
2.989613714107391;0.07341393202198224
0.8493212773481764;0.4248185940000755;0.5206333748825296
0.0602683791513309;3.078283620399295
0.5519413239780958;0.790401041270428;0.2689489476063467
2.047850803736662;0.323725293251537
0.9067129964258946;0.32873971133933466;0.32008383653036926
1.2481288479856478;0.7793413650356737
0.34904573995795424;0.6252562532360286;0.7048728123485394
1.2398979482305659;0.7858697521266106
0.3783066720719924;0.5933001368847226;0.751027901370761
0.4753244162518001;1.7175734013795725
0.8584193871656297;0.5031875272062045;0.15549702875542315
3.718106489623499;0.005149609543331973
0.8145226288895079;0.10822570994040245;0.5700288936948738
2.249237401675363;0.25025428561262414
0.3574883914944098;0.25455292890223;0.899303653747837
2.0031570425393945;0.341839821200326
0.34222655663286783;0.6314854813315859;0.6973505340683055
1.478653097204396;0.6146578715416141
0.48293811140808024;0.3060409448117025;0.8338261072423004
0.028936961208375734;3.348502262406197
0.3073142774610733;0.36844664635023056;0.8955496525577864
2.5590172099140758;0.16024581544894673
0.36905801371933666;0.5303851795399547;0.7824562703880459
0.514680485569361;1.6450310698549995
0.8976865591942284;0.3995054470162863;0.18642179227339642
2.012682704184979;0.337920747330783
0.8037543516589493;0.07302078524189898;0.6052531212768011
3.7237976325239965;0.004940066770891867
0.9056202742133366;0.35736866651765653;0.30599480893382436
1.5633423079450934;0.5619947968115695
0.6944414914833066;0.6836955926744059;0.23364517653948627
0.7463854902692721;1.2906413092992233
0.3304214896134468;0.6628293760638215;0.7686709305262335
2.1140191524780136;0.2981523693021628
0.8394161323474065;0.49875884100187146;0.2575111644607096
0.6321002270210313;1.4519109822847214
0.5038214023155835;0.8130216234278315;0.29490358137344996
2.693160324293974;0.12881990131897536
0.5091074130146003;0.6919633111311686;0.5809584838981892
0.00212078217594771;3.817912978825592
0.42553216220031964;0.8289499136196258;0.4742995822640283
3.570625703595766;0.012185966617488301
0.604841345955223;0.1604108194365042;0.8061479857453063
1.208106508469258;0.8115505682464877
0.8683462872662866;0.19763568171074572;0.45538026134736864
0.8188558135780312;1.1992297255340605
0.7309470337992058;0.6611028183657378;0.1999466689435072
1.5454858032631105;0.572783031911321
0.6090523825683932;0.7092537332360551;0.40806730406341857
0.06947128738248877;3.015175030100021
0.4314151318652283;0.8264228420895684;0.37576826524826124
3.3551308014941306;0.0283243468437766
0.7754432872564592;0.0988348164287626;0.6256714582254052
2.462689887853337;0.18550594872478912
0.7107330627239646;0.16240582159471587;0.6859166471765287
0.6572654773040625;1.414389032407495
0.8470363228587211;0.5193457493587017;0.11631984908828046
3.0566534246506696;0.06333841713022231
0.9194543517138999;0.3196477684606309;0.25955418357353793
2.171249523583855;0.27718535890582874
0.7531879422813768;0.09352482867307405;0.6524085839668312
2.7150456478165967;0.12408741967817619
0.7242857280081451;0.18245107513478884;0.6737933603428979
0.33001542436332276;2.0321366656353597
0.4651425609232481;0.7643510457719915;0.4485650136076099
0.7473199277248124;1.2894132135989096
0.821237283786118;0.5371895195366416;0.28894101883546053
0.8827993444273096;1.1245032530001116
0.8351108944522755;0.4503933514086181;0.5513273434771006
0.018535359787288735;3.473956846993569
0.8700477827894326;0.46552729236036244;0.20812700212909874
1.9182863694895231;0.37819774999683764
0.38989707945373037;0.7396744305008075;0.6178015710717534
1.305547318594589;0.7351253361608637
0.6618850056275184;0.6733283785168225;0.4146538186954871
0.02116151283053772;3.439281623773867
0.8615905233393918;0.41345102126072303;0.42670487832497755
0.18575853618958701;2.461769969222453
0.5737686964834758;0.11476266710216844;0.998391690853151
3.6187500421055097;0.009545045938817186
0.3855884084791062;0.5757346590213748;0.7259585475731729
0.3307935154236961;2.0302074494876403
0.4480197627291932;0.7188739287465569;0.6612349398509966
0.30230538185129335;2.103013198074728
0.7215316100487391;0.1016619514093171;0.7189036242526081
2.4883405131751197;0.17855064260082965
0.4922930144650822;0.2791501118059269;0.8305505552568226
0.09351355099740881;2.870314133094285
0.7828067148352362;0.6143438029810246;0.11322308152585968
3.4273002766424447;0.02211260675323957
0.6071465651353718;0.13778296109803626;0.8110131458714781
1.9720095246459755;0.35487926139449844
0.5191437821604329;0.2524669279290713;0.8206392117881728
0.15737256726170679;2.570564111213117
0.896565039711734;0.37944294017605223;0.33145023572428234
1.2770124446475246;0.7568134319534603
0.47478530194947255;0.8133251178500154;0.41429277828942357
2.441051936084209;0.19150547435217827
0.8016320446177333;0.5826296955431315;0.13392994655920631
2.1690594226009163;0.2779686270338797
0.5438346729589386;0.11932369376804051;1.0209851892457833
3.9121408594471454;0.00048782413560398316
0.4557540469810957;0.7496665363942874;0.48301750488121914
0.5719472941311664;1.5468594101022308
0.5752504211517099;0.7241562353116804;0.39694464597336654
0.1021289856414144;2.8238239476076004
0.6506515460675285;0.1571541694847387;0.7453488057474524
0.9894346524957787;1.0106214575929997
0.7147370680289987;0.6815382043242858;0.15909072339214525
2.0287957494237405;0.33136369710579755
0.5236361143246703;0.7791641771160793;0.3445823971993314
1.0436248752794766;0.9573064828299082
0.6410973677810203;0.15557242027656729;0.75385871848715
1.0872229032820029;0.9164236450447947
0.672847119715794;0.17149503250851206;0.7362659592697988
0.5830932983461565;1.5286714588586072
0.5429893951963319;0.1473535878052336;0.979253203957859
2.3804999875085855;0.208952385801428
0.9136705199650139;0.2900013815021025;0.28493398486351107
1.4686916009313862;0.6211081189372721
0.4123345937438655;0.16574380658033103;1.0309385741856611
3.8707976680801464;0.0010605257556111527
0.5652493213594996;0.7199032758902298;0.43818483486539117
0.05737868766573357;3.099224732055396
0.4645854727593453;0.7351686553782497;0.49690656557567703
0.33850574059351934;2.011255893779407
0.5272140843559789;0.22793660964600462;0.8346829094363668
0.358948299627455;1.9624565316384055
0.5139680254100214;0.27113530426084115;0.8139213543112751
0.06760111695812175;3.027592525008061
0.8497059839789637;0.515296992457354;0.11168253062810067
3.1408495780542864;0.05187269497245604
0.7672149379338463;0.6348182163396964;0.20403872991725958
3.8324227890303972;0.001792889431875422
0.44626632019439605;0.737405815091127;0.5076835908459109
0.4921618345694702;1.685991962107804
0.6491518721966845;0.08812990813137572;0.7811926802428454
3.9753835738510723;3.7990014773309414e-5
0.6892214099868321;0.17553216819768183;0.7259428984925765
0.471525108443224;1.7248176731506364
0.38625702708269566;0.5247351609719825;0.766364736772933
0.26010299760949396;2.2200912423120145
0.6701387003210169;0.1940453790726918;0.7283824672856958
0.2603548191046755;2.2193557731287084
0.7998583392586904;0.08169849739632248;0.62167915237388
3.2749902557246546;0.036216596354272414
0.538985301433737;0.12457685990486703;0.9911149233935013
3.6742240080112083;0.006917823425951182
0.8859051680196786;0.392476489904129;0.42737873046648556
0.8165786183173477;1.2019890298470932
0.443613802419472;0.31929076979733606;0.8424466739946308
0.11850446648251968;2.741525358536319
