100
3
1.5258847270160913e-5;0.9999923706054692;0.9999923705472606
1.4532579060293531e-9;1.1985625971402022e-5;1.0000000012378223
0.5000138382326949;-0.4999446457926;0.7680939472974148
1.5258847270160913e-5;0.9999923706054692;0.9999923705472606
1.4532579060293531e-9;1.1985625971402022e-5;1.0000000012378223
0.5000138382326949;-0.4999446457926;0.7680939472974148
0.9366228404950918;0.8534734897757913;0.235271216202091
0.8442217667543223;0.4822131138447069;0.38484733429912604
0.8661631905215752;-0.5009545383589717;0.9257350776559787
0.8092746653478081;0.6787952795668688;0.5185743525787166
0.5881713600103562;0.3971066269020016;0.7411030077078921
0.9985210754047741;-0.3012731011718564;0.6496219237541934
0.7532395693687333;0.7502745477046135;0.5390129743936691
0.49134210172917325;0.4872144198667299;0.7488691474502807
0.9999508465484146;-0.46526917212421015;-0.7288142323585699
0.7573491363142927;0.7241827447597597;0.563175554792612
0.47923245169746764;0.4368330622421918;0.7613066358042041
0.9983751770165626;-0.2912614795441771;0.6758645006143371
0.9171465045678725;0.87150929780153;0.2399500312114914
0.7603797733705654;0.5642762296809717;0.3739239948816802
0.8717028165445618;-0.5391897561783194;0.9282860203206295
0.7682143575979903;0.6944321027989584;0.5425365452321961
0.5159004702807863;0.4163991532565243;0.7534249511986543
0.9976001785766806;-0.24393901573545018;0.7678046634124763
0.8896593933823604;0.8629764650037896;0.2488691457701323
0.7208956949297199;0.6109088832028565;0.3951487109162149
0.869169928939494;-0.521743738025132;0.9271204141496157
0.8324735728111656;0.7391220643496028;0.42858508408579976
0.6398519035759602;0.4516189668471663;0.6244086956204673
0.9892874304265099;-0.895527809752382;0.93742761945255
0.8858156710086171;0.8273095318183004;0.28687509520085386
0.7309968123184705;0.5279564599473675;0.43662967385611656
0.9019658292081351;-0.7392871621590514;0.9420157564120919
0.9035210163052472;0.8405459803711018;0.26899791216960645
0.7529375254036146;0.5168208506163121;0.40763065732457976
0.8957410303415515;-0.699851462184862;0.9392354517864148
0.9087511133938626;0.8345215567953882;0.26190051449348956
0.7885330794729009;0.5022360734106028;0.41188717526626023
0.8854905819807697;-0.6326757591855123;0.9345982633767314
0.8098236016202098;0.7288676804311023;0.46132661824170773
0.5971862139801625;0.4517080987566649;0.6629003803313733
0.9966401543334039;-0.7523258934351639;0.8276516514507695
0.8364239849431325;0.7565838930123321;0.4071083715021181
0.6477418787701354;0.47364053026810937;0.5967598409448507
0.9806335002671136;-0.9667250411502727;0.9577408713091422
0.8074871548441558;0.7222025610133743;0.4703697453395484
0.5916438246660468;0.44326857462605246;0.6734410344232045
0.9981836439420195;-0.692337308066793;0.7048403291724268
0.8006720624763926;0.7181404003000447;0.48144143010886525
0.5789093560545314;0.4408099618660729;0.6862331554606961
0.9990872943545414;-0.6400098659166165;0.4884428274261724
0.841618889940161;0.7616978526255267;0.39944062085286713
0.6565519217020258;0.4772721401328842;0.5875596224651392
0.9750036678113408;-0.9886267950565627;0.9617954850403584
0.930897049798872;0.8561938322956968;0.23615989535608617
0.8151669474129599;0.49054088169224735;0.37155782471368626
0.8665422631440283;-0.503579826606314;0.925909822638808
0.8910471159916754;0.8301293489908327;0.2791899240731308
0.7419722197273892;0.5236173485455095;0.4265114159564607
0.8968994633887687;-0.7072776567257116;0.9397552486401637
0.7812526152452651;0.6985916508557182;0.5226713909741091
0.5384677468737745;0.41893295644630174;0.7311343227833254
0.9983270229696273;-0.2880497246828815;0.6836771707647087
0.8720565766272862;0.7952447561012441;0.3328529152699064
0.7165919281270074;0.4957253506551024;0.5028519396771395
0.9383280421790663;-0.9341457433311837;0.9570231917239509
0.8343906028658973;0.7523892728546246;0.41330499234406876
0.6438706207013194;0.46903819864620144;0.604558283896254
0.9839414474897366;-0.9462414705455359;0.9530922851579509
0.8950115392773372;0.8592486964152397;0.24781768843658405
0.7285790278541062;0.5805743924964174;0.3836017062164332
0.8687943395292498;-0.519151296090474;0.9269474568172539
0.8194122717171684;0.7470829567899799;0.4336615725182521
0.6185413463824206;0.475036853463478;0.6318554806175833
0.9907556783477691;-0.8761953437960042;0.9294931860701351
0.7881566389899577;0.7027101617980219;0.5102535519624687
0.5540567179090734;0.4249830524576526;0.7197509244936602
0.9999149942760525;-0.45417237398491656;-0.5732274458768137
0.9124940940516413;0.843311324960877;0.2552240346617009
0.7794857114526083;0.5041128681529691;0.393093483162312
0.8818629985097148;-0.6083691579959586;0.9329441067354888
0.8783309244246045;0.8048273952075292;0.317279139733617
0.7288278109731813;0.5040415749348186;0.4834668756249089
0.9257687278877142;-0.8757868649822789;0.9521955649976963
0.8873992576713177;0.8382020176673814;0.27499387797159486
0.7265191059835328;0.5466425475553331;0.4192490848485339
0.8883140110957406;-0.651417751997027;0.9358815208773219
0.8535207335941392;0.7837253648179455;0.3627770464712093
0.6783749277966312;0.4991317356939417;0.5396625131467804
0.9586619377513063;-0.9942873602538176;0.9627905027570011
0.8001771678382221;0.710713805201091;0.4894624704350055
0.576054347985699;0.43062535908515853;0.6955025543127467
0.9998407172216272;-0.5605032413348654;-0.3260101894086568
0.8491450529902379;0.742306366879968;0.4090868927918901
0.6826286865367919;0.45200167327291535;0.612173340458096
0.9808395041093676;-0.9656372809747809;0.9575150752530538
0.7913526361564965;0.7070877604968883;0.5019169060477391
0.5598210569574673;0.4287232801028791;0.7091706091504905
0.9999659425449259;-0.4711428357427658;-0.8039347889642503
0.9082048470577503;0.830216778924381;0.2708166400399748
0.781339729492926;0.49221107824761595;0.41943937592268765
0.896007266610311;-0.7015615018889593;0.9393550023859387
0.8497183548748828;0.777538853467302;0.3727449442099612
0.6719821221366166;0.4934147937392148;0.55279607166479
0.964601898842331;-0.99979458125115;0.9634450734924918
0.823681733042421;0.7293266957923829;0.44703448716427824
0.6227155042984603;0.444556097709611;0.6470951962132809
0.9940199507326912;-0.8199169926663586;0.8972581965088717
0.8127880322247747;0.7354688311277024;0.4522022670561044
0.6032161027134868;0.4596433122152626;0.6520365565072506
0.994456645752266;-0.810477801855342;0.8900709151682382
0.7931819036947501;0.7080639389798885;0.4987927193249706
0.5635934776052545;0.42971259075677487;0.7059446828863599
0.9999994009609893;-0.5037868888298156;-0.9961838176502744
0.9242455470753917;0.8541289332250571;0.2411570677261856
0.7963649188301164;0.49848590308042345;0.3729820734355903
0.8706476273324877;-0.5319298737185884;0.9278006049268265
0.9243077643681435;0.8499906280492725;0.2441981843227643
0.8041218674941217;0.49319741342783296;0.3816674872022207
0.8734317668393764;-0.5510585238500105;0.9290808120266095
0.7945602914237053;0.7266915810597186;0.4787481694267315
0.5728284974372132;0.4580715759796621;0.6853504692762595
0.9990074704428186;-0.64561590864079;0.5196450884935067
0.9144910463793691;0.8462632037977953;0.2461313834533194
0.7931375508469293;0.5100658513251313;0.3876363075274778
0.8707655057558898;-0.5327414835343572;0.927854844644006
0.7659276193009033;0.7140326825625806;0.520781046874564
0.5270892738831042;0.45147444405842535;0.73679121515654
0.9987753613162705;-0.31989424952767936;0.5919465225419718
0.8957939177472045;0.8241157838679007;0.28888793966034965
0.7477172290505626;0.501345781976859;0.43699639030617604
0.9119277785333559;-0.7996062913107086;0.9463838114759404
0.8191601278448041;0.7327346515159322;0.4529881076459224
0.6112686432149761;0.4511369113958065;0.6525831410062677
0.9964396299361766;-0.7586489923684707;0.8363742965210551
0.8925894467629565;0.8203520228498136;0.29220230811096415
0.7460146042006812;0.5012469483251112;0.44324690400911665
0.913094497469007;-0.8064055286536601;0.9468870653040405
0.895778744278528;0.8119822390523186;0.2999342345914549
0.7576292805879064;0.4830824722431655;0.4571175176151672
0.9207166337795204;-0.8491957210864378;0.9501189212259317
0.7633336610078058;0.7165782068390085;0.5348009541284947
0.5069746030148664;0.44177356506937276;0.7409151963654473
0.9993410644193671;-0.3694163084070897;0.3551645759441796
0.8598029959991399;0.7995121370756608;0.3410168372657545
0.6869765323489094;0.5186436515371344;0.5109092437798518
0.9436322799831087;-0.9546731788440621;0.958853529209621
0.8786608591715815;0.8150658945805306;0.30864055999976475
0.7188186669169442;0.5171514858078649;0.4658856650679397
0.924850723063498;-0.8710717555224972;0.9518228167571403
0.8248965057354091;0.7542958274158096;0.42117798498148495
0.6294879897031715;0.4829932739983389;0.6173664187999857
0.9871088550853984;-0.9194051296975969;0.9456241034817612
0.8268236962103039;0.7337634469602449;0.4407407381916707
0.6271145094607978;0.447343179413349;0.6381477985190415
0.9932573073165446;-0.8351286019812341;0.9076061441077405
0.7796378626485871;0.6873458249326164;0.5330165091636925
0.5368394940909105;0.40847649525418955;0.7464322047132964
0.9976172965301003;-0.24489967076600025;0.7663474015712979
0.8167045299252549;0.7441252741298398;0.4401534093536692
0.6110915063071544;0.4703525933087195;0.6377534032923227
0.9911502516683394;-0.8704667832722872;0.9268840160109245
0.8630484708978223;0.7906730434330922;0.3468870316023567
0.6962179680101052;0.4989001968802701;0.5190742497303629
0.9471140787670445;-0.9665162457491446;0.9599583505176191
0.856028620022877;0.7858753097409847;0.35830045325791615
0.6830445217573473;0.4998328167522855;0.533957141211396
0.957236048199;-0.9919693645320452;0.9625327239578504
0.9077909255287512;0.8365077974532783;0.2627063371286464
0.7775312858435176;0.5033580633384416;0.4066748845821792
0.8873139216046032;-0.6447979627688972;0.9354274339166525
0.7893100410710407;0.6910494332929777;0.5233498363232354
0.549351148281776;0.40767905885426053;0.7331544693353464
0.9981317772151225;-0.2754471413612428;0.7118083038367284
0.8335438236876576;0.7553185661750659;0.4168081112009803
0.6392064185322763;0.4742191345840539;0.6085860453461532
0.9811757910227649;-0.9638117333244138;0.9571309331102584
0.8394545794725404;0.763851577615991;0.3983983056462748
0.6522140389960606;0.4819456911162696;0.5854260351409416
0.975200330127049;-0.9880870898377998;0.9617071668507776
0.8989266210023029;0.8427259427086683;0.258366213202798
0.7581400136634381;0.537235836912696;0.40226355858051266
0.8741583117006817;-0.556035575572459;0.9294145756617042
0.8302582818765853;0.7758438657588768;0.39406331482204443
0.6431409554359964;0.5184633719396392;0.5884262834689858
0.9748044565450456;-0.9891587532272805;0.961881915526525
0.8697755779196504;0.8190875073142636;0.3113716128002364
0.6999997604752619;0.5408150287726204;0.47106322180169474
0.9215562899933007;-0.8537206842832891;0.9504681341413718
0.8572213872321327;0.7807445442809395;0.36428012801017007
0.6847420852211678;0.4895089872719172;0.5414282718877701
0.9626937174007818;-0.9988075601655486;0.9633194345201171
0.8606794604436405;0.7887154056347366;0.35081640301475975
0.6913272076064876;0.4980415164340839;0.5235734436320728
0.9526006014274624;-0.9821368973628821;0.9614945508213525
0.8654835516205254;0.7923349414027654;0.344124815686875
0.699047300093455;0.4974851838930717;0.5143736480386774
0.9502242851382326;-0.9758608013241469;0.9608641805617334
0.8432121378289449;0.7859241450762154;0.37681510001972207
0.6539601609421373;0.5139898527751372;0.5571314528751126
0.9614953716962293;-0.997795196335805;0.9631965351180712
0.8720163708310028;0.8000988015741759;0.32811123673157966
0.7120262948266577;0.5012343881843726;0.4932810436759102
0.9371040217606119;-0.9290232634301536;0.9565798097975404
0.9012771332536373;0.8523634219126314;0.25050478877728255
0.7454708422371936;0.5458826144405273;0.3827207376604937
0.8734512185476858;-0.5511918569701207;0.9290897496448178
0.880223689549626;0.8158917342101112;0.30393445980267236
0.7240365361169075;0.5161841605346923;0.4602018866650677
0.9175186760446666;-0.8316046922585815;0.9487757303141571
0.786624231510513;0.6860280665982527;0.5274306944763734
0.5498291289659749;0.4071523351186092;0.7427130883184713
0.9982281318026401;-0.28158585587820223;0.6985863633689464
0.8387295345614246;0.7752602817303785;0.3865516675720479
0.6562668361995834;0.5068902598340354;0.5760519157130701
0.9731219970202685;-0.993082055082501;0.9624994939774606
0.8224788689677824;0.75433976885012;0.4247424735588593
0.622001079580781;0.48233620488567924;0.6192335929062477
0.9859938518395699;-0.9297957785381213;0.9487159075857945
0.8585424455535473;0.7891445974934719;0.3556615969924594
0.6872921462208007;0.5041277030506126;0.5320617024350656
0.9582448801263141;-0.993646128919714;0.9627185154958636
0.8867168094462174;0.8041973955175342;0.3140597027511379
0.7403232963252668;0.4849316480109134;0.4751247541520611
0.9306724113197812;-0.9000109099567359;0.9541464172789726
0.8822199171759932;0.8218343013866933;0.29617943521009304
0.7261786881166183;0.5246500259614166;0.4501166374649416
0.908743608027784;-0.780748987740625;0.9450006278294876
0.8139816427302392;0.6887620499196627;0.5034094178227485
0.596641047998481;0.40308870208320935;0.7199911754595489
0.999751925801788;-0.4209563498413871;-0.11633755390254552
0.9007173918632672;0.8469985678659103;0.2525187383049728
0.755971208410818;0.5390393230209324;0.3906618873505091
0.8703920525002601;-0.5301697094240893;0.9276829960834204
0.8519941837202548;0.7485402759279023;0.4005496454745939
0.6882602792781362;0.45784804280378455;0.6011430652315559
0.97666542672509;-0.9835945005944137;0.9609481918255055
0.8467504089091491;0.7702084583518218;0.38404586002754076
0.6663911423499181;0.48479937807072826;0.5673768234864078
0.9687439779960229;-0.999011026032677;0.9633524767764253
0.8738479617022995;0.8086107466931921;0.3204072023254287
0.7113880379801655;0.5140454490838612;0.48263626824611827
0.934279693386126;-0.9167001549208418;0.9555312426433238
0.7897823826559772;0.7307675739501959;0.47946011230865054
0.5693453218236967;0.4697606038501223;0.6900166723032187
0.9991063057016106;-0.638633728191698;0.4804021587728914
0.7845075942452795;0.684986684355249;0.5308389362388063
0.544897696420608;0.40543894279524617;0.7454604495684627
0.9976425845853373;-0.24632471562931982;0.7641602131063034
0.7988820956909766;0.6818437190695595;0.5232930943935106
0.5682550491784172;0.3997084334086303;0.7405509969226365
0.9981136722569421;-0.27431023825216583;0.7141629073302636
0.8059365470894884;0.7175151653973845;0.48570801390410073
0.5815101853057766;0.4353717126910124;0.6894162744317083
0.9999260670614809;-0.5415158124148983;-0.6182045988053781
0.7534765374011269;0.7275686685148721;0.5288538051378707
0.5061288418320167;0.4692809684575913;0.7447475164140068
0.9994982769212603;-0.38654698759404926;0.23092115518852496
0.7730519409659297;0.7337438256963029;0.49544705995819255
0.5457098374927007;0.4829400710769173;0.7127181030578333
0.9997626620916704;-0.5734809896237918;-0.1380958554653584
0.8420223028933269;0.7684149774996596;0.3902036702395699
0.6575329650101523;0.48675192339942736;0.57511696964617
0.9722466404305017;-0.9947402403643295;0.9627491822601795
0.8876789955966565;0.8081317172250152;0.3090293524837544
0.7407961036288144;0.4894783644494837;0.46762119278912023
0.9267083306101069;-0.880556208566667;0.9525747719667763
0.8698894591686466;0.8122697119015222;0.32067758880936154
0.7008123243299694;0.526536375245912;0.48237140532974415
0.9252907088894443;-0.8733383792377821;0.9520017418233347
0.792557109429159;0.6955611352250047;0.5196549901864993
0.5521113962060488;0.4101415925953644;0.7268153635801343
0.9983417729222586;-0.2890288904954837;0.6813247724607367
0.7616923025924233;0.7018717972374805;0.5403303326702301
0.5071103686910317;0.4257878471853374;0.7493634410294213
0.9977122421706316;-0.25028724666358787;0.757914157013169
0.8460006662511749;0.7871386213493635;0.3691262182347881
0.6622685927964748;0.5144214275835732;0.5485150567403471
0.959345714813478;-0.9952711880191689;0.9629021048659409
0.7750089079694363;0.7463998179912883;0.4930732455655295
0.5418345395580738;0.49553683995174724;0.706437827581813
0.9987447355371581;-0.6624169232052544;0.5998856861466206
0.8368326779898513;0.7654830949595478;0.40374136326749227
0.6440665448770175;0.48623273148776064;0.59121090791826
0.9753750845700953;-0.9875952407316253;0.9616261339875998
0.8145972626151875;0.7127613846136976;0.48556623978803437
0.5908725901495874;0.4224401268325497;0.6873605204514154
0.999948603500818;-0.5347008507893086;-0.7181830797153202
0.7758254804387478;0.7119314037205684;0.5126820036442296
0.5365075167378106;0.44073027098679424;0.7218626581278371
0.9997706012551311;-0.4240556683812412;-0.15473925531799815
0.8575327557534453;0.8019304425412488;0.3406333627032402
0.6837355114643877;0.528194799687583;0.5125450098003561
0.9440440896241407;-0.9561452654887435;0.9589886260501188
0.8329471806754175;0.771120544556509;0.40334871448616044
0.6355462564769305;0.49843159424415245;0.5904196499534584
0.9746348708742579;-0.9896000347143651;0.961953140906498
0.8114329455001511;0.6822729107978278;0.5119646447657249
0.5934912238248271;0.39992124717262456;0.7333458249722724
0.9992136414133057;-0.3569104210319289;0.42978305718492094
