200
4
0.0
63.701363812727884;-15.119166513100513;-2489.5039157039087
73.3095734057829;42727.381689266906;1926.9823855470272
1.9997247036656793;449.7712222535967;-191.685322381742
0.0
63.72687946276733;-15.134380059486197;-2502.8817560452903
73.30852180593112;42727.10792162247;1927.4031108006407
1.9992308365023055;449.9469761080266;-191.53418662656742
0.0
64.19504586232904;-15.199050950352847;-2516.965547689131
73.266624831567;42729.69555501126;1928.0057290619118
1.9996183707370823;449.7868786610989;-191.47704279407742
0.0
64.20647940974217;-15.208112038517296;-2516.55739838503
73.26621384766494;42738.13442768407;1928.4492362346177
1.9997165518722255;449.7246400088189;-191.46738782723955
0.0
64.20060090220196;-15.20080126230581;-2518.9792915691564
73.26648765651206;42729.8642669161;1928.082720007778
1.9995754637162757;449.7983379737041;-191.45385142251175
0.0
64.00582272581774;-15.149567886213108;-2520.3307884710275
73.28497465511946;42717.96892792293;1927.684945347432
1.998969416575241;449.9597414827829;-191.34834205104144
0.0
64.31849169052309;-15.21416121608724;-2529.1578576724673
73.26093823267377;42733.80844790906;1928.7728479292944
1.999579232270644;449.7914650964758;-191.3030941315536
0.0
64.11437636104044;-15.178591761570004;-2529.858900717466
73.27708536006752;42728.851020179674;1928.5847977348365
1.9997747972081172;449.67186011030344;-191.2404356667426
0.0
64.34541958921717;-15.214616503460283;-2529.0400239956516
73.25985779181413;42734.38225031146;1928.9932123852652
1.9995708797841691;449.8156789176153;-191.23972791195942
0.0
64.3197002017687;-15.21001655300399;-2533.814585449274
73.25935777282066;42735.25462567908;1929.043903018019
1.999460348119571;449.70533782126336;-191.23251385183943
0.0
64.18646013180182;-15.178344723481501;-2536.452957065704
73.27216017961824;42728.545696647285;1928.8569759219556
1.9993423944079178;449.86999942942765;-191.15483445295206
0.0
64.23061216708139;-15.18186247351194;-2538.492039650369
73.26828020203271;42728.96030066515;1928.909495561771
1.9990338706449773;449.95946880613735;-191.15068901785102
0.0
64.2604158226824;-15.186428185947175;-2538.1569996628905
73.26778394483148;42728.16879327595;1928.916430051636
1.999384469101523;449.79599194308156;-191.13934921910533
0.0
64.3601694154727;-15.208185694705376;-2538.442011447469
73.25804154193;42734.90404616413;1929.2868121441184
1.99996807077753;449.5211140184692;-191.1379622091693
0.0
64.36795905860163;-15.208542940004463;-2538.54447838981
73.25798266912355;42735.04129623118;1929.311157356579
1.9999657481927413;449.50189659840356;-191.13206091580187
0.0
64.39230571228217;-15.212199332424618;-2538.9454647274206
73.25772515841798;42746.52430972578;1929.910238308606
1.999971048313848;449.42676016502685;-191.09226735485893
0.0
64.39211671160483;-15.210870049990026;-2539.8472590330935
73.25778276614332;42744.31893196956;1929.7992379279049
1.9999572948643416;449.4474482223785;-191.09126488488843
0.0
64.3794737062716;-15.204438065256229;-2541.758943201881
73.25788825336603;42736.71799784104;1929.5722998572094
1.9999539621094635;449.58044425391284;-191.06957094198933
0.0
64.39051467117923;-15.204554660443483;-2542.1329734824576
73.25788579906934;42738.25869589916;1929.7080837598357
1.9999570512107483;449.4794325629454;-191.05008966750572
0.0
64.39752395486529;-15.205053004633807;-2541.4672864474733
73.25785745513784;42740.57208179143;1929.8377815265385
1.9998932487967658;449.4615565182919;-191.03877523516962
0.0
64.42949931878599;-15.196902591144045;-2542.9337136928225
73.25784051097222;42741.654122997556;1930.0212610870244
1.9994420074270574;449.42475264381955;-190.99552869046576
0.0
64.24207365758679;-15.21078267603311;-2527.6816451396217
73.26373866415395;42732.71169968282;1928.5453118584933
1.9996242545518803;449.9432505888882;-191.34839632208127
0.0
64.27549098588561;-15.214036079288693;-2528.4251519717404
73.26140193590065;42732.736080485054;1928.596841035835
1.9995787615386427;449.92591520440527;-191.33804996668349
0.0
64.12700658804633;-15.187928844449909;-2529.8090384881048
73.27536088109849;42728.965405021656;1928.5219378137015
1.9998662258619095;449.79251429476386;-191.2677974574876
0.0
64.12700658804633;-15.187928844449909;-2529.8090384881048
73.27536088109849;42728.965405021656;1928.5219378137015
1.9998662258619095;449.79251429476386;-191.2677974574876
0.0
64.12700658804633;-15.187928844449909;-2529.8090384881048
73.27536088109849;42728.965405021656;1928.5219378137015
1.9998662258619095;449.79251429476386;-191.2677974574876
0.0
64.2741039704978;-15.210424138352872;-2533.460324554678
73.26227835851795;42731.75777301309;1928.7550008524227
1.9998415255467807;449.91161862396206;-191.26540005937593
0.0
64.349204946579;-15.214278993214874;-2529.8029962088804
73.26020410662579;42732.37789502749;1928.8439720539823
1.9997982703924262;449.7474620525471;-191.25837318772213
0.0
64.3449710722751;-15.214286368750804;-2529.623950517012
73.26019312501977;42732.255274570496;1928.8526297282967
1.9997580788048521;449.75212921668617;-191.25225666696787
0.0
64.32130920566752;-15.210651700521998;-2533.4895597993946
73.25933735215935;42735.30021634259;1929.036580943544
1.9998878865477645;449.73337068935575;-191.2359850960085
0.0
64.32257186868291;-15.210986692907467;-2533.578689580279
73.25927964324946;42735.603533117646;1929.0565659572374
1.9999156410070145;449.72922487875644;-191.23411926142546
0.0
64.3218148651519;-15.210102345526874;-2534.1896948236044
73.2594114031008;42734.68232022306;1929.0304614406678
1.9999962986298503;449.72557570181993;-191.22721231904976
0.0
64.32870560046294;-15.211220884989519;-2535.3638441218714
73.25908946891865;42735.58617432487;1929.1264245023165
1.9997982117922624;449.7292964158444;-191.2095187035816
0.0
64.17393535698874;-15.185779140431935;-2533.194078417004
73.27223095896223;42727.82229110052;1928.6766333543517
1.9991045741387525;449.99093679198495;-191.20375015303838
0.0
64.12271082081739;-15.170542334971852;-2534.6640995230114
73.27718304513651;42727.047513203535;1928.663841892516
1.9996354056270624;449.79508285056085;-191.18083966484153
0.0
64.19551453060008;-15.172506495741585;-2537.0294567327132
73.27284440488586;42725.73253182101;1928.7231078038442
1.9994790043002055;449.86276664235703;-191.15130840995002
0.0
64.13220328378145;-15.164840631239425;-2535.4429643500966
73.27732548330742;42722.975278505946;1928.6006048026766
1.9991787831584986;449.9837140510476;-191.1364213609134
0.0
64.3820883905777;-15.20863087810853;-2538.594528987236
73.25810281562542;42734.025683212225;1929.2655371523545
1.9999734980484136;449.5819955203259;-191.13165076070973
0.0
64.18478405042579;-15.169858914673206;-2538.464291827049
73.27349178617153;42725.50617989374;1928.882556419512
1.9994858724973765;449.78470343734926;-191.09263036764784
0.0
64.38927843333173;-15.205013764763342;-2540.837134320824
73.25786931655036;42738.605688146;1929.6402327480348
1.9999939232520616;449.4953289255162;-191.06945819647967
0.0
64.39790748410938;-15.205346417449384;-2541.7545875570268
73.25785179674526;42740.783484388085;1929.8470297115673
1.9999821531790778;449.4562877564465;-191.03944083352775
0.0
64.23704042005379;-15.208386603511954;-2531.609082397249
73.26523941624993;42732.257857471865;1928.6719150341564
1.9998640358519681;449.9656144457215;-191.2918844030588
0.0
64.25457302855077;-15.209901008757097;-2532.3294403125255
73.26372396889418;42732.264780831436;1928.7231290510047
1.9996700633850044;449.96005985235814;-191.2813900302905
0.0
64.064885264627;-15.178371740067098;-2529.6651439700267
73.2808396528739;42726.18031842168;1928.3462927742294
1.9997846130168417;449.9329607760941;-191.26844205623144
0.0
64.32451557383065;-15.211886311500834;-2534.4955144174583
73.25914997034887;42735.495924774994;1929.0740562561937
1.9999249080964576;449.76651309165123;-191.22655999430407
0.0
64.33283434722685;-15.20546783163137;-2537.6577641759854
73.25935632883855;42732.58577518834;1929.069014990057
1.9999451131714905;449.7637099500505;-191.1800636932598
0.0
64.27253511811749;-15.196813283730362;-2537.0784425485817
73.26462145407416;42731.456868533925;1929.0200537547378
1.999773991944978;449.80662107159833;-191.16499676634916
0.0
64.29054616534474;-15.197052290695009;-2537.2311793766416
73.26467401692562;42731.452817984486;1929.0290905893569
1.9998588448066652;449.8025752190523;-191.16145800798535
0.0
64.33002235900466;-15.199429008013473;-2537.820525604217
73.25997826597983;42731.12293534071;1929.0475125284554
1.9997183045942122;449.8439079614914;-191.1610361039574
0.0
64.37773638732824;-15.203863840036798;-2541.005764866474
73.25790102724346;42735.4713678946;1929.5062176921508
1.999992074013348;449.6006003399559;-191.07212386311764
0.0
64.39599077963518;-15.190588370614737;-2549.7414346225783
73.25802585541462;42734.52058324675;1929.8902505807037
1.9999165386514839;449.7966737320617;-190.9336363678292
0.0
64.3349341354222;-15.206048892473895;-2538.0945724323888
73.25924974692629;42732.38091187418;1929.0840025382986
1.999949554132645;449.7985394677118;-191.17172674729576
0.0
64.2485895577465;-15.187344964931826;-2538.016274505487
73.26714380336561;42728.19907875792;1928.9325633325052
1.9999933427104861;449.7739775936204;-191.13144188024594
0.0
64.16639855578853;-15.171394235430217;-2537.474475771353
73.27426145233348;42724.015230060206;1928.6982340517568
1.999762224600081;449.86502227121645;-191.12852655401485
0.0
64.15646055367883;-15.170462343294146;-2537.40432380833
73.27517343857315;42723.87822116732;1928.691453294933
1.9996910023483407;449.9747470415557;-191.12647786192986
0.0
64.36797718963642;-15.18839808840626;-2543.0811965464886
73.2581600720053;42727.27467339081;1929.1740770871943
1.9998014719086938;449.84296944323876;-191.05776873709323
0.0
64.26421392355412;-15.189528073137042;-2538.3645949245188
73.26582113368991;42728.48273130722;1928.9619972875337
1.999995427931606;449.8161879865353;-191.12894059659703
0.0
64.37132446149481;-15.188354781532698;-2543.3322973163395
73.2581568390923;42727.26616836786;1929.1756862951022
1.9998359393896037;449.8507336534497;-191.05721196342645
0.0
64.41339109060003;-15.193178961687655;-2547.4671970635163
73.25808108615239;42731.04136091265;1929.6457054217035
1.999818577645841;449.8693273962673;-190.9660796112755
0.0
64.41339109060003;-15.193178961687655;-2547.4671970635163
73.25808108615239;42731.04136091265;1929.6457054217035
1.999818577645841;449.8693273962673;-190.9660796112755
0.0
64.41339109060003;-15.193178961687655;-2547.4671970635163
73.25808108615239;42731.04136091265;1929.6457054217035
1.999818577645841;449.8693273962673;-190.9660796112755
0.0
64.39426118364028;-15.195623262283226;-2544.9308856785915
73.25821388190344;42726.1516268587;1929.1773706301847
1.99993841402998;449.94967646448737;-191.04422349889694
0.0
64.3824247406665;-15.190972785150608;-2544.2552273616684
73.25982330188046;42723.98364195023;1929.0788486372496
1.9999026256863182;449.8765012026889;-191.034474565882
0.0
64.37743980116338;-15.18951330034983;-2544.1526638667674
73.25991266448612;42723.5000918271;1929.0523059097336
1.9998946865945422;449.8791301762369;-191.0344249471958
0.0
64.28218991672627;-15.171916949859233;-2547.7958809218217
73.26744082815932;42722.23182250685;1929.2074152782307
1.9998686688982794;449.9367265640324;-190.94047415816235
0.0
64.4056203784836;-15.192675024011276;-2545.9881480079193
73.25809846675817;42728.23307991699;1929.3411307279093
1.999967740485294;449.92354304962333;-191.02212117888723
0.0
64.41586173914648;-15.191798131573393;-2549.142591882098
73.25813411433538;42727.796819435716;1929.4523744008252
1.9999444701021358;449.9468657342167;-190.9774298869521
0.0
64.43728601718469;-15.19095581711611;-2549.4810502930563
73.25808375177665;42727.05630659429;1929.6929132294406
1.9999884278740194;449.984213575049;-190.88606016606346
0.0
63.70627659005503;-15.128444684176733;-2497.093353852506
73.30982609577885;42733.44771456951;1927.5994649185816
1.9999153614679883;449.77801683170014;-191.57504292751975
0.0
64.02824626476311;-15.20908441971678;-2508.4934871042437
73.28049775878807;42745.90601910267;1928.4168042391113
1.9999874986510386;449.61546109607474;-191.5626943417264
0.0
63.983675291678345;-15.200253319888555;-2508.269001443386
73.28461636514733;42744.114086918664;1928.3411391539946
1.9997004092199064;449.8403144599984;-191.55378390880776
0.0
63.771351645920994;-15.145972176421006;-2506.3761125185933
73.30498686551527;42730.41872979712;1927.7168687899018
1.9991403879539087;449.80950685311143;-191.4924416720464
0.0
63.7975599500701;-15.1434629573982;-2512.247140624941
73.30350849674274;42727.02643092027;1927.797697076877
1.9995598694093906;449.75679387802523;-191.41480018035077
0.0
64.22163266379492;-15.211699393333726;-2522.36515149768
73.26531011584007;42737.03506894537;1928.5680535306153
1.999444242167123;449.792376395513;-191.409469172068
0.0
63.84718192437628;-15.145223786305422;-2513.8169674494115
73.29914245901749;42725.70673750594;1927.8036756504337
1.9990798191330417;449.85974829692987;-191.40033562776918
0.0
63.93335315209785;-15.148030791512882;-2518.3165770494443
73.29709593021693;42722.81613830336;1927.830871759413
1.9989014015102267;449.779671574191;-191.36295695902209
0.0
64.27316899384992;-15.215959188745705;-2527.4685785540596
73.26160221187929;42735.20286012287;1928.6820809713936
1.999324365160533;449.7772081385392;-191.34945438837184
0.0
64.02479163507425;-15.153276059168697;-2525.0093113709327
73.28994916927668;42720.06391851644;1927.996591775268
1.9998453157913556;449.69367752967975;-191.27130843088605
0.0
64.34502530654999;-15.214318666276226;-2529.730871275491
73.26035257124045;42732.261600495134;1928.85378114622
1.9997943556166107;449.75285109560957;-191.25198145123346
0.0
64.11878168405617;-15.185019355227766;-2530.4476790564213
73.2765844464245;42729.448736282764;1928.577943028772
1.9998586312315196;449.66988188847256;-191.24979478477053
0.0
64.3660353020067;-15.209615593259446;-2538.251108894818
73.25793012830663;42740.969811455376;1929.524437831224
1.9998038756910237;449.5121642232802;-191.16248729792625
0.0
64.3669707580064;-15.210715622898762;-2538.2105562402585
73.25792682569435;42741.17896424114;1929.5314499264266
1.9999354297361793;449.50939994000606;-191.16214056432332
0.0
64.37562097040144;-15.211721702311596;-2537.921128438821
73.25792190235788;42741.63308947363;1929.5163314781812
1.9998233936797374;449.48122953655263;-191.1389811639107
0.0
64.3983933587431;-15.211729882493312;-2538.946984800904
73.25782492184985;42749.21788265186;1930.044836056128
1.9999815067834814;449.46422580673476;-191.08682422554395
0.0
64.4045740950748;-15.21293058778831;-2538.608930937625
73.25779201760218;42750.35070911566;1930.0740208844566
1.9999709091684506;449.420229473979;-191.08143081952574
0.0
64.39148482495615;-15.204682505672203;-2541.755747898966
73.25788961317643;42739.14863342245;1929.750268275677
1.9999152179297255;449.43084383285657;-191.0463630639465
0.0
64.43682183641506;-15.19686501694719;-2543.8377202621054
73.25784706121011;42743.931761150765;1930.1966686217238
1.999401733366331;449.42280527257606;-190.97056325393666
0.0
63.88205868863405;-15.158056620399854;-2508.7070845894764
73.2977594449444;42729.98121778537;1927.7360552508585
1.9997231571374614;449.8656742668525;-191.49930809423134
0.0
63.84846172763675;-15.145249095610549;-2513.42250188503
73.29902540305086;42725.632147243494;1927.8050672382508
1.9991099453246721;449.86467552589585;-191.39888735569718
0.0
63.98922938029898;-15.157547035102777;-2519.9576353016046
73.28635018059857;42725.095155727824;1927.9935279079975
1.9990146054048121;449.791556604905;-191.3581674275879
0.0
64.27759482186276;-15.214033350092484;-2528.5381696538966
73.26139429131076;42736.384186243595;1928.7789214140512
1.999406808974707;449.78169118340446;-191.3366021902924
0.0
64.27759482186276;-15.214033350092484;-2528.5381696538966
73.26139429131076;42736.384186243595;1928.7789214140512
1.999406808974707;449.78169118340446;-191.3366021902924
0.0
64.27759482186276;-15.214033350092484;-2528.5381696538966
73.26139429131076;42736.384186243595;1928.7789214140512
1.999406808974707;449.78169118340446;-191.3366021902924
0.0
64.27759482186276;-15.214033350092484;-2528.5381696538966
73.26139429131076;42736.384186243595;1928.7789214140512
1.999406808974707;449.78169118340446;-191.3366021902924
0.0
64.27759482186276;-15.214033350092484;-2528.5381696538966
73.26139429131076;42736.384186243595;1928.7789214140512
1.999406808974707;449.78169118340446;-191.3366021902924
0.0
64.12313872190775;-15.187945548608107;-2529.6749883211933
73.27788558201851;42729.961835635455;1928.5424833759128
1.9998753149061934;449.7275980028293;-191.27107089616007
0.0
64.06723907190617;-15.17922882077458;-2527.0140501415
73.28526320409533;42730.14184091769;1928.514369210158
1.9998479514572982;449.70557464368915;-191.27098576199006
0.0
64.03137818084853;-15.155901889660976;-2526.683883343928
73.28917335161631;42722.13046188181;1928.1404902238842
1.9990023482553052;449.84096271431844;-191.2629464642358
0.0
64.35318995140943;-15.21484293811687;-2529.7897581655966
73.25951938989425;42735.04820350134;1929.050381829549
1.9997300914500677;449.78070405822405;-191.2307244015127
0.0
64.35318995140943;-15.21484293811687;-2529.7897581655966
73.25951938989425;42735.04820350134;1929.050381829549
1.9997300914500677;449.78070405822405;-191.2307244015127
0.0
64.35318995140943;-15.21484293811687;-2529.7897581655966
73.25951938989425;42735.04820350134;1929.050381829549
1.9997300914500677;449.78070405822405;-191.2307244015127
0.0
64.35337712632348;-15.214855530224376;-2529.6691762356104
73.25949759719454;42735.11621258549;1929.058650189647
1.9997162304768874;449.7767436023235;-191.22907991907056
0.0
64.34289111147301;-15.210436215270795;-2537.302201504301
73.25822647981317;42735.24920619277;1929.1996806302514
1.9999031612472034;449.681113294683;-191.1821880449936
0.0
64.35365420690854;-15.210146445754425;-2537.5580116781593
73.25811655478616;42735.754900452994;1929.2776638589107
1.9999754531125866;449.61768446666326;-191.1562826217816
0.0
64.36171216206374;-15.208593046644172;-2538.494031646253
73.25798525481352;42735.35369260113;1929.3148423213854
1.9999717877500223;449.5061000699292;-191.13447300553554
0.0
64.36267938950165;-15.208598127443551;-2538.5352519748503
73.25798434128983;42735.253476942074;1929.3169320350255
1.9999696466931345;449.5048736819768;-191.13275645805743
0.0
64.37982311451145;-15.20193187928454;-2541.760976510581
73.25790397178683;42736.26634234364;1929.5776706612955
1.9999676608429537;449.5920819448577;-191.06123800651628
0.0
64.39759059154999;-15.205342608031092;-2541.75757733918
73.25785447830697;42740.96185587993;1929.853284217005
1.999983341324983;449.45856571345035;-191.04011185108698
0.0
64.21154939888564;-15.211524684459784;-2523.623963228114
73.26658474797809;42735.29906068696;1928.5288604030434
1.9997227278537537;449.89105567295394;-191.38266665688343
0.0
63.962859315382694;-15.15571828558911;-2518.781119416024
73.28873559484802;42723.28855152334;1927.8510760224442
1.99922373730125;449.90415549490524;-191.37113015980165
0.0
64.01488710406073;-15.160031928418226;-2520.376230100159
73.28695237747485;42723.066901744154;1927.9086644277968
1.9991976179756665;449.9500971293963;-191.3575435841706
0.0
64.31889925290793;-15.214278499188925;-2528.935998361571
73.26143272558417;42734.41273872803;1928.800415689904
1.9996178464441916;449.7843060319556;-191.30387341951513
0.0
64.3035749625135;-15.215080244684696;-2528.514480254724
73.26119649743828;42734.50828990959;1928.8135655616022
1.9996155552240225;449.8476987576914;-191.29713629834384
0.0
64.32262091785825;-15.211131584193982;-2533.6898913918412
73.25929377628792;42735.65752725079;1929.0630848423125
1.9999239694973077;449.71852311085433;-191.23275294964228
0.0
64.3388690715624;-15.209267922018732;-2537.880953492126
73.2587185936079;42735.17253383329;1929.2050771254949
1.99992659221238;449.68481047872996;-191.1778978177665
0.0
64.33975415466529;-15.209436649988307;-2538.0203939725384
73.2586857156639;42735.219340420415;1929.214856362504
1.9999649882123585;449.68222867361965;-191.17542043854624
0.0
64.19535096989068;-15.180427193672635;-2537.0160262224417
73.27111568857478;42729.95206462242;1928.8991177623273
1.99927183547064;449.8143266842094;-191.1663858510068
0.0
64.21251337740708;-15.182149493052956;-2537.896262769469
73.26995169665439;42729.554645690194;1928.9188984412838
1.9991253633488097;449.91957432354803;-191.15120905923928
0.0
64.25128057393242;-15.213849508546854;-2530.6644480946293
73.26350964329285;42733.99984815201;1928.7195622695006
1.99958344803321;449.9530589656144;-191.3100349043729
0.0
64.26926319463827;-15.212927716396026;-2532.285673955672
73.26259896386692;42734.295618508775;1928.8413861360598
1.9998839592603066;449.90376268819807;-191.27673260784647
0.0
64.27227441328537;-15.212777488856258;-2532.2912118014856
73.26239424510082;42734.34198888158;1928.8503861804734
1.9997319395322017;449.9350997583986;-191.27489044136647
0.0
64.26115732467593;-15.212167792054368;-2532.316483913782
73.26314354807933;42733.75847171249;1928.8207878517069
1.9994725982153827;449.98854463044904;-191.27422837491454
0.0
64.34770348359403;-15.21525482707683;-2529.315544971283
73.26021539085015;42733.08853610339;1928.8892090697134
1.9996536688153943;449.7959579409721;-191.2550090029001
0.0
64.32456439752892;-15.212044624382012;-2534.606756509416
73.25916410320536;42735.549937202246;1929.0805780843712
1.9999332365455098;449.7558136566036;-191.2251930110168
0.0
64.33820562934045;-15.209494000271365;-2537.8592569001785
73.25876829187966;42734.98721347735;1929.1993859830945
1.999957399300341;449.70999846034744;-191.17662507409818
0.0
64.33969315910598;-15.209561630972699;-2538.002045295402
73.25868722439553;42735.22258974693;1929.214081736358
1.9999756452642488;449.6854050339909;-191.17573769599522
0.0
64.33986670843481;-15.209478855798844;-2538.0307392492377
73.25868479673875;42735.22772032969;1929.2164590204852
1.9999676695622584;449.6832227502999;-191.17501725722826
0.0
64.06644810176363;-15.166417418094635;-2533.0309368800818
73.28282183525718;42726.287928016325;1928.637098011926
1.999408075226309;449.90070729905864;-191.16545617058452
0.0
64.17826728536046;-15.17352308152519;-2536.888068128283
73.27289542953775;42727.209187185515;1928.762120150044
1.9996404939045198;449.82578357527024;-191.16249559501495
0.0
64.2571937840104;-15.211469744507486;-2533.0477400854834
73.26366728780891;42733.05269234846;1928.79543299607
1.9996496306254938;449.9629603827659;-191.26976401302463
0.0
64.13715506495139;-15.184863865916212;-2531.028229101874
73.28115901103851;42728.792447132255;1928.5762696006852
1.9998840888427405;449.8661321233369;-191.24645553663183
0.0
64.35415364624271;-15.215561052458575;-2529.696454592125
73.25965486585719;42734.93661144231;1929.061863805704
1.9997256264545082;449.92818480571674;-191.2252086381625
0.0
64.34025026274088;-15.20956900062505;-2538.0944638836368
73.25865862023241;42735.1989374665;1929.2172368116476
1.9999796471107838;449.68642828018864;-191.17433371910434
0.0
64.33447120089309;-15.2078881312578;-2538.04876532487
73.25929911660752;42733.86461230695;1929.1500251282023
1.9999688100909518;449.7866651145626;-191.17376316469844
0.0
64.1482877115164;-15.178343253780705;-2534.7313849271077
73.2751717601903;42727.28684274284;1928.7344427015714
1.999550914230945;449.96395618166105;-191.16462446260613
0.0
64.23115073464199;-15.184651750301851;-2539.6693886636417
73.26827310019137;42730.78031272836;1929.0447808661888
1.999903424932854;449.8656890557137;-191.13443133934783
0.0
64.14672604802102;-15.171605261151093;-2537.1435177685967
73.27596711700036;42724.88345233762;1928.7204461117822
1.9995784778777812;449.9112952200254;-191.1313799357147
0.0
64.31146250664845;-15.192765859443602;-2541.132385593005
73.26269263660522;42729.21307748763;1929.1301312510088
1.9998427589672088;449.8846831176852;-191.08737507218785
0.0
64.31403137166143;-15.192411369004963;-2541.9349936414087
73.26270798548371;42728.4192843606;1929.139154133836
1.9997493069424448;449.8859987031807;-191.07149441470304
0.0
64.3172098102279;-15.192908664239061;-2541.8486547415773
73.26245487571234;42728.36800053695;1929.1398666778978
1.9996893840164771;449.8805527094604;-191.07031857929564
0.0
64.39112894745134;-15.1935914238281;-2544.432211690743
73.26001480689159;42726.28543751209;1929.1921762688482
1.9998980807327646;449.8646545505529;-191.0354664431696
0.0
64.26801405428725;-15.173601544987283;-2543.422812834668
73.26761160558702;42724.44876793875;1929.1088869746504
1.9999436055636162;449.7869903141378;-191.0119510371271
0.0
64.42123355008344;-15.19234851209587;-2549.456257511509
73.25808137184335;42734.750920301114;1929.8779072941088
1.9998655276816717;449.84208792909106;-190.947938452597
0.0
64.13758162297637;-15.17075478129298;-2536.889317506949
73.27686342296406;42724.238208895804;1928.6948188504361
1.9997824273664901;449.9350733695482;-191.1272118385153
0.0
64.13758162297637;-15.17075478129298;-2536.889317506949
73.27686342296406;42724.238208895804;1928.6948188504361
1.9997824273664901;449.9350733695482;-191.1272118385153
0.0
64.13758162297637;-15.17075478129298;-2536.889317506949
73.27686342296406;42724.238208895804;1928.6948188504361
1.9997824273664901;449.9350733695482;-191.1272118385153
0.0
64.30577817825798;-15.192145061339524;-2540.391923922299
73.26466538042605;42728.457983775224;1929.0923799474288
1.9997212440232257;449.9273196495458;-191.0870427749082
0.0
64.31217278414343;-15.19213149056168;-2541.3126914148074
73.26295966615965;42728.80763319084;1929.1335227855805
1.9996424236717918;449.92152892728967;-191.0763368558051
0.0
64.31712979737947;-15.192892286457097;-2541.83769559491
73.26245331178386;42728.46014459433;1929.1443592592034
1.999738504692861;449.8891399412732;-191.070310212941
0.0
64.38614092303679;-15.193614928811945;-2544.3296500901815
73.26010417557923;42725.802177763006;1929.165643978497
1.9998901420209323;449.8672839027894;-191.03541822563844
0.0
64.39731670249593;-15.192493453211853;-2545.181371890638
73.25817387264281;42727.28656254692;1929.2379342929987
1.99977506635574;449.91756068112267;-191.0395224801393
0.0
64.30871918780976;-15.177916266321564;-2546.6320815899116
73.26627349661587;42723.94095890889;1929.2191988587615
1.999784490307074;449.9669191136824;-190.9731652205348
0.0
64.41796766779238;-15.191715950082168;-2549.290493445185
73.25812432325206;42728.67565204106;1929.5149367996337
1.9999789043312954;449.964613353808;-190.97080619656057
0.0
64.279575879372;-15.175591161545466;-2547.1294303832797
73.26757470388732;42723.74969775871;1929.275250277716
1.999878409476086;449.9276210611579;-190.94289290724896
0.0
64.38526794995978;-15.191331371769568;-2548.2358574841146
73.25859343498028;42727.19515051684;1929.5020419380533
1.9998444987828687;449.94064818658387;-190.94249259505722
0.0
64.31939880233818;-15.176118905015215;-2547.157671894951
73.26447534253998;42725.201994511255;1929.4054865895093
1.999961813533912;449.9456062183055;-190.9286256167179
0.0
64.36407113476665;-15.176486875841853;-2548.736243381557
73.26122329427325;42723.50849331629;1929.4505381685842
1.9999677204290602;449.970891059618;-190.89303121547522
0.0
63.82540169408505;-15.145298315447503;-2512.1807908358337
73.30100106416795;42726.35131840715;1927.8115814138885
1.9990823180686044;449.82937984509283;-191.4041508157898
0.0
63.96926600444224;-15.154710308923015;-2519.164449398165
73.28825759768073;42723.99311078906;1927.9112126388477
1.9982566130128903;449.9377916984174;-191.36352193246103
0.0
64.26754488869253;-15.215188446991716;-2526.824653321235
73.26223287249381;42737.319012076965;1928.7464147731012
1.9995609882274137;449.8279359097287;-191.36204008769323
0.0
64.3241578480494;-15.215090271860172;-2528.851692522962
73.26141739845093;42734.59773152913;1928.851118937462
1.9996080381180725;449.77492251579207;-191.29011944393
0.0
64.12946242354856;-15.198499746347048;-2530.3172099826143
73.27509865419863;42735.80438827742;1928.8342422292303
1.9999143536245791;449.62800566919924;-191.27519024099934
0.0
64.3002666096177;-15.214107505565163;-2532.383844425119
73.26083686793609;42736.28197051429;1929.0308595948936
1.9993410127854598;449.76472315559636;-191.24959646485664
0.0
64.34620832179525;-15.214350264213971;-2529.315589664987
73.26095700078976;42732.42433896423;1928.880035677189
1.9998395183523572;449.725138773343;-191.24589630233876
0.0
64.32496357120205;-15.209043768691695;-2535.402620185842
73.25924131969958;42735.59833460483;1929.1040763209564
1.9997480187021428;449.7239525773354;-191.21739104767732
0.0
64.32688901255122;-15.209551421359963;-2535.140542959799
73.25916528201437;42736.70094118615;1929.1746913084928
1.9997379317678705;449.72512124884753;-191.21231288616374
0.0
64.3585571372715;-15.211350621797724;-2537.597965962265
73.2580149962749;42739.30813790602;1929.373749245218
1.9998339008091388;449.5346435160646;-191.16252675325944
0.0
64.36498569112041;-15.21035924617046;-2537.9933003691167
73.25794131994192;42741.397756071616;1929.5288837261544
1.9999228691176876;449.51641373620805;-191.16226587424413
0.0
64.4312431506975;-15.197424663493582;-2543.4974828605473
73.25790688897649;42741.77138793696;1930.0793406531639
1.9995728490508928;449.48742668516593;-190.97397733918422
0.0
64.43758768376834;-15.197137962746245;-2543.8444469559286
73.25785805220998;42743.86814695897;1930.1941986882805
1.9994475583126263;449.42968998761944;-190.9705373911942
0.0
63.97878558817487;-15.163633627254749;-2519.143912348745
73.28728343132062;42726.46882199236;1927.9885778266703
1.9993102069630897;449.8484687502046;-191.37972570584054
0.0
64.35756523037091;-15.220640957619144;-2529.496502541056
73.25923960498491;42736.32076034266;1929.0869544921716
1.9999631392666681;449.72807127625236;-191.24151994914547
0.0
64.13048604176663;-15.170897301533175;-2534.524414003248
73.27693398815256;42727.61342915555;1928.7220342293438
1.9993591896963374;449.83503894100556;-191.17170921912168
0.0
64.33719205014587;-15.209235472296506;-2537.966535929598
73.25903185542855;42735.144553618775;1929.224187949532
1.9999332110443606;449.65199207131957;-191.16963832475454
0.0
64.34804892720133;-15.210208990229757;-2537.540634336064
73.25848115549645;42737.43484625448;1929.3569016418526
1.9999855311210937;449.61126475365535;-191.15849469444922
0.0
64.21268320437258;-15.183761696488698;-2538.2899609942247
73.27014932985632;42729.70405835957;1928.9564829239164
1.9991216714207083;449.8644091404471;-191.13998781438832
0.0
64.37027146499656;-15.197144347806617;-2539.5307539494365
73.25800734154369;42736.04580937119;1929.4377566398302
1.999907117523461;449.62284637491115;-191.10054442492904
0.0
64.17723058365725;-15.177174188897437;-2536.5673492840174
73.27273236362565;42731.05494468126;1928.9413521511606
1.9996060948659435;449.8413333624901;-191.1665805619561
0.0
64.16541993408474;-15.177007525948966;-2535.8698499239945
73.27400461537225;42728.93980092123;1928.8494422233864
1.9995297367551634;449.96991494986224;-191.1596016430225
0.0
64.2817308692381;-15.191943780855233;-2540.6304349796756
73.26528448494624;42729.35150316157;1929.1290629087996
1.999966784796562;449.7135099146614;-191.08602471763896
0.0
64.16834654565115;-15.180587136943375;-2536.011908681316
73.27365423354355;42730.01701866964;1928.8934004523803
1.999810453293027;449.8985801066724;-191.16324470485804
0.0
64.19200642387293;-15.180083307363601;-2536.447720072704
73.27346411273446;42729.71004834072;1928.8973098577194
1.9998297752607275;449.88086776977747;-191.15605055763515
0.0
64.10573761545216;-15.167137549808723;-2534.889051739655
73.27997088124849;42725.245935170584;1928.731716713334
1.9999621851499823;449.8690955779597;-191.12125204860772
0.0
64.28796587848022;-15.180507835274215;-2546.6193652063903
73.26627919760541;42725.36785977096;1929.268946778523
1.999784076733809;449.98107833557265;-190.97463635865444
0.0
64.38589687795952;-15.191632588444186;-2544.572924954261
73.26002182328853;42726.36760034156;1929.1922348027913
1.999857151441843;449.9036083713058;-191.0372851253641
0.0
64.40618518232348;-15.192168476431346;-2548.7599322866654
73.25815454987716;42729.265360964106;1929.631117980338
1.9998672851269297;449.9159667525058;-190.93668880474826
0.0
64.34159256569505;-15.175062050329087;-2549.1746696644263
73.26329520438729;42723.735235581684;1929.4742484835535
1.9999890964456852;449.97619586360514;-190.88400299881124
0.0
64.34159256569505;-15.175062050329087;-2549.1746696644263
73.26329520438729;42723.735235581684;1929.4742484835535
1.9999890964456852;449.97619586360514;-190.88400299881124
0.0
64.34159256569505;-15.175062050329087;-2549.1746696644263
73.26329520438729;42723.735235581684;1929.4742484835535
1.9999890964456852;449.97619586360514;-190.88400299881124
0.0
64.34256976077543;-15.17510960819371;-2549.0247876207263
73.26323823292837;42723.69871238102;1929.4781391225254
1.999977108067699;449.95842135019484;-190.88196052253502
0.0
64.34256976077543;-15.17510960819371;-2549.0247876207263
73.26323823292837;42723.69871238102;1929.4781391225254
1.999977108067699;449.95842135019484;-190.88196052253502
0.0
64.34256976077543;-15.17510960819371;-2549.0247876207263
73.26323823292837;42723.69871238102;1929.4781391225254
1.999977108067699;449.95842135019484;-190.88196052253502
0.0
64.34256976077543;-15.17510960819371;-2549.0247876207263
73.26323823292837;42723.69871238102;1929.4781391225254
1.999977108067699;449.95842135019484;-190.88196052253502
0.0
64.34256976077543;-15.17510960819371;-2549.0247876207263
73.26323823292837;42723.69871238102;1929.4781391225254
1.999977108067699;449.95842135019484;-190.88196052253502
0.0
64.34256976077543;-15.17510960819371;-2549.0247876207263
73.26323823292837;42723.69871238102;1929.4781391225254
1.999977108067699;449.95842135019484;-190.88196052253502
0.0
64.34256976077543;-15.17510960819371;-2549.0247876207263
73.26323823292837;42723.69871238102;1929.4781391225254
1.999977108067699;449.95842135019484;-190.88196052253502
0.0
64.34733090402449;-15.176129068205729;-2548.5757015206077
73.26297457694876;42723.703359856474;1929.5141062603302
1.9999771714449877;449.97703447288967;-190.8704848702492
0.0
64.43489563525564;-15.198938347846289;-2542.5798682536024
73.2579349464261;42746.40624719991;1930.2942082183763
1.9994061501344211;449.50122297463247;-190.98346953741327
0.0
63.90629612410558;-15.146628260074355;-2517.449283530399
73.2946394640439;42724.07959486393;1927.9117231384782
1.9991251955457463;449.8318179286438;-191.34680202030907
0.0
63.763195378324774;-15.14270010930473;-2509.4665643833673
73.31218675291389;42731.312615659306;1927.8672270506459
1.9991380153801133;449.84628006873834;-191.44036512200665
