200
4
0.0
64.21435801283664;-15.26700700460509;-2492.3639239774825
73.26065822568393;42792.150752148744;1928.148235725575
1.9997710093863614;449.87543752216675;-192.02729223156126
0.0
64.21419053273985;-15.26530928583622;-2492.84031527844
73.260759094568;42789.64524236353;1928.0761228248346
1.9999100631189493;449.8485537271837;-192.01690063723692
0.0
64.25647365051836;-15.278736937551553;-2494.246734742628
73.25724480280614;42791.48805179618;1928.2782324786479
1.9996080880848621;449.9806899928451;-191.99792306800816
0.0
64.24561776315971;-15.27697315393049;-2494.205190219451
73.25817049035393;42790.79312819721;1928.242170462788
1.9996682527677925;449.95648193142006;-191.9966868739914
0.0
64.2752557623242;-15.28121015191001;-2496.3301790789583
73.25588348599454;42791.747105081784;1928.36573149285
1.9997234797390997;449.922019408966;-191.97538872085465
0.0
64.27281140100784;-15.280248994566124;-2496.2775597411032
73.25611963114822;42791.43037424016;1928.3507979234396
1.9996939162081255;449.9288668532719;-191.97470415035025
0.0
64.26983640259718;-15.278399544322125;-2497.0699374495343
73.25670215750024;42791.226239055;1928.3720472078876
1.9996549423256758;449.9298523026259;-191.959736333557
0.0
64.23579778075285;-15.267957633691605;-2497.1786654291645
73.26015119006797;42789.86713501087;1928.33127352092
1.9989642267280758;449.9999869818676;-191.9433950589126
0.0
64.2684761913692;-15.277087148650457;-2498.207819172426
73.25726591917592;42790.864833897336;1928.4144010183252
1.999642000071263;449.94592940664535;-191.93685759245085
0.0
64.2296715264747;-15.268559407226602;-2496.6373605337094
73.26084959969165;42788.36082759617;1928.2941537286001
1.9999007913493578;449.8536844900589;-191.93667808229264
0.0
64.29469617631158;-15.277928875262283;-2505.3165257359246
73.25628120843548;42791.30066539861;1928.7571707287932
1.9998132030548346;449.85007936201174;-191.84149092627726
0.0
64.21569422377559;-15.257396512701076;-2506.353290427605
73.26302646490198;42783.980165975525;1928.3727933258292
1.9994432823877428;449.90779525701544;-191.8362526270443
0.0
64.20828653663604;-15.252830891753595;-2507.6738278490916
73.26374170234311;42782.002380214944;1928.3944883559973
1.9992766183049597;449.9100474877719;-191.81272677728356
0.0
64.15917203012715;-15.168708650878854;-2504.3994676559632
73.26819915239038;42743.975287329464;1926.4591943451585
1.9993779153717117;449.8692263527637;-191.80845056221284
0.0
64.33880178349641;-15.260257527101968;-2515.8836404781073
73.25514677485697;42784.3547212043;1928.8621180580863
1.9999230937265955;449.77632047714883;-191.69023273890383
0.0
64.58054914327066;-15.269933139875485;-2532.41088496767
73.2538598594916;42838.929074336185;1932.0723054398602
1.999370321871387;448.57128230138164;-191.4875475468047
0.0
64.39229185559411;-15.225596945891255;-2537.9337715340885
73.2541904878885;42819.197104482424;1931.4449093876276
1.9990159061434958;449.40301571190474;-191.3916167868801
0.0
64.55590758311523;-15.235156667973195;-2543.3431957082735
73.25367342021285;42841.899776635466;1932.9472217288442
1.9990687351755276;448.5838153918879;-191.2583841950965
0.0
64.5565196063623;-15.235889501813114;-2543.8840735436374
73.25375060604289;42841.23566162075;1932.9295189372729
1.9989924935312537;448.61389112948467;-191.25347318982958
0.0
71.25011350305543;-15.367442977069269;-2522.8972846691536
73.25272941601003;42875.766939174864;1934.198365067187
1.9999012762766442;446.54189912341513;-191.21745335536204
0.0
70.90929187449527;-15.36556100002131;-2524.0668346441466
73.25268818072958;42882.295031218535;1934.6293995173735
1.999801640580587;446.2345219747482;-191.19371490205216
0.0
74.78078274450941;-15.430576347224122;-2510.4523761249498
73.25186420297025;42946.21510185432;1937.8625638427009
1.9993156308963294;442.4619348001034;-191.07538764459557
0.0
75.26579099629905;-15.450712200702002;-2516.0479538131704
73.25183617649976;42949.56624698439;1938.1682972538622
1.9993652066383092;441.88175988479674;-191.00919442470737
0.0
75.26156578361655;-15.450656140132102;-2516.2482772791477
73.2518316913869;42949.79882681328;1938.1971601051644
1.99933522312574;441.8806576819088;-191.00364452290046
0.0
71.7782224302001;-15.379134396282558;-2520.3509451670284
73.25262228207126;42902.553786643686;1936.1471302871637
1.9990844974185307;445.8251582186708;-191.0003910737119
0.0
67.88970110747829;-15.317848283664796;-2523.737079063312
73.25032204907006;43038.68454596105;1944.0098300195912
1.9997387153157133;438.0702396816564;-190.59321788060953
0.0
67.88970110747829;-15.317848283664796;-2523.737079063312
73.25032204907006;43038.68454596105;1944.0098300195912
1.9997387153157133;438.0702396816564;-190.59321788060953
0.0
67.88970110747829;-15.317848283664796;-2523.737079063312
73.25032204907006;43038.68454596105;1944.0098300195912
1.9997387153157133;438.0702396816564;-190.59321788060953
0.0
67.05711083694162;-15.281428538477961;-2530.264136929472
73.25065049899048;43012.6622718497;1942.9096902620158
1.9997968836131579;437.65469746602037;-190.5304072164088
0.0
67.45438750781278;-15.306843159135003;-2525.3669753749155
73.25038513572983;43037.70611849427;1944.1655055190308
1.9997521956096687;438.05321044781675;-190.5275000124539
0.0
67.19017064352012;-15.292244123222174;-2532.366996179056
73.25049792930123;43020.78563999598;1943.4743990653496
1.9999244243214995;437.60663967715897;-190.4756373533581
0.0
67.24765861127278;-15.292712546907577;-2532.338239720593
73.25050558412451;43020.16385547121;1943.4462192507158
1.9998997484103698;437.6125844393838;-190.4755699693641
0.0
67.17354841424115;-15.291685491963282;-2532.3723840730067
73.2504960184106;43020.777383758956;1943.4755960807067
1.9999252573873953;437.6050987973612;-190.4755605399738
0.0
67.47934702217;-15.29520876107329;-2532.501006986192
73.25047150335817;43021.884730299746;1943.5418714973036
1.9999047698566597;437.5372204568567;-190.46655908743347
0.0
67.35556229030551;-15.291526097981562;-2532.4787909323536
73.25046119379914;43024.1344481592;1943.6923286364022
1.9999250076657948;437.5359091074247;-190.45438163461677
0.0
67.35566981506905;-15.29141504210105;-2532.4813384694676
73.25045428466545;43024.140525601884;1943.6948338147456
1.9999217126232005;437.5325591304771;-190.4539037868933
0.0
67.54478239069395;-15.293638908933978;-2532.6680444867307
73.2504510729902;43027.15375670523;1943.8866016194588
1.9999642946894367;437.4981996633713;-190.43526587312493
0.0
64.23822603655627;-15.271552311197828;-2496.6415840944755
73.260173039121;42789.42455401606;1928.3525485849627
1.9998130378373062;449.8849045568379;-191.93263244029177
0.0
64.17352221870074;-15.196706584621515;-2504.6779885522737
73.26647520573192;42755.906676419574;1926.9813317420624
1.9994841848193177;449.95042022398565;-191.83259196198156
0.0
64.16092541721201;-15.195504423448426;-2505.2384762767265
73.26777335965473;42755.42828837339;1926.9758370356758
1.9995071804063103;449.915474524857;-191.8224769053819
0.0
64.21065163783805;-15.20044684128478;-2510.2535541985035
73.26715026929769;42751.70340049762;1927.1811561246548
1.9994225126582208;449.890110044008;-191.69050456855342
0.0
64.60315659817735;-15.275533345143394;-2534.13132090087
73.25385352327689;42845.44986509709;1932.3515192147174
1.9994265924354553;448.7512361069372;-191.48185423322232
0.0
64.60610574100406;-15.273258866734405;-2535.447601283532
73.25384382265833;42847.241832890446;1932.5308114060329
1.999426172990237;448.7731186874794;-191.44952038146053
0.0
64.60321233768879;-15.27182883117999;-2538.5803326433734
73.25385275931534;42846.602877817495;1932.640906268036
1.9998716475547895;448.6653872765762;-191.40006920821637
0.0
64.39242264041067;-15.227384743823976;-2537.8761743815217
73.254016292763;42819.99819734635;1931.4629583347955
1.999389279200429;449.6233595719391;-191.39573322534915
0.0
64.39840004129795;-15.218904663917305;-2541.061692015705
73.25418089375343;42816.66287126207;1931.4824935116976
1.9991774338396968;449.58647590511373;-191.33868308063134
0.0
64.57361331909891;-15.253860826978393;-2543.6599042624434
73.25396926904882;42821.25475225315;1931.8470549415806
1.9998381941421464;448.5968100669528;-191.26905914054993
0.0
70.90703339688952;-15.363833677084028;-2523.8725789862083
73.25270444035357;42881.61807474054;1934.6137298415986
1.9999091791569543;446.38045399443826;-191.18742734322112
0.0
72.14259165383515;-15.383635452541055;-2521.293357463074
73.25253637196593;42903.033732620526;1936.1127593480908
1.9993592675830218;445.77851656584795;-191.01796443753588
0.0
72.17496194050361;-15.380268645241003;-2521.3416227309
73.25251809154342;42902.87670103952;1936.1165121422223
1.9995412949296085;445.7623828852027;-191.01639603638907
0.0
67.35560434459023;-15.291522399110747;-2532.480274552115
73.2504610983535;43024.15959529764;1943.6937959996155
1.9999250094543233;437.53632162483706;-190.45429681944557
0.0
67.35560434459023;-15.291522399110747;-2532.480274552115
73.2504610983535;43024.15959529764;1943.6937959996155
1.9999250094543233;437.53632162483706;-190.45429681944557
0.0
67.35560434459023;-15.291522399110747;-2532.480274552115
73.2504610983535;43024.15959529764;1943.6937959996155
1.9999250094543233;437.53632162483706;-190.45429681944557
0.0
64.29176126934793;-15.27839870234811;-2505.184614402724
73.2564409066518;42790.58450265742;1928.720113581018
1.9999621733018644;449.92359667464206;-191.8442286275374
0.0
64.20457065967246;-15.237563856603394;-2508.882292342346
73.26509661964417;42773.87218674716;1928.0394937202313
1.999557354399179;449.9193612732534;-191.78332933662242
0.0
64.36639069825141;-15.278310336645461;-2514.26707698338
73.2551162461878;42806.07472553985;1930.0290820288553
1.9997980858465196;449.9015871264703;-191.6625347104988
0.0
64.39362673215759;-15.22737717448522;-2537.896877716431
73.25404052469453;42819.85536573929;1931.4596989315492
1.9995444762939347;449.8262196586117;-191.3950462808407
0.0
64.20869622377953;-15.264013061900098;-2491.2072742882187
73.2614356877261;42792.1362577628;1928.1120750695497
1.9997629303863333;449.8452913530441;-192.02770703328935
0.0
64.20908950798746;-15.264998796221727;-2491.845300961613
73.2614023252183;42791.88208813542;1928.1361391125013
1.999693987952058;449.8999237311888;-192.02131395347715
0.0
64.1798191743422;-15.26143988558141;-2492.6127498971823
73.26414632439794;42790.93706498424;1928.1253647777633
1.9995260608604233;449.9374980655491;-192.00830793879047
0.0
64.24332283513766;-15.277224834422363;-2493.9432888460087
73.25824724649749;42792.19341075304;1928.288214512485
1.9995254050230051;449.9955218399237;-192.00491842904967
0.0
64.24402912765831;-15.277225371076616;-2494.0457148325336
73.25821507771876;42792.211648990655;1928.2937134916435
1.9995058133855248;449.998721891892;-192.00328254061748
0.0
64.23233380928193;-15.273827903047408;-2493.7775158940685
73.25974268987402;42791.155450528626;1928.2524466714826
1.9997526630588673;449.8770212124249;-191.9930178683445
0.0
64.23233380928193;-15.273827903047408;-2493.7775158940685
73.25974268987402;42791.155450528626;1928.2524466714826
1.9997526630588673;449.8770212124249;-191.9930178683445
0.0
64.23233380928193;-15.273827903047408;-2493.7775158940685
73.25974268987402;42791.155450528626;1928.2524466714826
1.9997526630588673;449.8770212124249;-191.9930178683445
0.0
64.25357938774272;-15.278402137815062;-2494.849327622539
73.2576004734039;42791.59858874459;1928.304431024748
1.9996926225808491;449.9121211033596;-191.99054476875833
0.0
64.2629288218435;-15.27877844990787;-2496.8937326923788
73.25725026265458;42791.51240999882;1928.3730048539546
1.9996925181505834;449.9250640829346;-191.96277529429938
0.0
64.20980902399938;-15.26419123170892;-2495.314697777438
73.26223303814679;42790.295396184345;1928.282082090849
1.9997113360235979;449.8880197911059;-191.96246690808508
0.0
64.27227804305495;-15.279361070554867;-2497.122700434195
73.2564659444953;42791.54315831836;1928.3869894857653
1.9996845077197556;449.9230041907591;-191.9604213465167
0.0
64.27565128697128;-15.276724052764425;-2499.1804197763877
73.25621816920552;42795.34050074601;1928.6257022603227
1.9996622609228039;449.92323266871375;-191.94661242650926
0.0
64.27565128697128;-15.276724052764425;-2499.1804197763877
73.25621816920552;42795.34050074601;1928.6257022603227
1.9996622609228039;449.92323266871375;-191.94661242650926
0.0
64.27565128697128;-15.276724052764425;-2499.1804197763877
73.25621816920552;42795.34050074601;1928.6257022603227
1.9996622609228039;449.92323266871375;-191.94661242650926
0.0
64.27612525285583;-15.277375970486753;-2499.5840007168504
73.25630739111133;42794.91988300985;1928.6233236435878
1.9996575882756835;449.92424829667743;-191.93953909252605
0.0
64.2408360898548;-15.26443067411904;-2502.8267336810313
73.26135171780038;42788.759687380036;1928.4674004963333
1.9995894538515016;449.8210517559647;-191.88558606924755
0.0
64.2983352447145;-15.27603361977893;-2505.5109154106226
73.25657792188983;42791.164244054395;1928.757375294424
1.999577245530482;449.92564471087496;-191.83950049720366
0.0
64.14620734333653;-15.192962360478973;-2504.0862963614145
73.26877191087424;42755.31246772038;1926.9180704657854
1.999313148871686;449.93856651214486;-191.83920864965043
0.0
64.20980990719013;-15.253797540483307;-2507.465174019878
73.26380515075058;42784.062320259116;1928.5078511750485
1.999283172991456;449.93544325974386;-191.80238546635783
0.0
64.2136705169075;-15.247055450134772;-2508.0802842908324
73.26611855556574;42776.19673479149;1928.0944462459297
1.9990708860513948;449.80587679915794;-191.80117912013537
0.0
64.58756924529035;-15.275471763925841;-2530.5088975121566
73.25387674626838;42844.20841342494;1932.1506094772835
1.999360115194384;448.8009425362312;-191.52734908609938
0.0
64.39220781637448;-15.225583240839095;-2537.89569041606
73.25432047460602;42819.236467064606;1931.445859266432
1.9989947989618089;449.46990492023724;-191.39197072348568
0.0
64.39361954951514;-15.225613178939511;-2537.976478190449
73.25439790771003;42819.19947723173;1931.4490773583416
1.9989827022390796;449.5121353774711;-191.3903371434868
0.0
64.59118409532195;-15.258908610933263;-2544.6555431143024
73.25398989535486;42825.02749561992;1931.9305265347489
1.9999606000442902;448.6622801349469;-191.30462187175291
0.0
64.67852200845736;-15.254686115108708;-2545.4440732873677
73.25376517733702;42857.551082802966;1933.7720892411976
1.9991981258046259;448.46762727419895;-191.2331172882838
0.0
70.36670266857725;-15.345755654480227;-2521.7215480849663
73.25308026973252;42890.92038314575;1935.2233053480666
1.9983128756445776;445.9024234889594;-191.13708955620214
0.0
74.64877049329924;-15.429158791379539;-2513.205402245648
73.25189133042565;42947.237719791556;1938.0195612551238
1.999295468924479;442.52758934742;-191.04087244154982
0.0
75.25581592689072;-15.449815796957502;-2515.9540673867723
73.25184178382625;42951.38661402698;1938.288615907186
1.9992403610892855;441.8718220432768;-190.99814467636173
0.0
67.77463743853203;-15.314757797154718;-2520.873145927119
73.25032643171218;43055.04495243178;1944.7056358767857
1.9998969519573366;438.0318695898949;-190.62267999146803
0.0
67.82737455495197;-15.315944300561174;-2524.5714159648087
73.2503660350969;43038.88718789521;1944.0637667502967
1.999813879143971;437.98424045606015;-190.57777005068323
0.0
67.02376013350306;-15.29608093716975;-2529.966033638344
73.2504908257739;43026.181078763366;1943.6294821796466
1.9999377011018278;437.5933403402613;-190.51443731318807
0.0
67.14329231376578;-15.295483965830552;-2530.403802549372
73.25065997451442;43019.03715807495;1943.2840949215458
1.9996449306374333;437.71987198141574;-190.5073337366916
0.0
67.38322434308719;-15.29641636223136;-2530.8480863383243
73.2504570167627;43026.6256976991;1943.7127665712997
1.999982773266633;437.5529068110354;-190.48706611771982
0.0
67.25775933259139;-15.293767977220071;-2532.374928626044
73.25050821719175;43020.53374620937;1943.4512390129373
1.9999226226849347;437.60803042597445;-190.47852825855932
0.0
67.3842985302911;-15.295565474701327;-2531.889699133505
73.25045765902571;43026.02186579453;1943.72702841171
1.999961223658107;437.56524642319795;-190.47245644683483
0.0
67.34495062969918;-15.291273475378093;-2532.4996177536386
73.25046167402046;43024.18812322059;1943.6962919785742
1.9999338068241634;437.53550705157613;-190.4540596878009
0.0
67.35756641399261;-15.291493852698698;-2532.4861810585785
73.2504613849884;43024.25534366735;1943.6995281419695
1.9999228050914417;437.5351271670631;-190.45391372089637
0.0
67.33844313995209;-15.29092811394293;-2532.4936255248795
73.25045920445844;43024.65836557777;1943.7222763632385
1.9999130460031598;437.5381044459397;-190.45312427585486
0.0
67.3261675524871;-15.290635424211198;-2532.4361896510936
73.25046113095067;43024.54419033825;1943.720846284657
1.999984179621046;437.52810851684706;-190.45196819637212
0.0
64.26755563774036;-15.278583727020152;-2497.040907705758
73.25688544503237;42791.31514035139;1928.3741045875147
1.9997054447936602;449.92918424824336;-191.96036170083235
0.0
64.22254829947458;-15.268723852939384;-2496.4136890448303
73.26123091048764;42790.375966759755;1928.3245970093972
1.9998299106268749;449.88518888833045;-191.95144303578897
0.0
64.24354085016665;-15.271059378726807;-2506.9313793314473
73.26072613704278;42789.68756061068;1928.6641534148469
1.999708351823973;449.863171555054;-191.83607465368001
0.0
64.1724989312482;-15.197591227851056;-2504.424360820459
73.26663423939097;42756.218508902595;1926.9976247955517
1.9994873796974768;449.95068147773776;-191.83179397385024
0.0
64.24458785800647;-15.272045827222746;-2508.071475361126
73.2606775588949;42790.658293050896;1928.7441118595243
1.9996097106668624;449.8636268605396;-191.8245430656034
0.0
64.30088308603499;-15.268433972147857;-2513.689491117298
73.25791478806872;42787.80683306379;1928.940273015365
1.9999718949562908;449.83178281696166;-191.71379899679582
0.0
64.6766501280217;-15.253682980704921;-2545.215523807927
73.25373111031739;42862.528443090356;1934.0178155546919
1.9997413349379713;448.58775599921927;-191.23102796895492
0.0
71.83849271680351;-15.391445793286335;-2520.4584836847466
73.25255996559746;42906.67646376113;1936.3034691825405
1.9993845278022573;445.8492545096779;-191.00308753899765
0.0
71.83849271680351;-15.391445793286335;-2520.4584836847466
73.25255996559746;42906.67646376113;1936.3034691825405
1.9993845278022573;445.8492545096779;-191.00308753899765
0.0
71.83849271680351;-15.391445793286335;-2520.4584836847466
73.25255996559746;42906.67646376113;1936.3034691825405
1.9993845278022573;445.8492545096779;-191.00308753899765
0.0
70.20102147653246;-15.323901679197794;-2531.6053605359034
73.2530369934243;42905.29619733085;1936.3932612248998
1.9987808672147493;446.2473641820691;-190.9801191702579
0.0
67.89135470414386;-15.3179693126656;-2523.593113280033
73.25033380849106;43039.331220622495;1944.082518613758
1.999962010060629;438.17812980426453;-190.58297762630298
0.0
67.37422585649146;-15.29510876121317;-2532.1281434354382
73.25045770923195;43025.81146849178;1943.7287009696536
1.9999787546618661;437.7525638308934;-190.46880794480123
0.0
67.51140326692344;-15.292951776674373;-2532.574220647018
73.2504540628066;43028.629148596425;1943.9739222323926
1.9999975701572081;437.55581032173626;-190.43056197979263
0.0
64.1155211738482;-15.202330997391442;-2497.0351473618557
73.27021141907264;42761.01880390544;1926.9101154108257
1.9997720268616492;449.9793309056516;-191.93490500035333
0.0
64.11561765168172;-15.20163770968998;-2497.0394387505985
73.27021810738546;42760.65779387592;1926.894743526088
1.9997600510907898;449.98263364479664;-191.9341913854324
0.0
64.3071630003536;-15.287902193177635;-2503.1660205114713
73.2559162650192;42792.78393189203;1928.6732454447306
1.9997376167455783;449.99896307073925;-191.8947662321205
0.0
64.11202526126985;-15.192868248826715;-2503.60794947756
73.27173615831914;42754.397678684385;1926.8246682813153
1.9998434074095013;449.8969475833179;-191.84480551080824
0.0
64.34301615131601;-15.278565479434825;-2512.818091394369
73.25516814312297;42793.583625801024;1929.402390427402
1.9997543594282507;449.9554876328936;-191.6582807813445
0.0
64.3960033632999;-15.237248394892694;-2537.6047922199136
73.25403291985056;42827.8666698649;1931.8836431580653
1.9998304244987293;449.9387443266048;-191.38380842052277
0.0
64.39690352022109;-15.235919289031084;-2538.9361753203725
73.25403795285641;42825.00944165302;1931.747057896854
1.9996171652391557;449.8726714046981;-191.3828305676743
0.0
64.1183271657439;-15.192352849183333;-2503.9557008439597
73.27134707485935;42754.58847581152;1926.8589731894651
1.99986393673806;449.9025846150457;-191.83702891873924
0.0
64.31319804372609;-15.270185085213429;-2512.9328960716052
73.25633424660754;42788.23966725203;1928.90697842984
1.9999281397708375;449.9390207168628;-191.7374608511354
0.0
64.31312411539876;-15.270100227683482;-2512.915497706986
73.25635781194391;42788.10997112482;1928.9022726190544
1.9999301836432148;449.94396504506085;-191.73684432479251
0.0
64.20654080762459;-15.26454452419766;-2491.0741584709526
73.26161235067907;42792.51011238978;1928.1221110876909
1.9997755763447114;449.83509169095544;-192.02943217334803
0.0
64.21128665980271;-15.276963124816378;-2492.217932689719
73.26094623325069;42793.04779851331;1928.2532269127587
1.999545789155571;449.9918456700484;-192.0238820199723
0.0
64.2102436963462;-15.266551313995476;-2492.3792945914997
73.26144083406048;42792.323874992406;1928.1899990506042
1.9997025634057748;449.87195018815834;-192.01286295760664
0.0
64.15675135443696;-15.25954006803122;-2492.7113677643215
73.26620896101163;42791.58548358495;1928.1441153030069
1.9993524057952208;449.99051134332484;-192.0074620161899
0.0
64.24856926610819;-15.277748980810307;-2495.0852884130236
73.2580580313627;42791.6431299757;1928.3125642847103
1.9996981412518475;449.9547837638683;-191.98716219945524
0.0
64.26245113536069;-15.279908623075764;-2496.4906021679794
73.2571609989768;42791.93345564608;1928.375421480213
1.9996736259532286;449.9240484542146;-191.96984376650218
0.0
64.11208234207216;-15.205803432132152;-2495.539056245297
73.27001383183678;42765.92384883949;1927.0910323683784
1.9990641768871658;449.9288861013278;-191.9498910824956
0.0
64.27385452624848;-15.276714667805663;-2498.9995072408724
73.25636318512359;42795.48029827221;1928.625945834561
1.9996649021058694;449.92299843992396;-191.94851646726855
0.0
64.27454559074391;-15.279560369580363;-2497.9559828386064
73.25648816727362;42791.5763114973;1928.4304253326486
1.9997889643954894;449.8174729682841;-191.94783618202268
0.0
64.15592758690991;-15.197693941991322;-2504.3620169326514
73.27219286930848;42756.834045743504;1927.0250369013643
1.9995791702952195;449.918559633008;-191.82899155638464
0.0
64.29749181954668;-15.27497978844422;-2512.848708269073
73.25432674049722;42845.05341448323;1931.4644936776704
1.9983599843193418;449.35775157494993;-191.80205651014833
0.0
64.56380740274237;-15.268279802349209;-2534.7165805895615
73.2540293627987;42847.323610845815;1932.534496196973
1.9993618984588175;448.7229287829356;-191.4501650435165
0.0
64.45859973642237;-15.26327367825465;-2542.525832749512
73.2539496286899;42851.66835249829;1933.290811072022
1.999975890292964;448.5509125298653;-191.28842899741966
0.0
75.05316723454746;-15.436249390378364;-2515.7173936536647
73.25193692688516;42951.8965047041;1938.32265439698
1.9989754145175216;441.7724867451987;-190.99825398892682
0.0
75.29205823734021;-15.452721300341574;-2517.3635484061083
73.25185531270951;42952.52316337975;1938.384332653938
1.999169567902271;441.75558975983546;-190.9849514738221
0.0
69.52093295041851;-15.306579087200754;-2531.555482680399
73.25307681184228;42908.833401216914;1936.9736362162955
1.998900094618847;446.2735724579004;-190.8516032948671
0.0
67.80880000838098;-15.315486976251686;-2520.2304900884183
73.25033597867956;43054.67150166693;1944.673614714308
1.9998835021053378;438.0322047671602;-190.6300753873361
0.0
67.80880000838098;-15.315486976251686;-2520.2304900884183
73.25033597867956;43054.67150166693;1944.673614714308
1.9998835021053378;438.0322047671602;-190.6300753873361
0.0
67.80880000838098;-15.315486976251686;-2520.2304900884183
73.25033597867956;43054.67150166693;1944.673614714308
1.9998835021053378;438.0322047671602;-190.6300753873361
0.0
67.80880000838098;-15.315486976251686;-2520.2304900884183
73.25033597867956;43054.67150166693;1944.673614714308
1.9998835021053378;438.0322047671602;-190.6300753873361
0.0
67.80880000838098;-15.315486976251686;-2520.2304900884183
73.25033597867956;43054.67150166693;1944.673614714308
1.9998835021053378;438.0322047671602;-190.6300753873361
0.0
67.91632760922587;-15.31848285541517;-2523.538319591453
73.25034310534623;43039.895423291215;1944.093406449203
1.999757478391785;438.0744522752595;-190.58478640282365
0.0
67.67072837371738;-15.311585311551305;-2526.5417998586045
73.25038425336523;43039.747477496945;1944.297936073514
1.999744966719807;438.0871773054534;-190.5163523752888
0.0
67.17213821930997;-15.295496370731446;-2530.502209192543
73.25075627460296;43019.797926615924;1943.335559209153
1.9996765798958314;437.7313871949262;-190.5022772410325
0.0
67.10563524747586;-15.293394282408778;-2530.8679024888847
73.25075627783694;43019.64762728546;1943.3366484986595
1.999713286196145;437.7246463907696;-190.50013689733876
0.0
67.196716839816;-15.293296462313183;-2531.0003381154715
73.25059002820446;43021.27264506891;1943.4513313939967
1.9998110722856153;437.6769882768124;-190.48782258892882
0.0
67.39396199311786;-15.297884951600365;-2531.8298150316955
73.25045763488946;43026.80822306095;1943.7532235482872
1.9999835322884243;437.5669984468102;-190.47631328555153
0.0
67.38202619776226;-15.295838642858174;-2531.67083419423
73.25045857349072;43026.2418477326;1943.7292025495915
1.999964961889037;437.54081995239255;-190.47537384611715
0.0
67.36561092655278;-15.29268500210534;-2532.516123254331
73.25047065564426;43024.54928337366;1943.6978095252975
1.9999511983510077;437.53541993088663;-190.45764841998292
0.0
67.36567652212375;-15.292577646504688;-2532.5171934907144
73.25046373434661;43024.53019223158;1943.6988466928094
1.9999479025516067;437.53176306431203;-190.45725526474337
0.0
67.33616903643338;-15.291201561454844;-2532.477996267949
73.25046012018076;43024.878586718725;1943.7244576871624
1.999916777702004;437.51367836851995;-190.45604315320713
0.0
64.11625329869733;-15.206375082405811;-2497.3291720100806
73.27009727464036;42762.399496482336;1926.9822795211796
1.9998564217718047;449.97543049691734;-191.93425077297013
0.0
64.11635033071825;-15.20568201187269;-2497.333453259007
73.27010395916615;42762.038565234;1926.9669100782903
1.999844446368916;449.97873325241346;-191.93353769529233
0.0
64.10064716223289;-15.195942219764277;-2498.862133763476
73.27179140176953;42758.37177949863;1926.8340505989413
1.9996105227987682;449.9830826996859;-191.90980887262765
0.0
64.10064716223289;-15.195942219764277;-2498.862133763476
73.27179140176953;42758.37177949863;1926.8340505989413
1.9996105227987682;449.9830826996859;-191.90980887262765
0.0
64.10064716223289;-15.195942219764277;-2498.862133763476
73.27179140176953;42758.37177949863;1926.8340505989413
1.9996105227987682;449.9830826996859;-191.90980887262765
0.0
64.12496353356424;-15.203418977612891;-2503.422353909845
73.2702007794146;42761.1775942364;1927.1210587024225
1.999817354505175;449.89618224997935;-191.86275480548542
0.0
64.12496353356424;-15.203418977612891;-2503.422353909845
73.2702007794146;42761.1775942364;1927.1210587024225
1.999817354505175;449.89618224997935;-191.86275480548542
0.0
64.12496353356424;-15.203418977612891;-2503.422353909845
73.2702007794146;42761.1775942364;1927.1210587024225
1.999817354505175;449.89618224997935;-191.86275480548542
0.0
64.15598621663317;-15.229254781498526;-2504.3506448723706
73.26763525609185;42770.07525929689;1927.5802527766905
1.9999028110158157;449.8914142636976;-191.85849138638727
0.0
64.31931448641988;-15.276194494143004;-2515.8642523390477
73.25644627230324;42789.14032502415;1929.0925907244325
1.9997162905540213;449.9378674653502;-191.6865013340115
0.0
64.39353612623933;-15.225599487095367;-2537.9384211661754
73.25452661351548;42819.23876167509;1931.450023422229
1.998963026954152;449.57905984329835;-191.3906911188049
0.0
75.29020946699848;-15.45126404632898;-2516.214488976187
73.25186141273397;42952.13980266313;1938.3243652525523
1.9992559039959834;441.88784008422346;-190.9979072962043
0.0
75.28598975499077;-15.451208211100777;-2516.4148923290263
73.25185692954057;42952.372261254866;1938.3532209727293
1.9992259175168619;441.88674356931676;-190.99235808782117
0.0
67.3385113649436;-15.291056252346829;-2532.5030761426005
73.25045921805514;43024.740111553634;1943.7267472421292
1.9999272996357518;437.538320417833;-190.4529501559151
0.0
64.3989977568234;-15.23540182450643;-2539.207865750113
73.25404906132525;42826.032689022664;1931.8141379458893
1.9996490406667118;449.93603075466666;-191.37635916245222
0.0
64.21166158889218;-15.277287765943287;-2491.738126486665
73.26595528936947;42795.57427836424;1928.3368995361393
1.9995516849006063;449.9831767962658;-192.0246246072284
0.0
64.24879630765719;-15.278657898686228;-2494.613275203386
73.25795712027544;42794.1375474132;1928.384116770723
1.9995591110256326;449.98166326447256;-191.99757072972403
0.0
64.2576358652311;-15.27965873591845;-2496.3588387300692
73.25757964189904;42792.22084579449;1928.3853033048033
1.999725591032401;449.94457415898535;-191.97081868557117
0.0
64.27225183670137;-15.27929617773764;-2498.046168987577
73.25664036956137;42792.198117979395;1928.4510426921834
1.9997451085104314;449.85685349644723;-191.9507662818027
0.0
64.27463763633864;-15.279294220112563;-2498.134235609611
73.25649601165495;42791.915827965306;1928.453076464434
1.9998000350586531;449.8250730355674;-191.94624588693202
0.0
64.11740366388763;-15.203848432885614;-2501.2759088219655
73.27043510031132;42762.3181980136;1927.092593761941
1.9996360935818749;449.90415591725736;-191.88988202815216
0.0
64.1806065551192;-15.20202777195503;-2508.0006376097535
73.2719133075848;42760.10858333985;1927.4705598473472
1.9993216402221186;449.99546301152026;-191.72410407101935
0.0
64.31049105387953;-15.264286471590456;-2513.8882758469
73.25756168941537;42789.457814844456;1929.1089909892905
1.9996057476145883;449.9189261903259;-191.6863845842102
0.0
64.21883433671923;-15.258349873353762;-2537.2303303527806
73.25578879412872;42863.651932160545;1933.0562298687516
1.9997508676292113;448.3725448698456;-191.5711221657424
0.0
64.55818127481591;-15.250482409995255;-2549.4576603938694
73.2541166910659;42844.205381661115;1933.2015375922444
1.9986062330867338;449.3752246182645;-191.21318045219522
0.0
75.30178786794465;-15.45311627978912;-2517.605862026073
73.25186094563743;42952.80057430813;1938.403912323796
1.999191512799796;441.5781466465296;-190.98244939973517
0.0
75.07522818365022;-15.448436284012542;-2518.716817731158
73.25186905838348;42952.407418607356;1938.4455480018655
1.9991306629380654;441.9372498297869;-190.96362918417293
0.0
67.70591759397577;-15.315461152072293;-2519.825398638914
73.25042321779941;43045.134171544654;1944.1664705256708
1.9999051144296902;438.16515498540974;-190.6430892466221
0.0
67.79340061391197;-15.315483475174762;-2520.6548189510077
73.25034430636902;43055.68633809642;1944.7695982455411
1.9997639529986044;438.02075730108453;-190.61512068595994
0.0
68.0660605255633;-15.321675925728526;-2523.44974039149
73.25043691414858;43042.36078666171;1944.2429734757452
1.9996610779835389;438.15420302528304;-190.5692459977393
0.0
67.85953455289842;-15.317436610969532;-2525.750724282274
73.25034568859456;43046.770255049945;1944.5408384635932
1.9999792604687556;437.99344685102454;-190.54667226726852
0.0
67.38347138703647;-15.299792127828178;-2530.983005700577
73.25045955138201;43028.53583978825;1943.8005812479098
1.9999660724067698;437.53897597654844;-190.48880935591285
0.0
67.38467163190084;-15.294202977810711;-2532.5173254168685
73.25046401693697;43025.25429303806;1943.7259795815125
1.9999485548277096;437.53097305598135;-190.45945924693768
0.0
67.32859057232798;-15.290471096501536;-2532.483088655426
73.25046168635501;43024.89541972856;1943.7434539780427
1.9999877790598415;437.52478890873857;-190.45016583327555
0.0
67.35281726648337;-15.290638671551509;-2532.523379386359
73.25046023480331;43025.42528402019;1943.7762021958586
1.9999743686185023;437.5229901582895;-190.44754113262132
0.0
75.50312338986052;-15.45406694647599;-2518.49258367217
73.25186061458419;42952.712943266684;1938.437878335865
1.9992251367657163;441.683817600225;-190.9718149677264
0.0
67.96973688877209;-15.318539257389798;-2524.696219404044
73.25036063798689;43048.84862245417;1944.5085157496676
1.9999347161702032;438.0725535283309;-190.58637260417166
0.0
64.25309959996433;-15.275773824066158;-2496.0455965150704
73.25777071933113;42793.87067977458;1928.4358116457468
1.999793212913122;449.9031512999079;-191.9807772731479
0.0
64.27132451293626;-15.277918681326447;-2497.9935144736924
73.25673406854769;42793.2766804977;1928.509870155977
1.9996965123468695;449.93794583818584;-191.9489696270938
0.0
64.23631749645166;-15.270533689609959;-2497.7192217936336
73.26008103818302;42792.39468004226;1928.4325297379364
1.9990749958086504;449.8816147215762;-191.94410441949012
0.0
67.78505189729961;-15.315005141160306;-2520.663271938317
73.25035661115776;43052.67713115959;1944.6090729615896
1.999696718464173;438.0236654155382;-190.61965637136126
0.0
67.79571481241203;-15.315217734758853;-2520.821257099642
73.25035034447778;43052.63173095175;1944.6147284563156
1.9997142054026629;438.02346116260975;-190.6170472738618
0.0
68.09091989224197;-15.322188507772614;-2523.3944766713335
73.25044591091078;43042.926909450216;1944.2539311174949
1.9996699129841358;438.04992520902124;-190.57105961893996
0.0
67.4587510333983;-15.297684842490089;-2532.433286910227
73.25047591123466;43025.803286919916;1943.7559247675285
1.9999057018595323;437.52493716674053;-190.45908539013317
0.0
67.32461062290142;-15.293684916915819;-2532.380647036684
73.25046843244004;43025.82616677477;1943.787403664293
1.999696036468346;437.541183073547;-190.45175141923795
0.0
64.27286809466621;-15.278023763554103;-2498.464242039923
73.2566739740563;42793.39133570287;1928.5310599399422
1.9996720669905044;449.94534250890325;-191.94357023969152
0.0
64.28199949077121;-15.280462840338904;-2503.0014439868073
73.25664523324537;42796.10427956278;1928.807382150926
1.9996605648162056;449.95695396068095;-191.89062203119536
0.0
64.27821537741593;-15.273154400171043;-2502.1723147295565
73.25671798857809;42793.11868750278;1928.6492718976128
1.999564552765445;449.9694236895704;-191.90141850132557
