200
4
0.0
63.014440799471686;-15.697287572624372;-2310.732236971648
73.26045139255494;43119.24345377926;1933.4264146299986
1.99999210049056;449.9866898324353;-195.3264710886681
0.0
63.01608117727698;-15.696771831244662;-2312.8155484745203
73.26033643402702;43118.494195344756;1933.4651876805776
1.9998493199062395;449.8819133775937;-195.3003556661592
0.0
63.02360111754495;-15.699892316286412;-2315.6387417420738
73.26017049111748;43118.158686940194;1933.547106321272
1.9998784920673505;449.8791502495108;-195.27054962082056
0.0
63.02558118743962;-15.700573234813948;-2316.2397482181173
73.26009183017831;43118.079910279506;1933.547574522245
1.9999228412424335;449.8753183080933;-195.2657183271115
0.0
63.025871155146234;-15.70073853949318;-2316.32753924723
73.26008458138035;43118.11476886553;1933.5519214751425
1.999927557314612;449.87458596889354;-195.2648166889061
0.0
63.026529200974686;-15.700618809188981;-2316.4400705456046
73.26007666989867;43118.19799171246;1933.563025605977
1.999847531670168;449.8978539244581;-195.26243223622933
0.0
63.026628087130135;-15.701068767212403;-2316.489021775484
73.26006941833944;43118.384853213785;1933.573128753551
1.99983764344131;449.8956962849596;-195.26213270770228
0.0
63.02667851899378;-15.703006877935687;-2317.013334644762
73.26001985315152;43118.792187312545;1933.6038665251876
1.9999976968310238;449.8436650746882;-195.25826239805457
0.0
63.03056345966546;-15.702038535205713;-2317.5389446504405
73.259988089927;43118.64913885633;1933.6239332315392
1.9998426823537343;449.8843730231298;-195.24907514455248
0.0
63.031742068029885;-15.704237910496543;-2317.8795550394148
73.25994450709383;43119.66411063372;1933.6837408161714
1.9998666979913848;449.8122998032319;-195.2457449404349
0.0
63.0308740035384;-15.70114801888102;-2317.8420095375436
73.25997638472575;43118.44527995578;1933.6339159959277
1.9998307256835102;449.911005483843;-195.24244757972752
0.0
63.03907439850899;-15.708023838336796;-2320.061767816566
73.25979752148538;43120.487036593964;1933.7989794962596
1.9998238326808198;449.8718353650929;-195.22194955520453
0.0
63.09224748000418;-15.73329810886737;-2317.6992780436713
73.25939830449833;43145.67274783003;1934.9459084976231
1.9999998930002112;448.7131431122163;-195.21826448985178
0.0
63.04093449570836;-15.710179449970544;-2320.2984963234835
73.2597556736104;43121.962769645805;1933.8796518884683
1.9998217591634082;449.8523961436665;-195.21803148683816
0.0
63.09675769219899;-15.735759653384674;-2319.087744385678
73.25937301557694;43147.530993053995;1935.1050705749435
1.9999653389599148;448.69525188071634;-195.1994156493874
0.0
63.10001786210765;-15.735547445179158;-2319.6988033640373
73.25937173708547;43147.776389717306;1935.1423762254303
1.9999646197061065;448.6991754119815;-195.1916175667111
0.0
63.06763066800905;-15.720297972965087;-2324.2026626675092
73.25965194581197;43128.705687850415;1934.3225717916278
1.9996896878816617;449.99459505428035;-195.16620407974878
0.0
63.067920734477326;-15.721598658514706;-2324.3426990608946
73.25963517269737;43129.26924387534;1934.3527024621824
1.9996792891193198;449.98657379599126;-195.16527891726793
0.0
63.097025400578374;-15.725130604192817;-2325.9861628133112
73.25941027559318;43140.81979331826;1935.0304126704243
1.9999605799132336;449.69202810066486;-195.10326032036969
0.0
63.09689035392536;-15.724392597513832;-2325.729541843352
73.25940941238532;43141.5785341229;1935.0771522676969
1.999848165622112;449.69774410459604;-195.10023426294978
0.0
63.12098336667905;-15.727032301301639;-2325.6229490097294
73.25933558970117;43148.73266625764;1935.5381636606412
1.9999334868123946;448.4668725229961;-195.08451164731932
0.0
63.131943711582174;-15.73005829338178;-2325.2054249660728
73.25928414606449;43152.78372875276;1935.7788013548
1.9999466275119306;448.3782620021006;-195.07157531983998
0.0
63.131943711582174;-15.73005829338178;-2325.2054249660728
73.25928414606449;43152.78372875276;1935.7788013548
1.9999466275119306;448.3782620021006;-195.07157531983998
0.0
63.131943711582174;-15.73005829338178;-2325.2054249660728
73.25928414606449;43152.78372875276;1935.7788013548
1.9999466275119306;448.3782620021006;-195.07157531983998
0.0
63.12671821510864;-15.72929265514874;-2325.408307284733
73.25928312710563;43153.38693709043;1935.82428717615
1.999919963770934;448.4470145879104;-195.0661620407136
0.0
63.33909582537418;-15.733471144587721;-2326.2525271244735
73.25924548356411;43156.90663650605;1936.056097182928
1.9999870541757085;448.32573265604424;-195.03269344434517
0.0
63.34688402965959;-15.73344295827999;-2328.607970988753
73.25924074496581;43156.009880779486;1936.099680386881
1.9999613481117027;448.3284945667051;-195.00442897245762
0.0
63.37743307869334;-15.73368852230301;-2328.6504608882833
73.25924268528313;43155.665092716765;1936.0903277037205
1.9999139950405034;448.3136023915831;-195.00411749694894
0.0
62.876079159564405;-15.577825052144318;-2340.5748464301328
73.26555338242072;43008.16404729364;1930.35856275364
1.9986615117749904;449.90561730344496;-194.98746537138183
0.0
63.23330834688765;-15.73868848674122;-2325.6192807060365
73.25897808171597;43159.84605594172;1936.2835329823183
1.9998924170924255;448.9385508582203;-194.94473170279895
0.0
63.01506677952668;-15.66249195350954;-2341.875799245419
73.26254337862702;43076.25673973468;1933.4019964478725
1.9982208800789405;449.75711096392337;-194.917642287938
0.0
63.05524944120975;-15.707836124393946;-2341.495359197213
73.26173699725726;43108.027812286375;1934.8121370322783
1.9996875743828526;449.578437278031;-194.91443861550422
0.0
63.05626413011917;-15.707993320237657;-2341.744885384708
73.26172173697198;43107.89579696989;1934.8126254890844
1.9997821143901484;449.5533582158961;-194.91220431235016
0.0
63.05635531597648;-15.707964531092466;-2341.75865972954
73.26171409454179;43107.907997785456;1934.8142730802924
1.999814151593853;449.5461709767294;-194.91185745535296
0.0
63.05288829870017;-15.70554195536392;-2342.0434089107034
73.26180397762172;43107.349068625685;1934.8169856498653
1.9995864051528243;449.53231028069507;-194.90164612963153
0.0
63.027605187583276;-15.670681308952762;-2339.632734814031
73.26214238128766;43099.38581174012;1934.5790705811492
1.9991716868088119;449.4633020708708;-194.85975619301402
0.0
63.02790483215189;-15.66707209682329;-2342.7863072270084
73.2622315192806;43090.088044334676;1934.3519325468576
1.9997267828808927;449.4053502327502;-194.8221396869988
0.0
63.026315766129954;-15.66705033068747;-2342.8176712355084
73.26220894253815;43090.08273548116;1934.369601456856
1.9992213596507262;449.3331434007627;-194.81798860973703
0.0
63.02456720442382;-15.664515784628849;-2345.4527990653087
73.2621650302852;43098.939982337135;1934.9535390029118
1.9988057845827079;449.64558630471214;-194.75041124786023
0.0
62.950373213984015;-15.575531047924246;-2361.1905521527033
73.26399000391854;43000.03736542248;1930.5531772468983
1.9974837253568587;449.98066689194303;-194.7393652178718
0.0
63.02958836772182;-15.670737996521682;-2346.5070373932977
73.26210897384536;43103.77058712924;1935.1736678843547
1.997794722568009;449.568108319404;-194.73316250095405
0.0
62.976354833128916;-15.593621035224238;-2368.9825803303665
73.26338821730216;43007.55277056322;1931.1890353693861
1.9976581059973695;449.89188090222734;-194.64744390908044
0.0
62.977342497639555;-15.594281655263238;-2369.2017522765705
73.26335153381952;43007.82629592036;1931.2039526941746
1.9976776181966172;449.86976479447947;-194.64519002697423
0.0
62.98056353607969;-15.592723206416645;-2369.304926511033
73.26332419160072;43008.09560150285;1931.2305716760563
1.997706362551311;449.7804994447381;-194.63799617321934
0.0
62.99823213813989;-15.607406971035749;-2373.532036395938
73.26296047175741;43015.73664184042;1931.7515484203168
1.9975844364720612;449.86093621030545;-194.58445954971378
0.0
62.99861847233357;-15.607776048514156;-2373.910025632442
73.26294596693542;43015.77484883735;1931.7638800580592
1.9975468888256107;449.85686952945343;-194.5807693717394
0.0
62.99717342928878;-15.598064666538706;-2374.779334209596
73.2630661466977;43009.438825031924;1931.5361679028456
1.9974804926393368;449.93545491179833;-194.56897807903164
0.0
63.026253718258786;-15.611153521307019;-2377.737476631753
73.26274789828645;43022.407960319964;1932.3469056883432
1.9990687848286541;449.53868442164753;-194.5015912673872
0.0
63.02736682293389;-15.611513070520454;-2377.733392832328
73.26272907598158;43023.09991875968;1932.387471258057
1.999068928639906;449.51876389070117;-194.4992249237819
0.0
63.019496343845745;-15.69897149164577;-2314.430140433889
73.2602369961025;43117.950335765956;1933.4835262740428
1.9999693595242063;449.9308650129167;-195.28655192971914
0.0
63.02070153341729;-15.699314665624927;-2314.7340699026295
73.26021306472765;43118.07097323073;1933.500646870078
1.999926545181158;449.9146466939768;-195.28273436577607
0.0
63.02267324511459;-15.700326781543831;-2315.3811442813744
73.26014709894557;43118.36691783382;1933.5322716657538
1.9999304549541719;449.89674222629014;-195.27553966220555
0.0
63.02285316185942;-15.70038738512877;-2315.4316612665607
73.26014315839676;43118.3809995395;1933.5347000542101
1.9999316784518613;449.8960550888477;-195.27494503118967
0.0
63.03016871481065;-15.701719744991772;-2317.8082030336627
73.2599743899448;43118.65053261353;1933.640385881438
1.9998495319636957;449.9113626531585;-195.24358346908247
0.0
63.03561645124698;-15.704266536893902;-2319.2105502329964
73.25986028465266;43118.929551138615;1933.6908693229673
1.9998891042540456;449.90726497032;-195.23091855501198
0.0
63.03635244902701;-15.705176750072761;-2319.3607460143176
73.25983980707674;43119.42298813917;1933.7203802762738
1.9999533866616899;449.89447304475647;-195.229072057131
0.0
63.039650551778045;-15.709227429571182;-2320.2859129903113
73.25978275468981;43120.933587999;1933.8263052976993
1.9998322631420031;449.87760696433423;-195.2201352177283
0.0
63.042468027863826;-15.709189267020147;-2320.701506212336
73.25977740970939;43120.60850579792;1933.838336952273
1.9999385806358088;449.8662221257526;-195.21506978840057
0.0
63.12128593832385;-15.728349523966527;-2325.860927657562
73.25928944292022;43150.5431902774;1935.6467382981252
1.999981336059999;448.55522504125986;-195.0781789530937
0.0
63.12020538951439;-15.727501535716641;-2324.054561928571
73.25928473062125;43151.69965280503;1935.7294286690374
1.999941840042887;448.4803927876818;-195.0770024255323
0.0
63.18660299319149;-15.727667779051902;-2326.2771977095745
73.25918962026392;43161.633041859895;1936.2828669282376
1.9999371323291368;448.39165238590596;-195.00321191613622
0.0
63.492796766592406;-15.734452498043144;-2329.9184573625107
73.25923875887925;43155.33012716033;1936.1236012262693
1.9999588452598445;448.37307503094934;-194.98190428921794
0.0
63.37427373878685;-15.73336662023073;-2329.8476773836455
73.2591984702679;43156.04745903997;1936.1711564985553
1.9999157488463821;448.3384475487787;-194.97759428854724
0.0
62.870215352686905;-15.544120849661779;-2346.0238593373647
73.2673894179242;42987.68238210468;1929.518204722015
1.9989637347574176;449.99609464879694;-194.91762534732692
0.0
62.89044681778993;-15.587768562742559;-2348.9926318020985
73.26524428457071;43005.601995800556;1930.437655048022
1.9997124948430682;449.8026630356369;-194.91397183667934
0.0
63.06059691231584;-15.70971364791676;-2342.377390919789
73.26169077128996;43108.39833606457;1934.8816149572287
1.999791146273615;449.53915936395964;-194.8972284101917
0.0
62.89279578722816;-15.584511496217024;-2350.675046395167
73.26546387056604;43003.55666492722;1930.4012057262432
1.9988650318915577;449.9383059354013;-194.89166530674032
0.0
63.06278983789964;-15.710500928580782;-2342.364875785201
73.26168463839387;43108.63930266647;1934.917175885789
1.9998080745310824;449.53556383479537;-194.88913895588132
0.0
63.021421936874674;-15.667566333108704;-2342.774540379548
73.26243836217624;43088.26236313743;1934.2747747926637
1.9995321643835116;449.5136859690675;-194.83117350264348
0.0
62.95939290575678;-15.587915880018345;-2364.535217287223
73.26374208436299;43004.8815591983;1930.8775191413713
1.9986137416847445;449.7253712692993;-194.70627147525872
0.0
63.04882432328266;-15.671510643934033;-2349.25412415237
73.2619407684766;43103.86182593101;1935.1644793897945
1.9994059049065225;449.5703695160548;-194.70454055272737
0.0
62.965924568975524;-15.59325216573416;-2363.9622828391916
73.26326215755918;43009.69318363758;1931.1870067295858
1.9978971000550072;449.90307288256975;-194.70262152682872
0.0
62.96111184990283;-15.588199427586842;-2364.738822084601
73.26372888581047;43005.5334652946;1930.9288244857316
1.9981456197439682;449.86150921185447;-194.70082676789627
0.0
62.970816178863984;-15.589936205619404;-2367.2346577327694
73.26353710263741;43006.23600540658;1931.057737752741
1.9980686299015644;449.80148124515506;-194.66772369561838
0.0
62.9651179164565;-15.560908644968267;-2365.769753449737
73.26460851132309;42995.93004290175;1930.7015417683658
1.9992093241782745;449.62072095362896;-194.64890256351066
0.0
62.98110924434508;-15.592853435660334;-2369.3711401382848
73.26331003794635;43008.23510950057;1931.2382282106191
1.9977493476625285;449.80159330715674;-194.6368571921834
0.0
62.9903874986987;-15.605017810640348;-2372.5008832512262
73.26301414007015;43013.22650593656;1931.6060453665114
1.9983011307129406;449.7875413904823;-194.60301301390172
0.0
62.9908401367121;-15.605135204747526;-2373.0524659646717
73.26303423766527;43012.80874855797;1931.603319644944
1.9981793979995286;449.75218112502364;-194.5976951473699
0.0
63.00891236100989;-15.643915629919618;-2372.036672518484
73.26244568425011;43055.01345992051;1933.612285166851
1.9992951955935403;449.55841435181696;-194.58875254002953
0.0
62.99785314460527;-15.59643369973924;-2374.969882191288
73.26307397850456;43008.645763493594;1931.5090880991972
1.9975098282929642;449.93646099838713;-194.56545523696855
0.0
62.99973424830973;-15.598489238165191;-2375.259740720644
73.26304222309996;43009.68045970889;1931.5537795616356
1.9976566094692378;449.92885949388295;-194.56272821861052
0.0
63.02771858983561;-15.609368242872117;-2378.588169346967
73.26285341728352;43021.17402483293;1932.3205113781787
1.9990688914677872;449.6616144988105;-194.49036107011833
0.0
63.03690790951849;-15.624057607758985;-2379.7895078459846
73.26263929236326;43030.85909815678;1932.884528191208
1.999269461915828;449.538387143896;-194.46752063016734
0.0
63.039842309614194;-15.705486682239199;-2320.2943152778075
73.25982885573369;43119.395257765114;1933.753574260442
1.9998719304193757;449.8860765121778;-195.21713283051326
0.0
63.039842309614194;-15.705486682239199;-2320.2943152778075
73.25982885573369;43119.395257765114;1933.753574260442
1.9998719304193757;449.8860765121778;-195.21713283051326
0.0
63.039842309614194;-15.705486682239199;-2320.2943152778075
73.25982885573369;43119.395257765114;1933.753574260442
1.9998719304193757;449.8860765121778;-195.21713283051326
0.0
63.037148260716236;-15.70103036184836;-2336.2236050480374
73.26183711770403;43106.109286630526;1934.5332424600679
1.99997529499165;449.61105952560774;-194.97714485930177
0.0
62.89563324863492;-15.584974957897524;-2351.3481411431167
73.26545667426912;43004.189211373894;1930.4745321543883
1.998890834835415;449.9568954692493;-194.88022315179703
0.0
62.956731846278394;-15.559989775670626;-2362.188278267626
73.26455393956368;42996.206296844604;1930.547550757513
1.9992416693730026;449.77269905722227;-194.69554555487252
0.0
62.965745182184804;-15.590392469429105;-2366.5167692370915
73.26359258560385;43005.45578498165;1930.973722368898
1.9987570385428248;449.7380950046152;-194.68314949149052
0.0
62.98031138191274;-15.592265706070902;-2369.6276486669553
73.26337314699053;43007.409260052664;1931.214822203804
1.9980857464512043;449.82425944749;-194.63517206848644
0.0
62.9835813698693;-15.578304511660344;-2369.8002616292883
73.26353377915257;43002.33211681293;1931.109202743341
1.9995335949248232;449.696005914496;-194.612772673402
0.0
62.991633026293414;-15.606072235116075;-2373.066631356835
73.26297506963472;43013.29736396893;1931.6242105394078
1.998220921209435;449.80659470002263;-194.59792218162846
0.0
62.993891798802935;-15.598302409307934;-2373.213628175704
73.26310099884024;43008.38978881653;1931.428402154144
1.9980478974113798;449.9514147069158;-194.59526013913236
0.0
62.98249538786482;-15.557621317733446;-2369.990174894205
73.26415794437698;42993.03914787987;1930.710645850659
1.9992733143613115;449.70632597770697;-194.59420094381107
0.0
62.99535370178478;-15.60535294289997;-2373.9611076801402
73.26299936319829;43013.26749725149;1931.6687269748702
1.997770020477518;449.8772785195176;-194.58341286007072
0.0
62.98870505968667;-15.570990394653004;-2373.504118260352
73.26405325308643;42997.81170948923;1931.0444247263808
1.9992382671260773;449.68155788658066;-194.56153578062157
0.0
62.994722380980356;-15.589972281202666;-2374.8867879631844
73.26350158567357;43006.168958758884;1931.4745437628592
1.9995014570650353;449.6553175914685;-194.55661993654988
0.0
62.998370143779084;-15.588550038945792;-2375.4405516979164
73.26348570705089;43005.96115650949;1931.476008506112
1.9993430726986796;449.6254350504981;-194.5461963345473
0.0
63.0229295466871;-15.603650754127484;-2379.7289888934447
73.26293949285268;43014.13560775376;1931.9852310976792
1.999289105955415;449.6395084284187;-194.4837953823262
0.0
63.02357900373402;-15.605423289354945;-2379.5198229519538
73.26292944340396;43015.102546346876;1932.035230327842
1.999373150262483;449.6062827219438;-194.4820903839394
0.0
63.05237151591808;-15.713797449268277;-2323.6763701024556
73.25973766917032;43122.76095754558;1934.058894330656
1.999886679397556;449.992344385314;-195.17574744188346
0.0
62.91454858450097;-15.560722460525408;-2360.2972611534556
73.26609775333527;42989.265730121195;1930.1272661196883
1.9991043202166765;449.9951993373508;-194.75752702344835
0.0
62.991183182674874;-15.589065987092075;-2373.83842184862
73.2635103234313;43005.0981668079;1931.368397520652
1.9989521297617758;449.8222781742069;-194.57416876041046
0.0
63.01328735743309;-15.648718457626819;-2373.413989507271
73.2624599974146;43053.73871691832;1933.6009551546135
1.9999683833641912;449.71672025060326;-194.57203435896457
0.0
62.990857334833294;-15.575920028055034;-2374.8923207840608
73.26372428962452;42997.6078485967;1931.0765559322206
1.9993998708496938;449.7372379549259;-194.55670743290108
0.0
62.99870957211346;-15.593537157990882;-2376.65031378737
73.26346834039815;43005.68018756121;1931.4927870816025
1.999559334089752;449.7308357953995;-194.5446274781836
0.0
62.99675867352709;-15.584907801180021;-2375.8427300578355
73.26359330249811;43001.19038342862;1931.3132161131327
1.9993828747823397;449.7450786971089;-194.5358553821748
0.0
63.01985988387256;-15.595170109496674;-2379.856906240934
73.26296265490106;43009.73870495765;1931.784511082723
1.9994696321191425;449.7042544233627;-194.4867098582688
0.0
63.039247330384306;-15.637494944522317;-2379.1711908344564
73.26261268562692;43039.23199117557;1933.1096262662109
1.9987695157549592;449.91925683374643;-194.48134675096486
0.0
63.0220911931376;-15.59559695717488;-2380.468601308893
73.26298522904789;43009.28850872474;1931.8081858516507
1.9993602048988814;449.7318563702425;-194.47488003118949
0.0
62.99705929368594;-15.589736935990281;-2374.9590220835275
73.26340692351464;43006.3809480879;1931.477392769883
1.9994323938247864;449.83020834373076;-194.55427781806344
0.0
63.0396403595848;-15.644436002534697;-2378.5170868776677
73.26246539714442;43046.528231090764;1933.4776234389126
1.9994581406748668;449.7940488752406;-194.4843198552647
0.0
63.039871637945275;-15.641879901986883;-2379.999578056825
73.26261001175796;43042.629909167634;1933.3122681539862
1.9987882264665833;449.91933893245164;-194.47574852328324
0.0
63.01156029648876;-15.694093015045317;-2310.605728342311
73.2604912477314;43119.27729101195;1933.4469475886133
1.9998699485567337;449.8835849388608;-195.3195953299719
0.0
63.012975280095304;-15.694762981453218;-2310.973243913128
73.26045698556831;43119.57189906562;1933.4753514113013
1.9998412868266315;449.90333153384773;-195.31475404159488
0.0
63.01388573572692;-15.695131528918543;-2311.326137828467
73.26043500369931;43119.53045196872;1933.4852984024149
1.9999146792294062;449.8795686425933;-195.31099449086014
0.0
63.01790559569971;-15.69697437480676;-2313.1670864812254
73.26029352857839;43118.71637170776;1933.4864965986014
1.9998480603754263;449.8794919951913;-195.29537707347677
0.0
63.02451516119538;-15.700795267189694;-2315.997015442788
73.26010488831966;43118.282263883484;1933.5485324043302
1.9999525453239329;449.87739876444243;-195.26869626221978
0.0
63.025829850961784;-15.700645371493595;-2316.2703260064354
73.26008837698787;43118.14772627029;1933.5524188515387
1.999952100264476;449.8639268286099;-195.2651876730305
0.0
63.02785828844194;-15.70304531117216;-2316.842626107302
73.26002683314624;43119.2227123838;1933.6236683740108
1.9998630958878665;449.8404914142958;-195.2589164256947
0.0
63.03040443836744;-15.703491161915549;-2317.4858057862034
73.2599779718024;43119.42015629192;1933.6586422190826
1.999860048489089;449.81617466389815;-195.25025220448038
0.0
63.039834887024746;-15.709341545623934;-2319.66984584109
73.25980025488244;43122.03511250115;1933.8751284208602
1.9998391365141852;449.87415635672977;-195.2232432169283
0.0
63.039075735247316;-15.708317549578618;-2320.0031379683683
73.25981857166411;43120.73268011342;1933.8217373950383
1.9998333356370408;449.8691956882811;-195.2215362523883
0.0
63.04043592654013;-15.71038122418331;-2320.280278778751
73.25981760994891;43121.92637614066;1933.875680864387
1.999824188253631;449.87842172365725;-195.2189397433677
0.0
63.09261338374251;-15.734140945349852;-2317.934147392311
73.25941949563898;43146.233364997795;1934.957238704153
1.9998653255491141;448.59580832722554;-195.2168419993716
0.0
63.04449909821767;-15.712556242365139;-2321.413750276104
73.25978671772229;43122.696257925294;1933.9719976826261
1.9998310536155237;449.86679253872455;-195.2041734877408
0.0
63.046314633209384;-15.712759726966732;-2321.7665052183224
73.25977403072585;43122.918616471645;1933.993396531662
1.9998294341559781;449.8643668233317;-195.19916893585653
0.0
63.048363864383006;-15.713777098942403;-2322.6016222616877
73.25977327318274;43122.816804657035;1934.0125692142035
1.9998245707739548;449.8764674562008;-195.1909767004751
0.0
63.04999660230797;-15.715614803340287;-2323.0727677287705
73.25974968153176;43123.52696028423;1934.0594726561364
1.9998089929237775;449.864116472729;-195.1864597346924
0.0
63.06518995175354;-15.723520799741667;-2323.84968261627
73.25972748472628;43130.389657646265;1934.3826372906879
1.9996782439617975;449.98893441773646;-195.17317450252028
0.0
63.070742406822276;-15.721323246976516;-2324.4736213587094
73.25968013228706;43129.82856213149;1934.389903841302
1.9996825096962845;449.95193560281166;-195.16054772427026
0.0
63.1210022119523;-15.727784233877331;-2325.781772364784
73.25937449109288;43148.48492875556;1935.535880988891
1.9999848649968852;448.4791842503014;-195.08246854395765
0.0
63.42499642914457;-15.734193748405694;-2329.6444946689285
73.25923263860665;43156.30161543491;1936.1820180306395
1.9998264145738982;448.3862599031697;-194.97745765531468
0.0
63.368149452067705;-15.73345328668854;-2329.824412107295
73.25919958195692;43156.443659821714;1936.1895432885192
1.9999302493334816;448.31709271625436;-194.97733533518894
0.0
63.279477376189256;-15.731559307751317;-2330.0047802742756
73.25919958555315;43156.36528009074;1936.186987230662
1.9999597452132705;448.2916432169196;-194.9769374076552
0.0
63.38398686315901;-15.733523745887204;-2329.8903904519116
73.25920955218253;43156.32819048869;1936.1875544006537
1.999909475785371;448.347178246872;-194.9764445680039
0.0
62.87647644566031;-15.581410330905705;-2347.38051656089
73.26621508443058;43003.81049188077;1930.3490109965617
1.9989812891401004;449.85797995815454;-194.92622230029048
0.0
63.05534061358773;-15.707807335063235;-2341.509131505369
73.26172935634098;43108.04001727252;1934.8137847588243
1.9997196158040613;449.57124997704483;-194.91409177790388
0.0
62.89965607037428;-15.595702405958813;-2349.3756815586544
73.26456343415884;43010.08679447834;1930.66495306103
1.9990170821533775;449.79174262721926;-194.90953416979417
0.0
63.05347836083211;-15.706509948642525;-2342.20627383294
73.26183109360451;43107.85279130334;1934.8471922479166
1.9995845586501144;449.5461759775897;-194.8997543246045
0.0
62.89865867214369;-15.595113317319598;-2350.5529758192165
73.26480298372195;43009.0262274121;1930.678035703855
1.9990154551676702;449.78307999503295;-194.89610806450162
0.0
63.62927197679328;-15.74434665580457;-2323.6777963621735
73.25912725260616;43164.269278163905;1936.6879418153255
1.999729146557104;449.09412905320863;-194.8718668102227
0.0
62.90734802376415;-15.591585632566288;-2353.2932791606722
73.2648038390602;43006.634773167134;1930.6340566939396
1.998834080972134;449.94187136017115;-194.86074523228837
0.0
62.90314949366239;-15.589269895457793;-2353.6600110813956
73.26517077088775;43005.14345807169;1930.6161536698892
1.9994972570043559;449.7158060756955;-194.85512620417845
0.0
62.90251597390066;-15.588667799913999;-2353.678194264234
73.26524615646596;43004.90874730369;1930.607884874825
1.9994259255764295;449.7462082481702;-194.85429793231688
0.0
62.90251597390066;-15.588667799913999;-2353.678194264234
73.26524615646596;43004.90874730369;1930.607884874825
1.9994259255764295;449.7462082481702;-194.85429793231688
0.0
62.90251597390066;-15.588667799913999;-2353.678194264234
73.26524615646596;43004.90874730369;1930.607884874825
1.9994259255764295;449.7462082481702;-194.85429793231688
0.0
63.01656131726304;-15.669069744454983;-2342.6844268199848
73.26237032457587;43090.82772232239;1934.3545213696514
1.9994693637366583;449.46561567972896;-194.83530258647193
0.0
63.02825055941658;-15.666579884550275;-2342.8232901355045
73.26224648471518;43090.19947216354;1934.362342520561
1.9997194368064937;449.41454713581004;-194.8204045492908
0.0
62.904123834160295;-15.586855701121099;-2358.3846799112284
73.2657013542779;43001.03402024123;1930.6748774267392
1.9986045883801367;449.972405795213;-194.80051576280607
0.0
62.90463256592819;-15.58692311636531;-2358.3366564108956
73.26568796015584;43001.24815944482;1930.6808567111343
1.9986721817182573;449.93047528257136;-194.8004020926248
0.0
62.90463256592819;-15.58692311636531;-2358.3366564108956
73.26568796015584;43001.24815944482;1930.6808567111343
1.9986721817182573;449.93047528257136;-194.8004020926248
0.0
62.90463256592819;-15.58692311636531;-2358.3366564108956
73.26568796015584;43001.24815944482;1930.6808567111343
1.9986721817182573;449.93047528257136;-194.8004020926248
0.0
62.90507942653216;-15.585034332214505;-2358.392983233293
73.2657025408564;43000.39370105393;1930.6453825543326
1.99862713352428;449.97124634673514;-194.79825952153814
0.0
62.90529145389793;-15.583768750677184;-2358.400294042939
73.26571442862422;42999.83042083331;1930.621120316579
1.998619682647681;449.9693946364555;-194.7971766554219
0.0
62.90529145389793;-15.583768750677184;-2358.400294042939
73.26571442862422;42999.83042083331;1930.621120316579
1.998619682647681;449.9693946364555;-194.7971766554219
0.0
62.90529145389793;-15.583768750677184;-2358.400294042939
73.26571442862422;42999.83042083331;1930.621120316579
1.998619682647681;449.9693946364555;-194.7971766554219
0.0
62.90747558058657;-15.587963342789951;-2359.4013873849253
73.2656442482032;43001.35952272853;1930.7260859748365
1.9986615459243868;449.91405903928745;-194.78810591942153
0.0
63.03857740017014;-15.67229000909738;-2346.998819547366
73.26223483128486;43100.7055924367;1935.0138253304603
1.9983673585952457;449.6727189771335;-194.74799653004825
0.0
63.035797851483416;-15.671704780102731;-2346.7725861260224
73.26221224204859;43101.374930183025;1935.054144596647
1.9978496311822727;449.67354269939887;-194.74514877521784
0.0
62.97690123731544;-15.593751245348871;-2369.048874359729
73.26352642203855;43007.69205849145;1931.196685680854
1.9977010900696337;449.9129680558194;-194.6463034264493
0.0
62.983850855525425;-15.594905473353121;-2371.2485346376416
73.2633981106235;43007.64867785133;1931.2796472048772
1.9976030361509314;449.9195870158267;-194.61897608821855
0.0
62.99188998566685;-15.607374784692217;-2371.9778801547495
73.26298754092035;43015.74213241863;1931.693797431532
1.997667765710509;449.87348914359876;-194.60582349234684
0.0
63.002489060534536;-15.636773572713965;-2371.692629930962
73.26260798237948;43052.85376542157;1933.479391798961
1.999289476055923;449.6186989839872;-194.60084969456042
0.0
63.003797550509454;-15.638824826912007;-2371.6433513555417
73.2625931990503;43053.01937969398;1933.4967902231826
1.9992739112733287;449.630372124823;-194.59812817331755
0.0
63.004413068007835;-15.638738996234782;-2372.4654767742777
73.26254874761248;43056.40986553767;1933.6989080390076
1.9993097596400131;449.59944192834934;-194.59257300487914
0.0
62.998047354752224;-15.605999452870872;-2373.7558108706476
73.26297799379523;43014.79038504264;1931.7132265422388
1.9974635762697381;449.8900787904219;-194.58241036526786
0.0
63.02840461544748;-15.61133238697753;-2378.268957871577
73.26276255927472;43022.87950440311;1932.397171617323
1.9991935788827628;449.51479347621216;-194.49252229834212
0.0
63.019295826881965;-15.608749409999307;-2379.4864961814274
73.26296184208978;43016.356888876144;1932.0612219752684
1.999129029369536;449.5776903943874;-194.48958206217745
0.0
63.0337243290775;-15.620889263934833;-2378.27722038443
73.2627526602191;43030.043413091145;1932.768973524408
1.998619226172328;449.531068902686;-194.4849566073336
0.0
63.03640275413808;-15.634504307596282;-2379.4892210573853
73.26270515660515;43032.94074577996;1932.9101638516863
1.9993652133992066;449.340252498262;-194.47682033110337
0.0
63.01387222406413;-15.695108322661667;-2311.2927800156363
73.26043470137768;43119.55985854051;1933.485114451684
1.9998898078308878;449.886360650137;-195.31132656802927
0.0
63.02910278107571;-15.701941812267203;-2317.565298737754
73.25998745236524;43118.853083977214;1933.6413450892423
1.999850442303723;449.91344341564337;-195.24656401348955
0.0
63.033053166664864;-15.704254430002702;-2318.378114491997
73.25991587938024;43119.56703827671;1933.6943250296108
1.9998894471836925;449.898074530879;-195.24018527323608
0.0
63.095760266610235;-15.733883232131106;-2318.315209568027
73.25941186258689;43145.907536989616;1934.9830015743782
1.9999576005225614;448.71706930219074;-195.21042546350085
0.0
63.044587328406735;-15.706303038150164;-2321.579257671194
73.25983261190754;43119.5012273598;1933.8062001432095
1.9998771909768192;449.89033294476036;-195.20105603216618
0.0
63.05412984188122;-15.710685060220104;-2324.440170508556
73.25982892690064;43120.693565826885;1933.9619870465335
1.9998711296599494;449.88837713054954;-195.16800719704577
0.0
63.43178956030836;-15.735851575490555;-2329.771302996895
73.25929604169235;43155.58853427852;1936.2070988204778
1.999983653150563;448.37542859227773;-194.96435314405608
0.0
62.90086235363026;-15.58827360006764;-2355.042182894692
73.26538962125296;43003.117229314295;1930.6068976128515
1.9989826903568677;449.9154852151944;-194.84179948749494
0.0
63.585792014260676;-15.74421518513542;-2323.931326177302
73.259121214626;43164.9210262099;1936.8177929123458
1.9998960788759477;449.2152653750583;-194.83930739413645
0.0
62.8801542313347;-15.582521150553406;-2359.1602670299003
73.26774381844965;42997.89831282602;1930.5608702290815
1.9986892031011172;449.9849460652974;-194.79429612885477
0.0
62.89502360998858;-15.58210780512284;-2359.2423610906662
73.26667566228952;42998.41476024258;1930.5961407241848
1.9986980957837337;449.9678977366555;-194.7882268402476
0.0
62.95826089892713;-15.588438314233052;-2364.1185970422266
73.26378680496838;43005.60692208566;1930.9130959150034
1.9984374234650801;449.77115815575905;-194.70950441005903
0.0
62.96685583521903;-15.594179435211563;-2364.9147008504706
73.26345196061487;43010.16244045645;1931.2338724132799
1.9980722522975907;449.8496177015766;-194.69038402730246
0.0
62.96440216764365;-15.589913294357286;-2365.683177421848
73.26365559393712;43006.25617181273;1931.0007884362071
1.9981470254342417;449.81193061374614;-194.68906258363376
0.0
62.96921687514228;-15.59450763245341;-2364.826824341923
73.26337301674076;43011.11448055868;1931.2688798846898
1.9978611224698761;449.8266773510336;-194.6886044747098
0.0
62.979261660830005;-15.601133105651012;-2367.139269983496
73.26323099222114;43013.240767443596;1931.4608124638253
1.9981071357844877;449.81757266557224;-194.66461361212103
0.0
62.97100422749401;-15.567886716551376;-2367.833088157151
73.2644502202015;42998.399375050125;1930.8618531918144
1.998858600824634;449.7199717326047;-194.6292906381934
0.0
62.986332033789594;-15.605158998332302;-2372.351238013085
73.26307734541008;43012.20106828776;1931.556385722246
1.9984466163218142;449.74872070898607;-194.61007550123404
0.0
62.98452717247619;-15.576610266652848;-2371.752283415332
73.26390671425024;43000.734868792584;1931.110588289867
1.999066717235489;449.71344710949154;-194.58792435428913
0.0
62.99894612575077;-15.601842289057142;-2375.2406528167926
73.2630889250992;43011.211255465685;1931.6367188026518
1.9976409612099728;449.9425121807816;-194.5651828340981
0.0
62.99708528968613;-15.59677400565303;-2374.5650047737713
73.26332770949034;43010.043285905616;1931.5771726230116
1.9994624290762728;449.65710902953464;-194.564195842748
0.0
63.013865347253315;-15.600083589887362;-2377.8916552493533
73.26297952697364;43012.87821747203;1931.8453245006604
1.9994842801485706;449.60554084615563;-194.51396397906151
0.0
63.03679087387436;-15.706050689215576;-2319.4980986197843
73.25986236299264;43119.24791075787;1933.706260462811
1.9998903031828357;449.92910812357525;-195.2316703302996
0.0
62.962502238144516;-15.572544815961255;-2364.959593873649
73.2643534444012;43000.669365918526;1930.8533908386487
1.9985276948297612;449.80028525255466;-194.67124190576843
0.0
62.971155155305965;-15.593969091110017;-2368.606032449536
73.26358679457161;43006.67527130577;1931.1432459357252
1.9979956270974544;449.84051049743783;-194.65719941421432
0.0
63.00584106211702;-15.64811948061127;-2372.0054129182668
73.26252929966088;43067.49541885148;1934.1719302587658
1.9999301660699247;449.6254765000556;-194.60209217370036
0.0
62.98446784380972;-15.568492799871345;-2371.8243741735855
73.26417351483063;42996.975203837166;1930.9450391934668
1.9992933026732052;449.7255251422017;-194.58042995315978
0.0
62.980724336002545;-15.596823819921093;-2369.2733506843033
73.2634450234761;43010.38081481011;1931.340165482489
1.9976231819881747;449.78814789755893;-194.63922690500192
