200
4
0.0
63.41029051432876;-15.280825400157248;-2504.3685892803696
73.29380280699091;42853.83700725082;1928.2088564224307
1.998511914876906;449.9631890820692;-192.71041843476573
0.0
63.4869563824157;-15.294683224304645;-2506.664270588335
73.28643576656114;42864.860607872164;1928.796741208315
1.9990462142206045;449.71608699982045;-192.67143938772642
0.0
63.43150999040667;-15.293801144300463;-2509.575260741366
73.29062046725906;42861.71602520101;1928.7027761602621
1.9989796030444456;449.8212036547262;-192.65075738327698
0.0
63.913898005908486;-15.419098058821936;-2515.2956566514317
73.25082599430422;42938.611029268606;1932.751810325066
1.9998308815988854;448.6188481976375;-192.57434288343953
0.0
63.91520958637587;-15.419044939525282;-2516.0956093019004
73.25079372573522;42938.24055686364;1932.7630925086778
1.9998677855001452;448.60287928843024;-192.56432101711513
0.0
63.91652605636068;-15.418464372875334;-2516.4434538743512
73.25077994097698;42938.03704673221;1932.7699698693768
1.9998923695132567;448.59727748857983;-192.55864630063496
0.0
63.913916840148865;-15.397367341997997;-2520.4091132904036
73.25084175099288;42924.00875183384;1932.2231031891502
1.9999812475587295;448.5748312087569;-192.50994135581507
0.0
63.95430915929135;-15.423198018242235;-2520.747323340289
73.25064481540612;42948.09815823567;1933.3780110133669
1.9998131661326972;448.5033776226552;-192.48007580906219
0.0
63.88616342539564;-15.368215526838554;-2530.303844464179
73.26065915123127;42887.71347953368;1930.748048213333
1.9992759894151007;449.68738501102695;-192.46799059252714
0.0
64.06069687558889;-15.42217730569001;-2522.6272859582973
73.25071825981884;42944.7588975251;1933.311352422581
1.9996958562065144;448.5915609025324;-192.46560488213683
0.0
64.06440602338587;-15.421979785902694;-2523.293792877157
73.25068940631135;42945.27488536844;1933.3015053086096
1.9997954000620122;448.49681793664973;-192.4650358128423
0.0
67.50407446864752;-15.47981724762644;-2494.1883886477494
73.25014648412125;43023.58248308817;1937.3606023978027
1.9999717627996385;445.0303743615248;-192.3544267472472
0.0
66.5886252159075;-15.464889295625873;-2496.965338804028
73.25047143168104;43014.47304303287;1937.0708466497554
1.9997298029552713;445.1205881704849;-192.3446797922219
0.0
66.58898623456341;-15.464927448622271;-2497.0888963460316
73.25046975402411;43014.46032475806;1937.075089666918
1.9997327780061351;445.1201388604447;-192.34304368862936
0.0
71.30363875809188;-15.553611929364054;-2488.393465235343
73.24850727376706;43064.24745157578;1938.9297560905297
1.9999994345363818;443.9046924959425;-192.3240269800949
0.0
71.05941999874499;-15.548130716801253;-2487.440034352902
73.2480634681716;43077.97735654133;1939.5288373483183
1.9999444605825782;442.74874787126333;-192.30690355743383
0.0
71.42569266285588;-15.55546542504325;-2490.807520953785
73.24882471679172;43063.63796346156;1939.0156047922842
1.9996491286982632;443.80526153437916;-192.30544254880718
0.0
71.39990145245588;-15.55510225190038;-2490.998884954494
73.24882507160731;43062.08640954246;1938.9346816845584
1.9996898401751257;443.79783939106767;-192.30527553008352
0.0
71.32243538204882;-15.55297613891533;-2490.662465428009
73.24880808237239;43063.723155590254;1939.018274220943
1.99967192089412;443.74287471343155;-192.30410788405464
0.0
70.99191535476942;-15.545623986430774;-2489.0530734445524
73.24825650813438;43074.93577254902;1939.5532998714734
1.999901634721464;442.8419325897216;-192.2822200966405
0.0
70.97398696797583;-15.544885627951173;-2488.9850581563833
73.2482515531399;43074.86869753203;1939.556311148383
1.999895258623077;442.84398359810075;-192.2798748418091
0.0
71.18026790948144;-15.549494477109029;-2489.162064338792
73.24799334222118;43079.79953407377;1939.7708007651663
1.9998192906947228;442.68745849174417;-192.2706390571818
0.0
71.51531741036042;-15.559619876054393;-2491.9224925803564
73.24840298439119;43072.92124739493;1939.5301173681405
1.9997554537867106;443.5575747725059;-192.26901752678563
0.0
71.18349925246642;-15.549656939301363;-2489.96421738076
73.2480251299245;43078.5998069828;1939.753610516299
1.9998078047488381;442.6828502346262;-192.26347364943362
0.0
71.18185707557411;-15.549631460330234;-2489.9688220522303
73.24802613933959;43078.57294110294;1939.752762263585
1.999808364081619;442.67531194198466;-192.26347166912896
0.0
71.18185409877762;-15.549630546578697;-2489.9724456840095
73.24802702456051;43078.555580358625;1939.7522703824816
1.9998081353319799;442.6794052599185;-192.26345493595892
0.0
63.81881505787123;-15.346074911076288;-2539.9069592638107
73.26134049000656;42883.30343209214;1931.0704893026532
1.9990058752396105;449.6047054201828;-192.2598190425072
0.0
63.81881505787123;-15.346074911076288;-2539.9069592638107
73.26134049000656;42883.30343209214;1931.0704893026532
1.9990058752396105;449.6047054201828;-192.2598190425072
0.0
63.81881505787123;-15.346074911076288;-2539.9069592638107
73.26134049000656;42883.30343209214;1931.0704893026532
1.9990058752396105;449.6047054201828;-192.2598190425072
0.0
71.1819036267767;-15.549583925612602;-2490.3489890547103
73.2480158681038;43078.522459646905;1939.767993616166
1.9998029018821035;442.67477663097134;-192.25886436975782
0.0
70.18580359729383;-15.527198391142477;-2492.721329131302
73.24898943437626;43060.41490259085;1939.1604825520553
1.9997144050349873;443.44732813171026;-192.24184924276273
0.0
76.17178933701064;-15.644793576265581;-2490.557165201443
73.24747672374644;43089.857187092835;1940.1109059704127
1.9992854428555176;442.29939771698935;-192.21707655442356
0.0
77.7891736019263;-15.681358576742447;-2493.8004587653777
73.24727480958904;43092.841667163535;1940.2789967996332
1.999275113604321;442.5885962166006;-192.17227362194294
0.0
63.45165376558806;-15.293402399913516;-2509.9662071658995
73.2896630297425;42861.28900752538;1928.7051944577506
1.9990145385676341;449.82264463446757;-192.64536851845304
0.0
63.503088397310286;-15.3043277148183;-2517.5013512567675
73.28447074929952;42861.9087947703;1929.0281015212665
1.9997792936873542;449.7245593156259;-192.5678022620867
0.0
63.52607547951728;-15.305382933050067;-2517.7157863642105
73.28271769833944;42863.01855803849;1929.077111726631
1.9999346805349687;449.70990492875984;-192.56395970557193
0.0
64.0740313856863;-15.423665950552941;-2522.6717612264542
73.25071897467858;42944.54670751353;1933.3038098231575
1.9999670238295348;448.59258860448335;-192.46489354318678
0.0
63.925147517196194;-15.377983164790901;-2522.9469975160137
73.25084919215992;42914.498812152015;1931.9062331929647
1.999829766490773;448.5929431856908;-192.4602511529064
0.0
64.1539858255161;-15.42265617684753;-2523.4275534215026
73.25062830338234;42946.67207589882;1933.4220506998497
1.9998371434646058;448.49938050619016;-192.45170543660697
0.0
64.17942841358995;-15.422915066648397;-2526.12239163983
73.25067801854793;42944.800462445346;1933.4557586842095
1.9998098795746393;448.51886594681866;-192.4254049443665
0.0
63.92200228472264;-15.36186902606909;-2536.3799325491314
73.25302594422469;42885.79827105626;1930.9825191887192
1.999420854192755;449.76305238211046;-192.35509338308063
0.0
63.92200228472264;-15.36186902606909;-2536.3799325491314
73.25302594422469;42885.79827105626;1930.9825191887192
1.999420854192755;449.76305238211046;-192.35509338308063
0.0
63.92200228472264;-15.36186902606909;-2536.3799325491314
73.25302594422469;42885.79827105626;1930.9825191887192
1.999420854192755;449.76305238211046;-192.35509338308063
0.0
63.9308563944223;-15.373552271994516;-2539.8084475995793
73.25183238195672;42890.23495291322;1931.2749180276796
1.9994152421048412;449.7525921864073;-192.32179052954243
0.0
63.92952105687313;-15.362368980269425;-2539.3476418562173
73.25197028128761;42884.673408867755;1931.0406669833808
1.9994128957417892;449.7552491535557;-192.31810796458177
0.0
71.06046982071952;-15.548308175362466;-2488.2786934273463
73.24808165085209;43077.32379102492;1939.5399488635765
1.9999517836450542;442.7498628189993;-192.29719977878378
0.0
63.94411117191057;-15.366443212214147;-2542.1990517642025
73.25186016934659;42888.219639609335;1931.324428665954
1.9993824666501905;449.7584310996407;-192.2721238646176
0.0
63.981389646322945;-15.358559038648607;-2549.442803952792
73.2514903571738;42891.96029381072;1932.0036368074288
1.9996376221200973;449.4272350438386;-192.09986341882353
0.0
77.07005789094127;-15.669229724660882;-2499.5547112233926
73.24721771658433;43103.12733416116;1941.175296629408
1.9996370825944592;442.5173873810228;-192.05563565587315
0.0
63.521383515295604;-15.303745536879042;-2518.507742651841
73.28331345420918;42861.59262869105;1929.0613319039735
1.9998633957376346;449.81074204515227;-192.55203217019985
0.0
63.93468454220688;-15.377283095659587;-2524.511793935267
73.25093136889643;42913.85708526198;1931.9474169304192
1.99988168357955;448.61299159037526;-192.43391079876287
0.0
63.936196345173784;-15.37556296766193;-2524.9321001217854
73.25094451949455;42913.321034057146;1931.9448424360223
1.9998724164293487;448.6188414721862;-192.42598213846594
0.0
63.955877565005615;-15.378174855601726;-2541.5975360037937
73.2517986327628;42895.62204368269;1931.769246115097
1.9997673767860034;449.7947305543356;-192.24159145584753
0.0
63.90745425406256;-15.415144436219313;-2509.9390455398348
73.25085118351448;42938.033057217646;1932.5196042490668
1.9998065252984032;448.632381340557;-192.64307125278376
0.0
63.91451383863386;-15.419690628413202;-2515.47435045482
73.25084201900886;42938.889630516765;1932.7712659590916
1.999818028671355;448.6238439103879;-192.57219276328675
0.0
63.914786055306486;-15.41942787484797;-2515.6612456827256
73.25082839051471;42938.72334691689;1932.7715612821678
1.9998298638204088;448.62025154463504;-192.56947272439413
0.0
63.91731965863169;-15.419907115211029;-2516.045288625394
73.25082171525484;42938.46454809931;1932.7759865667306
1.999817056277809;448.6156839809508;-192.56629489963666
0.0
63.91572709938405;-15.419280657233998;-2516.173929498579
73.25079356228709;42938.477452301195;1932.7793583718083
1.999867679249083;448.60275007466083;-192.56271502369302
0.0
63.91652824647782;-15.419014915559739;-2516.508448839834
73.25078170270913;42938.271008866206;1932.7825089544142
1.9998865080997785;448.5984864643804;-192.55826011974528
0.0
63.910747268342334;-15.414431692780504;-2519.7808384428185
73.25085295476667;42933.51077967746;1932.608300037917
1.999993565273284;448.57778779061726;-192.52951940986924
0.0
63.91601147180697;-15.416801766327149;-2520.329627219107
73.25084531554634;42936.11796628698;1932.7876341189535
1.9998906464856359;448.5637651093796;-192.51537943308685
0.0
63.88597636972209;-15.361325354972521;-2517.904163898139
73.25980548846395;42910.92525027503;1931.5345764851252
1.9996031115662214;448.6375591128922;-192.49935326045963
0.0
63.91985211997646;-15.383264566864343;-2520.885339472105
73.25087864383642;42917.07093914364;1931.9359373553857
1.9997274693009444;448.6099116473438;-192.4931970819949
0.0
64.09800574431286;-15.422467986852165;-2523.016091976916
73.25069185520351;42945.71691875365;1933.3655998355114
1.9998248804904795;448.5233120306359;-192.45995208166465
0.0
64.13198863793549;-15.421902232762793;-2524.3097822237723
73.25064777333348;42946.90816751243;1933.4646518165273
1.9998246616434536;448.5073316270071;-192.44082383762898
0.0
64.13198863793549;-15.421902232762793;-2524.3097822237723
73.25064777333348;42946.90816751243;1933.4646518165273
1.9998246616434536;448.5073316270071;-192.44082383762898
0.0
64.13198863793549;-15.421902232762793;-2524.3097822237723
73.25064777333348;42946.90816751243;1933.4646518165273
1.9998246616434536;448.5073316270071;-192.44082383762898
0.0
66.97026322164723;-15.472649059316204;-2499.1076283580805
73.25062897759564;43009.706893748385;1936.8606519255857
1.9997472567911028;445.53914931592146;-192.34624698913896
0.0
71.46954255131605;-15.55637844064347;-2490.6659626078194
73.24887406225459;43064.14987810027;1939.0287699038731
1.999856877179596;444.02443286779203;-192.31177270786353
0.0
71.2525949503418;-15.547281388499027;-2492.3159032319345
73.24936272744563;43063.09527690649;1939.0766568063814
1.9996853597813609;444.23970166843355;-192.27375714445583
0.0
70.12631740824139;-15.527317931229229;-2492.2639229681495
73.24899453510686;43062.20040888905;1939.2439474299952
1.9999273054207294;443.25599305160404;-192.23859967297025
0.0
63.964475970764845;-15.391048953771142;-2543.9889363024918
73.25194633908534;42905.55421101982;1932.244889096605
1.999257534813422;449.9025216779745;-192.23447049849972
0.0
63.85886820502956;-15.35720603390922;-2546.6677236611895
73.26109600796178;42895.48149008788;1932.0240452195674
1.9991129232768587;449.6835260828841;-192.13224507423953
0.0
63.501414561824866;-15.305175052457411;-2516.956953373721
73.28444232218568;42863.39546190146;1929.0729819023038
1.999816120753969;449.7408787169936;-192.5744559764122
0.0
63.92161838299289;-15.395897622457667;-2521.3922291796885
73.25086746162822;42922.867034023104;1932.1977493200286
1.9999470280030596;448.5753825546604;-192.4958515447607
0.0
63.932384884603294;-15.37937061623467;-2524.0659664476216
73.2509528397404;42914.9258994482;1931.9747344581037
1.9998787172225154;448.62394724830153;-192.44221453585007
0.0
63.90353707080984;-15.369347846076819;-2530.6284662009098
73.26014443385478;42897.0674113225;1931.304703262476
1.9999993477839848;449.31574986104124;-192.41013869183777
0.0
63.53081701326123;-15.332819694797726;-2513.01228981793
73.28514226097069;42876.31028380189;1929.4879854138385
1.9992989062464273;449.75440410925313;-192.6480920754473
0.0
63.918044461512466;-15.420331215593723;-2516.0729261028955
73.25078482206676;42939.06875826876;1932.8032110427753
1.999929703044639;448.59731557022394;-192.56448420863217
0.0
63.91741422798134;-15.419026166882889;-2516.3453933116507
73.25079372631072;42938.58059508288;1932.7959558844168
1.99986456932938;448.6012712725261;-192.55891927140442
0.0
63.917712115754725;-15.419040378133616;-2516.3529980756803
73.25079351538137;42938.58018244404;1932.796029032083
1.9998632492136956;448.6015918550615;-192.55888760823774
0.0
63.91836473466704;-15.419279990074125;-2516.5454714981656
73.2507918695812;42938.6520169014;1932.8066615828482
1.9998636587697656;448.60109618248305;-192.5564812288671
0.0
63.912159335693005;-15.418182218480002;-2520.2801915052437
73.25085814559417;42935.09311031233;1932.6956636344457
1.9999971779363261;448.5835345484032;-192.52615628219925
0.0
63.917812992564315;-15.417996644431193;-2520.2855241126317
73.25085275341151;42936.710719687944;1932.81636899306
1.9998863594016405;448.5585357232425;-192.51465623038283
0.0
63.918033604699254;-15.418162649029824;-2520.348592043663
73.25085111408718;42936.94723657654;1932.8287979586514
1.9998532178047785;448.5866384834294;-192.51428939602934
0.0
63.922630435661134;-15.400118406028799;-2521.3637877555034
73.25087821282882;42925.47164262885;1932.3177558372488
1.9998548096295803;448.57960257745566;-192.49670149378252
0.0
63.92018920451831;-15.383781884754193;-2520.442830793341
73.25089134710888;42918.29682341528;1931.988106901069
1.99975566689954;448.6185056491225;-192.49515139960704
0.0
63.92018920451831;-15.383781884754193;-2520.442830793341
73.25089134710888;42918.29682341528;1931.988106901069
1.99975566689954;448.6185056491225;-192.49515139960704
0.0
63.92018920451831;-15.383781884754193;-2520.442830793341
73.25089134710888;42918.29682341528;1931.988106901069
1.99975566689954;448.6185056491225;-192.49515139960704
0.0
64.03581819522152;-15.420621936771022;-2523.0233838639915
73.25072548882613;42946.07956781853;1933.3831547695863
1.999760247056686;448.51059847475705;-192.4600149027185
0.0
64.25479109897287;-15.424261564799584;-2524.363745783079
73.25065186389264;42946.95599197152;1933.46897408946
1.9998313101496081;448.5050357978973;-192.44042498303162
0.0
63.90037696444246;-15.405652134796693;-2515.630864477516
73.25107595069127;42925.212683337326;1932.117222655981
1.9998325644522565;448.99481499461837;-192.58737820043726
0.0
63.917789609525414;-15.419276114731845;-2516.4313257113945
73.2507933519104;42938.81709101314;1932.8122959494258
1.999863142949074;448.60146268343465;-192.5572814911938
0.0
63.9183784406607;-15.41934051652025;-2516.571926875083
73.2507923975802;42938.74832055968;1932.8127190070913
1.9998614291188106;448.601544122298;-192.5560167278754
0.0
63.909322977706005;-15.411030598596097;-2519.481006453976
73.25100430818728;42933.11098115658;1932.6121181610401
1.999907470298596;448.57069312820596;-192.5233263961003
0.0
64.04677034761683;-15.420205449508739;-2523.155246828305
73.25072295960305;42948.89459790534;1933.5011118240266
1.9998169950548268;448.5434429216863;-192.4603274186081
0.0
64.07992849405595;-15.420706761920433;-2525.143623456041
73.25068220944806;42947.04325027574;1933.5119454500305
1.999820977888612;448.52467781442783;-192.43192851954674
0.0
64.1042029189628;-15.421244632987742;-2526.4406804889636
73.2506612827198;42947.55842915789;1933.5849345121726
1.9998093404023485;448.5091465553636;-192.41645853568448
0.0
63.91628129757739;-15.41944671449102;-2515.7506375370635
73.25079290474815;42942.147320813005;1932.9232579857346
1.9998987183462247;448.6161297835423;-192.569459831035
0.0
63.91862985443538;-15.420229820750361;-2516.382899147715
73.25079512838475;42939.555434282134;1932.8445088338308
1.9998655945345487;448.6020935223231;-192.55848608638098
0.0
63.918663622589065;-15.42016433454748;-2516.551489440155
73.25080205371991;42939.1916650187;1932.8335194101883
1.9998364636065806;448.6103082417333;-192.5562773772883
0.0
63.918766702004014;-15.420323964039;-2516.8972068352714
73.25079595387156;42939.41440460667;1932.8568615358104
1.9998360602207434;448.6203279935465;-192.55232089565087
0.0
63.93944175253901;-15.399845029659994;-2523.526210703939
73.25121634635245;42928.966853433194;1932.5603557676636
1.9992189682038608;448.71586062040814;-192.45598101384638
0.0
64.08741882270694;-15.421046629390965;-2523.3580102370524
73.2506861782251;42949.86129746358;1933.5289386580912
1.999807293000425;448.5193427922117;-192.446088797402
0.0
63.923048636217125;-15.4187922011513;-2519.828805299251
73.25100698355847;42938.915050818316;1932.9316355276464
1.9998569242571702;448.7185771486564;-192.51924898732295
0.0
63.98819642149107;-15.419178114177827;-2524.715293799379
73.25070887069319;42948.701486950406;1933.5585293317931
1.9998152066889876;448.56042856152294;-192.44070472017134
0.0
63.918300421984966;-15.420111894567444;-2516.515141324558
73.25080862150647;42939.711934331535;1932.8551236213211
1.9998274380594612;448.6137501562236;-192.55751917904738
0.0
63.918300421984966;-15.420111894567444;-2516.515141324558
73.25080862150647;42939.711934331535;1932.8551236213211
1.9998274380594612;448.6137501562236;-192.55751917904738
0.0
63.918300421984966;-15.420111894567444;-2516.515141324558
73.25080862150647;42939.711934331535;1932.8551236213211
1.9998274380594612;448.6137501562236;-192.55751917904738
0.0
63.92926921933725;-15.42071141034189;-2516.3156215167282
73.25080665603666;42950.758912832214;1933.456245351386
1.9998501593512177;448.59531427615735;-192.53591625807545
0.0
63.852017711848205;-15.385669619714264;-2513.1268972768225
73.26130856127621;42938.55020465473;1932.943988810748
1.99952542478442;448.8083681609351;-192.50082295296755
0.0
64.11138896932543;-15.421540791052344;-2524.7693210752177
73.25071295243943;42948.74926324991;1933.5628483212918
1.9998218658191442;448.5581319300658;-192.4403061697503
0.0
64.204861911889;-15.424041188419213;-2524.6172228699593
73.2507123565065;42951.52074570997;1933.6683382140666
1.9997094484588511;448.49733053048465;-192.43178476647222
0.0
63.96424259065197;-15.409550592075842;-2532.893903225994
73.25123355078819;42935.60606425674;1933.1764004888093
1.9985565109326193;449.0319548638913;-192.33738486383862
0.0
63.93113781413594;-15.419829939316612;-2517.212928428468
73.25080958188109;42941.041875849754;1932.9338327329326
1.9998513891607854;448.62011502404414;-192.54629521600617
0.0
63.80242552117526;-15.394540825882514;-2510.1965449100185
73.26863319441561;42948.93994053461;1933.2825628194685
1.9997591726292823;448.75464898877215;-192.52620262203484
0.0
63.93492762669749;-15.42069285561224;-2522.3245943261854
73.25556806516447;42948.60201864896;1933.4853672488607
1.9995617086596693;448.5949511575739;-192.45833554028206
0.0
63.969935550208106;-15.42089267123869;-2521.7570879957243
73.25339394851851;42950.373492930165;1933.585180419149
1.9994978724567078;448.570604526991;-192.4551004068921
0.0
64.39992537737028;-15.41476748103998;-2529.7311177807824
73.2508470398138;42945.465876705835;1933.670326393588
1.9996558621600968;448.4766900628805;-192.36569617075267
0.0
64.275356196597;-15.424832968875144;-2511.730257186957
73.25085345187429;42960.337875898986;1933.7822457275095
1.9998318290607404;448.46332540756146;-192.57246313892728
0.0
64.28719183101225;-15.424735408193245;-2521.3410724304485
73.25302164691396;42965.93033520011;1934.3447977322373
1.9991695393380013;448.6933659467204;-192.46194661510913
0.0
63.43427569571769;-15.290291635419946;-2507.532734802613
73.29016132866968;42860.306480157815;1928.5689854978423
1.9991707453070973;449.7758609641982;-192.6741906599492
0.0
63.911356962682454;-15.409618615532882;-2513.147058393714
73.2507788421123;42937.38439940714;1932.6578781127816
1.999876096737478;448.63715882119453;-192.58432928879793
0.0
63.91436534478248;-15.414903305440742;-2516.123822291869
73.25078249032191;42934.997866455196;1932.5823700540082
1.99996193410635;448.5918633126523;-192.56867047950067
0.0
63.918198113698644;-15.415122267017313;-2516.9522893721473
73.25078164977461;42936.41460800084;1932.7200204241362
1.9998745894921457;448.59959750303744;-192.54878408614388
0.0
64.02156514382698;-15.416339066569117;-2520.7255990117333
73.25067600720821;42943.813894600244;1933.1848670310103
1.9997914288308904;448.5103680241333;-192.48430902783758
0.0
63.97327918992864;-15.421721534154367;-2520.20182389166
73.2505833623983;42948.2031847198;1933.35434153656
1.9998553422881253;448.47261680390534;-192.48262039379762
0.0
64.07503205025785;-15.42111339416647;-2521.655821440927
73.25062118518517;42943.672038759825;1933.2134377793386
1.9998302178997527;448.4932673137352;-192.4791734981193
0.0
63.932068280502364;-15.363030819207072;-2523.0441534765177
73.25082746991144;42908.0443288413;1931.5969317481918
1.9996608111202498;448.57302417382215;-192.44613788891903
0.0
64.08656262886721;-15.417886676056892;-2524.3524240602464
73.2507181102235;42941.86853209358;1933.2691699912032
1.9994503977015619;448.6363659426766;-192.43383513899732
0.0
63.91644785468639;-15.335998614258001;-2534.955028168664
73.25217363446356;42872.40641548873;1930.3169622394912
1.9990675951364267;449.84934495712713;-192.36102812838536
0.0
67.67305629854106;-15.479098751015297;-2493.8131671682663
73.25013598604131;43023.69329948547;1937.345162805712
1.9999456591882159;445.0169979594224;-192.3598280696051
0.0
71.33145325262521;-15.550438073518382;-2486.1192544963346
73.24865493640544;43063.11623656205;1938.810954841503
1.9999052182247428;443.83863353953603;-192.34406523911775
0.0
71.52098647480257;-15.55656254140696;-2489.6657892454396
73.24842687358105;43071.720783506724;1939.407816108263
1.9996174289119575;443.4907605188758;-192.2891296740601
0.0
71.18033958312218;-15.54905845004873;-2488.781924879685
73.24799487443637;43079.85096026738;1939.755608522126
1.9998291849963052;442.68799375170954;-192.27524854697165
0.0
63.91197639997092;-15.413143419056462;-2514.681744082259
73.25080889058454;42935.18353262591;1932.5622033073407
1.9999534604080782;448.65888629817044;-192.58334172467164
0.0
63.95683663603765;-15.420116460449577;-2518.5092512464776
73.25075885564449;42939.02697569256;1932.8926730724809
1.9999015597606566;448.61191679962496;-192.5332307683301
0.0
63.9232144113515;-15.413672634110831;-2518.0720246807123
73.25076643986687;42938.20734942727;1932.8927432809367
1.9999314311602576;448.60231653307216;-192.5212644146233
0.0
63.93346724212893;-15.356274094988892;-2523.4223697820803
73.25091171891128;42904.78514345484;1931.522092198823
1.9996817732344727;448.62258836803795;-192.43098724320967
0.0
63.92558895554573;-15.338285113232779;-2533.2104933181063
73.25182866562191;42883.23970710164;1930.8384013710663
1.9995088875973865;449.8224405057535;-192.3487687376904
0.0
63.93884101743661;-15.3311525748036;-2535.593307781712
73.25185647143623;42881.20780531657;1930.88695368214
1.9994761237663412;449.8282836238351;-192.29915036524855
0.0
63.898311371153234;-15.343147679478067;-2532.1960549650157
73.26081927922095;42874.35081191862;1930.1578169731902
1.9997764012073398;449.87267378724187;-192.4278746349799
0.0
63.982349038811066;-15.318402564959646;-2546.74965417853
73.25154889484601;42874.92320092161;1931.168632084618
1.9996917204324722;449.4288242547402;-192.09674677821002
0.0
63.918309345606495;-15.415672987363598;-2517.017292308341
73.25078341154969;42936.648657136364;1932.7325632911713
1.9998687280919103;448.6008064527745;-192.54839812864358
0.0
63.94929575667051;-15.419795736105767;-2518.4287714526067
73.25077113354035;42939.27342119372;1932.9124843829873
1.9998501864171099;448.6295942552755;-192.52962442437484
0.0
63.91622158603752;-15.411943567951843;-2519.3670822700465
73.25083520689442;42933.71494479369;1932.6429536761607
1.9999929081787209;448.55561775746156;-192.5234715748203
0.0
63.92753880254831;-15.416668305914984;-2518.830539853574
73.2507598482542;42939.61994966061;1932.987676219058
1.9998535476783894;448.58599763682207;-192.51086769725757
0.0
63.92800521865653;-15.416947796566742;-2519.1833682902693
73.2507834032181;42939.037607152044;1932.9659391668922
1.9997942805141622;448.6031270814133;-192.50978446534558
0.0
63.96023989383445;-15.421091957800401;-2519.190671521458
73.25059037121717;42949.90306995365;1933.3828010989473
1.9998248917180164;448.46241453966013;-192.48910935156886
0.0
64.02684157789254;-15.422895776824472;-2520.724963817743
73.25064346228605;42948.191973735724;1933.3807803625173
1.9997930870340896;448.50192919365435;-192.48018275443516
0.0
64.16298434927317;-15.398513586825732;-2532.358924788433
73.25148794879605;42908.63415438145;1931.8147705218432
1.9989388716692822;449.4546346217931;-192.41237662241898
0.0
71.10226914468778;-15.502829717299264;-2481.0274193165296
73.24843158248954;43122.48212246128;1942.595459595718
1.9995872920946223;443.14967599039693;-192.03943545345794
0.0
63.961603879635106;-15.420181029635803;-2519.3631800543235
73.25076098432525;42939.920468155135;1932.9721384700147
1.9999100858097785;448.6212058561772;-192.52092045245007
0.0
63.916047807302995;-15.367787665546558;-2519.352920944255
73.25086928458485;42910.756627630675;1931.6093961388162
1.9998083539530338;448.613489284542;-192.49971974787738
0.0
63.9221597146821;-15.381179490548258;-2521.331139224498
73.25085709183097;42916.00357691732;1931.9086557694116
1.9998847570283707;448.59895871986146;-192.4849051646149
0.0
64.09205818963707;-15.42118870527842;-2520.811101260181
73.25066156801891;42947.93447805729;1933.3666854129763
1.9998467109051263;448.50790085524443;-192.48033216871855
0.0
64.0644850045723;-15.420636030900946;-2522.6423395846427
73.25071142951144;42943.84695204223;1933.2814012875583
1.9998326186404216;448.54702595830696;-192.4678839125927
0.0
63.98351609943072;-15.409122816825889;-2520.774186033328
73.25066874979669;42944.16350026533;1933.2398619560265
1.999925661760442;448.4866174029206;-192.455703346171
0.0
64.12634876028658;-15.420470698681239;-2523.269618731567
73.25065552234437;42946.00966194054;1933.389650712325
1.999828379698352;448.5076542679817;-192.45548229611262
0.0
64.13201254092903;-15.42190000230286;-2524.0065671095176
73.25064458859201;42946.85346432986;1933.4506623434381
1.999817969662256;448.50646936442615;-192.44476853087966
0.0
63.96816568887811;-15.329134261316934;-2541.6635478813855
73.25159192924023;42882.32700126037;1931.2738017538666
1.9995226943832611;449.4610422319305;-192.17142202782426
0.0
63.89073776297867;-15.355596834325322;-2530.6834376109773
73.25947832874941;42883.90307893209;1930.662150143859
1.9999387468318761;449.6696628693617;-192.4260433994178
0.0
63.94248486667615;-15.371077431071004;-2525.20354987048
73.2510657731927;42910.130015714865;1931.8127995837558
1.9998395390944794;448.6756826229633;-192.4164498039154
0.0
63.91270382738539;-15.417985661704675;-2515.5745188567817
73.2508554041719;42938.36307313952;1932.7587294606794
1.99987455288719;448.63140889616045;-192.5714855078668
0.0
63.91779307687685;-15.418189810122739;-2516.365187504076
73.25078858271252;42938.20428863379;1932.7808357989393
1.9998711101789561;448.5984759485328;-192.5578518640057
0.0
63.91987653485079;-15.417725708488963;-2517.853106760129
73.25078474116198;42937.92437288355;1932.824544962764
1.9999275595549164;448.5917993944123;-192.53815134750553
0.0
63.92420750825591;-15.417881867030768;-2518.0439980397005
73.25077993955911;42940.80667379904;1933.0125487867017
1.99981647970309;448.59726210594295;-192.5220881718928
0.0
63.91678867498193;-15.396103450195355;-2519.6768685018737
73.25086490273814;42923.59022100015;1932.1632912485436
1.9999631928047577;448.58970534819997;-192.5187269654688
0.0
63.91677367010675;-15.375256903754314;-2520.046727636451
73.25087444705635;42913.81303581137;1931.7548278629479
1.9998960000363217;448.5960332851301;-192.49907458819794
0.0
64.19262768867432;-15.423538889421453;-2520.6120544159257
73.2506460768698;42949.16858338185;1933.4182750516536
1.9997293636149769;448.46756437453496;-192.48327348742077
0.0
64.14154957801051;-15.422592486003792;-2521.7887687795987
73.25068496350177;42948.624387075266;1933.4413333909565
1.9997235713375046;448.480829195279;-192.4683731519135
0.0
63.992778944444716;-15.410134241203982;-2521.2308026259634
73.25068807041008;42945.95217897708;1933.3095421463
1.9999869078457728;448.46357847563877;-192.44714015843022
0.0
64.17703558265308;-15.404732431243806;-2530.401098197233
73.25154563568066;42911.06183305533;1931.9040534671697
1.9987808064447523;449.4633146925735;-192.4276784628978
0.0
64.49134654950365;-15.400857055547684;-2531.9836674550224
73.25162665174952;42908.460931117435;1931.7831561624848
1.998926337069512;449.4600192397664;-192.42503339146828
0.0
64.25456303868205;-15.384647861467613;-2533.187434730098
73.25132257647306;42911.167328147145;1931.9756585548896
1.9995414117311805;449.36732046044693;-192.3971306486502
0.0
64.20482482111984;-15.386256120161445;-2532.6659464240297
73.25164957589001;42905.10204731311;1931.6520457196552
1.998028741902073;449.50903475112165;-192.392699892678
0.0
64.44141223118774;-15.407488585762493;-2528.100389750477
73.25082269685623;42937.086420154934;1933.2119124345788
1.9997602582497265;448.46595685676203;-192.37803076939522
0.0
63.92586962729917;-15.417967149545374;-2518.3914613819034
73.25076517289259;42942.153871725146;1933.0281604408533
1.9999211854187358;448.6269822170603;-192.52734849707628
0.0
64.1060653672796;-15.421010345884751;-2522.1218333326
73.25070714793233;42945.514796145006;1933.3322861673735
1.999829040459332;448.541580937716;-192.47044690443985
0.0
64.08464490455289;-15.420978697774823;-2522.9716035575057
73.25069243294466;42945.92914105538;1933.373143267851
1.9998116625884803;448.52454048435413;-192.46066358215535
0.0
64.19476255296492;-15.42261531845047;-2524.7211901233677
73.25064535990677;42949.36284487644;1933.5766136635038
1.9997798621160507;448.5176891340887;-192.43090772816234
0.0
63.92398903230184;-15.415666052245733;-2518.410213454434
73.25085734151351;42937.144501387666;1932.8158157877288
1.9999350584587234;448.6439162951307;-192.52666150885722
0.0
64.11000487540882;-15.422083988333606;-2522.5380598147494
73.25074910492452;42944.71335079895;1933.322547492916
1.9998792809127972;448.60223367962533;-192.45995932713564
0.0
63.95665465062213;-15.350592095416516;-2538.5604386204036
73.25178404740217;42892.0982429414;1931.5866366330915
1.9998056298889793;449.2981970118488;-192.23373797127923
0.0
63.91649598088733;-15.419266199183271;-2516.1700822962043
73.25079360382351;42938.50354004832;1932.781083398377
1.999867384025513;448.60263100588855;-192.5625871213586
0.0
63.91625313799124;-15.419202188604924;-2516.1074115442657
73.2507918866097;42938.75518602708;1932.7914889572362
1.9998757078134288;448.6020357142658;-192.5622738505228
0.0
63.9184126835507;-15.418868110756275;-2516.2794347282197
73.25079195170156;42938.52249707942;1932.790712587845
1.9998598210970433;448.6016750463149;-192.55973449116237
0.0
63.91842901076717;-15.4190449983648;-2516.3307025514055
73.25079162590342;42938.58910945361;1932.7954482018715
1.999864024887193;448.6009873153062;-192.5592297614787
0.0
63.91846718347314;-15.41905545395957;-2516.3556169151148
73.25079106055513;42938.58812781513;1932.7963617237906
1.9998670380775823;448.6003991940877;-192.55890582645623
0.0
63.93343967871459;-15.41603398735143;-2519.389053949936
73.2508733296496;42937.52991224212;1932.8319692640655
1.9997359225388398;448.58259362185794;-192.52038475840547
0.0
63.92554908059994;-15.414171189890164;-2518.497128114894
73.25086932103693;42938.339279321095;1932.9180557124716
1.9996760473724433;448.6633470905553;-192.51559236079268
0.0
63.918173805909824;-15.380658243816326;-2519.985252618952
73.25087555424287;42915.56238144729;1931.8314640016415
1.9996745244797163;448.61771547000365;-192.5038265585331
0.0
64.06444752315487;-15.420899065892321;-2522.4901584172653
73.25068817055161;42948.24074475051;1933.4361560685259
1.9998102360371117;448.521916977174;-192.46704142109286
0.0
65.22433258820253;-15.398746967955743;-2532.4770858224047
73.25187874320721;42912.0889007247;1931.922290185152
1.999301301173059;449.7583683054973;-192.4030210333059
0.0
63.91624902056359;-15.419201389790457;-2516.1085298551116
73.25079122838439;42938.75269833506;1932.7914966241406
1.999885884375682;448.6069623137846;-192.56226096841445
0.0
63.92072243300035;-15.382045546276625;-2520.647102409568
73.2508755365517;42916.720274894404;1931.9089343629996
1.9998852726879077;448.5946381138289;-192.4938222860021
0.0
63.9353035060555;-15.415763886988096;-2519.6799583093834
73.25078707524207;42940.61383359648;1933.0991494758218
1.9998556778282133;448.59611881589603;-192.48992719377813
0.0
63.93514069686107;-15.384063720037103;-2520.9593350701107
73.25087542245795;42921.619330946276;1932.1622381891139
1.9997393706606155;448.63244420059095;-192.4740287745077
0.0
63.92744923229988;-15.376019946583083;-2522.8139129087754
73.25087910957392;42914.659785120646;1931.924786540392
1.9998556429350156;448.60261453538106;-192.45528699855382
0.0
63.98131257396391;-15.371006724068414;-2540.60303009066
73.25228175335465;42906.51210563179;1932.4692017833668
1.999736821587598;449.7849941418727;-192.1861999140027
