200
4
0.0
69.03340004653947;-15.47318164457082;-2464.183625330389
73.24191986231246;42973.566964126454;1928.9275885721097
1.9996219006723543;449.59339205073206;-193.44011789882506
0.0
73.90780363054913;-15.576531302671622;-2451.1313023658054
73.23904446834065;43067.37888061409;1932.8182377184837
1.9998958363983725;446.851054781801;-193.3968821942134
0.0
79.68204127862452;-15.718183802124743;-2461.9444574635477
73.23889082766955;43088.78760069027;1934.4230903864864
1.9997391325716638;445.87226252192426;-193.16103892109805
0.0
63.56504419432825;-15.269921728105823;-2445.6978170915304
73.26234710462805;42909.51950814461;1926.1366248147247
1.9987926566485408;449.9795714953705;-193.53940779948897
0.0
63.85017326246253;-15.307238397408307;-2480.534088966079
73.24396487736522;42922.58587585345;1928.2177040773727
1.9990057771370793;449.7073272489368;-193.08471974001785
0.0
72.23461808012276;-15.553081942165464;-2442.767256179215
73.23929186279528;43061.030870325616;1932.36639537964
1.9997669546143426;447.0313378636178;-193.52540339970258
0.0
79.64390405232501;-15.709880032960648;-2462.4220897564924
73.23892036702782;43085.473199503824;1934.3131718218422
1.999497402764657;445.87774881309275;-193.14831574904628
0.0
69.03340004653947;-15.47318164457082;-2464.183625330389
73.24191986231246;42973.566964126454;1928.9275885721097
1.9996219006723543;449.59339205073206;-193.44011789882506
0.0
74.29250693578592;-15.51353728337839;-2472.0792553455044
73.24034032664025;42999.70888585574;1930.74741572575
1.999385850344204;448.0112858625307;-193.11708954983328
0.0
63.756098273717676;-15.363821370451454;-2457.325304364789
73.24396260946642;42954.1876848665;1928.467831600941
1.9995135994441746;449.7146976236937;-193.47533126113598
0.0
74.06466725134665;-15.580612629486165;-2451.4067191792246
73.23901852562035;43068.07904556963;1933.1078049438381
1.9997102258782906;446.91109682985996;-193.3619684727076
0.0
72.74104206474784;-15.549974356777254;-2451.992128555054
73.23915357669546;43063.31624941516;1932.9957878919608
1.9995882664750741;446.96492920411214;-193.36099045302618
0.0
63.83291400696773;-15.34007883730371;-2474.4196474846003
73.24382452577987;42937.4739969999;1928.5055578428478
1.9994891039746974;449.5978460808725;-193.20273889982977
0.0
73.83920937550701;-15.550222252757889;-2468.0266162958505
73.23996765778692;43027.832178008975;1931.9038245096913
1.9994763059468235;447.94883297009864;-193.1986273405765
0.0
63.64838982985121;-15.28262206461992;-2458.1680330235895
73.25656502526641;42909.04913581272;1926.6513631260084
1.998991911059074;449.9649796658928;-193.38719186427429
0.0
73.90780363054913;-15.576531302671622;-2451.1313023658054
73.23904446834065;43067.37888061409;1932.8182377184837
1.9998958363983725;446.851054781801;-193.3968821942134
0.0
63.78258695555666;-15.346751070957332;-2464.6718456202257
73.24368931250592;42947.20419618521;1928.4840576622876
1.999300783581039;449.8463920660509;-193.34541710727757
0.0
63.69093996822278;-15.305576195531543;-2461.4374781994998
73.25194635481802;42914.650286745506;1927.0066454778298
1.9988283828807272;449.96317090350794;-193.3804534815757
0.0
73.68863612538222;-15.504655901633813;-2471.6353095642257
73.24008969791613;43003.44693722623;1930.9228302061445
1.999279058726503;448.08898070702213;-193.14040230456567
0.0
73.78732969355367;-15.50271330681987;-2473.1419014600488
73.24035471546081;42994.36528397357;1930.5210314766446
1.9994648773592996;447.99515291062465;-193.1228185054171
0.0
73.1866897944301;-15.56187319843229;-2456.4174181374487
73.23923136069135;43059.53544050421;1933.0021444481072
1.999704764875449;446.91869835336064;-193.28313171098227
0.0
74.29250693578592;-15.51353728337839;-2472.0792553455044
73.24034032664025;42999.70888585574;1930.74741572575
1.999385850344204;448.0112858625307;-193.11708954983328
0.0
73.44613299743847;-15.560753057595951;-2456.4832449437567
73.23918558768695;43060.3298357677;1933.0852119400267
1.999771011320243;446.88893168600765;-193.26147415580633
0.0
63.75361674832879;-15.335195774080196;-2462.6044310551265
73.24470200313839;42924.92509342187;1927.346467621026
1.9989186069707319;449.97629157196417;-193.42526389564836
0.0
63.70871823742342;-15.309532985063909;-2462.7609753906004
73.25042473542472;42915.267210791775;1927.09038090474
1.998779898089191;449.99011524597;-193.3682605762621
0.0
73.1866897944301;-15.56187319843229;-2456.4174181374487
73.23923136069135;43059.53544050421;1933.0021444481072
1.999704764875449;446.91869835336064;-193.28313171098227
0.0
74.06466725134665;-15.580612629486165;-2451.4067191792246
73.23901852562035;43068.07904556963;1933.1078049438381
1.9997102258782906;446.91109682985996;-193.3619684727076
0.0
63.709023160352395;-15.309082707065713;-2463.12545744927
73.25045457438435;42915.119133610475;1927.0997015513542
1.9987705466487569;449.9915545086073;-193.3628168652926
0.0
79.64723315619003;-15.709979447101114;-2462.482209658633
73.23892325217516;43085.14800164851;1934.2946592541039
1.9995236830408216;445.9678529089292;-193.14962834640494
0.0
63.70878854424739;-15.308980620038463;-2463.061829251513
73.25046279070219;42915.05935815295;1927.0948587501425
1.9987736336829427;449.9912787322847;-193.36365407970743
0.0
63.70551955799754;-15.308340464699445;-2462.589838959059
73.25071019160043;42915.0372117007;1927.079558116065
1.998781468410361;449.9943493504135;-193.3684110109224
0.0
63.70575429561725;-15.308442544800274;-2462.6534523585956
73.25070197594806;42915.0969766429;1927.0843998445873
1.9987783817648659;449.9946252493469;-193.36757396003458
0.0
63.709023160352395;-15.309082707065713;-2463.12545744927
73.25045457438435;42915.119133610475;1927.0997015513542
1.9987705466487569;449.9915545086073;-193.3628168652926
0.0
69.03340004653947;-15.47318164457082;-2464.183625330389
73.24191986231246;42973.566964126454;1928.9275885721097
1.9996219006723543;449.59339205073206;-193.44011789882506
0.0
69.03340004653947;-15.47318164457082;-2464.183625330389
73.24191986231246;42973.566964126454;1928.9275885721097
1.9996219006723543;449.59339205073206;-193.44011789882506
0.0
69.03340004653947;-15.47318164457082;-2464.183625330389
73.24191986231246;42973.566964126454;1928.9275885721097
1.9996219006723543;449.59339205073206;-193.44011789882506
0.0
69.03340004653947;-15.47318164457082;-2464.183625330389
73.24191986231246;42973.566964126454;1928.9275885721097
1.9996219006723543;449.59339205073206;-193.44011789882506
0.0
69.03340004653947;-15.47318164457082;-2464.183625330389
73.24191986231246;42973.566964126454;1928.9275885721097
1.9996219006723543;449.59339205073206;-193.44011789882506
0.0
69.03340004653947;-15.47318164457082;-2464.183625330389
73.24191986231246;42973.566964126454;1928.9275885721097
1.9996219006723543;449.59339205073206;-193.44011789882506
0.0
69.03340004653947;-15.47318164457082;-2464.183625330389
73.24191986231246;42973.566964126454;1928.9275885721097
1.9996219006723543;449.59339205073206;-193.44011789882506
0.0
69.03340004653947;-15.47318164457082;-2464.183625330389
73.24191986231246;42973.566964126454;1928.9275885721097
1.9996219006723543;449.59339205073206;-193.44011789882506
0.0
69.03340004653947;-15.47318164457082;-2464.183625330389
73.24191986231246;42973.566964126454;1928.9275885721097
1.9996219006723543;449.59339205073206;-193.44011789882506
0.0
69.03340004653947;-15.47318164457082;-2464.183625330389
73.24191986231246;42973.566964126454;1928.9275885721097
1.9996219006723543;449.59339205073206;-193.44011789882506
0.0
69.03340004653947;-15.47318164457082;-2464.183625330389
73.24191986231246;42973.566964126454;1928.9275885721097
1.9996219006723543;449.59339205073206;-193.44011789882506
0.0
69.03340004653947;-15.47318164457082;-2464.183625330389
73.24191986231246;42973.566964126454;1928.9275885721097
1.9996219006723543;449.59339205073206;-193.44011789882506
0.0
69.03340004653947;-15.47318164457082;-2464.183625330389
73.24191986231246;42973.566964126454;1928.9275885721097
1.9996219006723543;449.59339205073206;-193.44011789882506
0.0
69.03340004653947;-15.47318164457082;-2464.183625330389
73.24191986231246;42973.566964126454;1928.9275885721097
1.9996219006723543;449.59339205073206;-193.44011789882506
0.0
69.03340004653947;-15.47318164457082;-2464.183625330389
73.24191986231246;42973.566964126454;1928.9275885721097
1.9996219006723543;449.59339205073206;-193.44011789882506
0.0
69.03340004653947;-15.47318164457082;-2464.183625330389
73.24191986231246;42973.566964126454;1928.9275885721097
1.9996219006723543;449.59339205073206;-193.44011789882506
0.0
69.03340004653947;-15.47318164457082;-2464.183625330389
73.24191986231246;42973.566964126454;1928.9275885721097
1.9996219006723543;449.59339205073206;-193.44011789882506
0.0
69.03340004653947;-15.47318164457082;-2464.183625330389
73.24191986231246;42973.566964126454;1928.9275885721097
1.9996219006723543;449.59339205073206;-193.44011789882506
0.0
69.03340004653947;-15.47318164457082;-2464.183625330389
73.24191986231246;42973.566964126454;1928.9275885721097
1.9996219006723543;449.59339205073206;-193.44011789882506
0.0
69.03340004653947;-15.47318164457082;-2464.183625330389
73.24191986231246;42973.566964126454;1928.9275885721097
1.9996219006723543;449.59339205073206;-193.44011789882506
0.0
69.03340004653947;-15.47318164457082;-2464.183625330389
73.24191986231246;42973.566964126454;1928.9275885721097
1.9996219006723543;449.59339205073206;-193.44011789882506
0.0
69.03340004653947;-15.47318164457082;-2464.183625330389
73.24191986231246;42973.566964126454;1928.9275885721097
1.9996219006723543;449.59339205073206;-193.44011789882506
0.0
69.03340004653947;-15.47318164457082;-2464.183625330389
73.24191986231246;42973.566964126454;1928.9275885721097
1.9996219006723543;449.59339205073206;-193.44011789882506
0.0
69.03340004653947;-15.47318164457082;-2464.183625330389
73.24191986231246;42973.566964126454;1928.9275885721097
1.9996219006723543;449.59339205073206;-193.44011789882506
0.0
69.03340004653947;-15.47318164457082;-2464.183625330389
73.24191986231246;42973.566964126454;1928.9275885721097
1.9996219006723543;449.59339205073206;-193.44011789882506
0.0
69.03340004653947;-15.47318164457082;-2464.183625330389
73.24191986231246;42973.566964126454;1928.9275885721097
1.9996219006723543;449.59339205073206;-193.44011789882506
0.0
69.03340004653947;-15.47318164457082;-2464.183625330389
73.24191986231246;42973.566964126454;1928.9275885721097
1.9996219006723543;449.59339205073206;-193.44011789882506
0.0
69.03340004653947;-15.47318164457082;-2464.183625330389
73.24191986231246;42973.566964126454;1928.9275885721097
1.9996219006723543;449.59339205073206;-193.44011789882506
0.0
69.03340004653947;-15.47318164457082;-2464.183625330389
73.24191986231246;42973.566964126454;1928.9275885721097
1.9996219006723543;449.59339205073206;-193.44011789882506
0.0
69.03340004653947;-15.47318164457082;-2464.183625330389
73.24191986231246;42973.566964126454;1928.9275885721097
1.9996219006723543;449.59339205073206;-193.44011789882506
0.0
69.03340004653947;-15.47318164457082;-2464.183625330389
73.24191986231246;42973.566964126454;1928.9275885721097
1.9996219006723543;449.59339205073206;-193.44011789882506
0.0
69.03340004653947;-15.47318164457082;-2464.183625330389
73.24191986231246;42973.566964126454;1928.9275885721097
1.9996219006723543;449.59339205073206;-193.44011789882506
0.0
69.03340004653947;-15.47318164457082;-2464.183625330389
73.24191986231246;42973.566964126454;1928.9275885721097
1.9996219006723543;449.59339205073206;-193.44011789882506
0.0
69.03340004653947;-15.47318164457082;-2464.183625330389
73.24191986231246;42973.566964126454;1928.9275885721097
1.9996219006723543;449.59339205073206;-193.44011789882506
0.0
69.03340004653947;-15.47318164457082;-2464.183625330389
73.24191986231246;42973.566964126454;1928.9275885721097
1.9996219006723543;449.59339205073206;-193.44011789882506
0.0
69.03340004653947;-15.47318164457082;-2464.183625330389
73.24191986231246;42973.566964126454;1928.9275885721097
1.9996219006723543;449.59339205073206;-193.44011789882506
0.0
69.03340004653947;-15.47318164457082;-2464.183625330389
73.24191986231246;42973.566964126454;1928.9275885721097
1.9996219006723543;449.59339205073206;-193.44011789882506
0.0
69.03340004653947;-15.47318164457082;-2464.183625330389
73.24191986231246;42973.566964126454;1928.9275885721097
1.9996219006723543;449.59339205073206;-193.44011789882506
0.0
69.03340004653947;-15.47318164457082;-2464.183625330389
73.24191986231246;42973.566964126454;1928.9275885721097
1.9996219006723543;449.59339205073206;-193.44011789882506
0.0
69.03340004653947;-15.47318164457082;-2464.183625330389
73.24191986231246;42973.566964126454;1928.9275885721097
1.9996219006723543;449.59339205073206;-193.44011789882506
0.0
69.03340004653947;-15.47318164457082;-2464.183625330389
73.24191986231246;42973.566964126454;1928.9275885721097
1.9996219006723543;449.59339205073206;-193.44011789882506
0.0
69.03340004653947;-15.47318164457082;-2464.183625330389
73.24191986231246;42973.566964126454;1928.9275885721097
1.9996219006723543;449.59339205073206;-193.44011789882506
0.0
69.03340004653947;-15.47318164457082;-2464.183625330389
73.24191986231246;42973.566964126454;1928.9275885721097
1.9996219006723543;449.59339205073206;-193.44011789882506
0.0
69.03340004653947;-15.47318164457082;-2464.183625330389
73.24191986231246;42973.566964126454;1928.9275885721097
1.9996219006723543;449.59339205073206;-193.44011789882506
0.0
69.03340004653947;-15.47318164457082;-2464.183625330389
73.24191986231246;42973.566964126454;1928.9275885721097
1.9996219006723543;449.59339205073206;-193.44011789882506
0.0
69.03340004653947;-15.47318164457082;-2464.183625330389
73.24191986231246;42973.566964126454;1928.9275885721097
1.9996219006723543;449.59339205073206;-193.44011789882506
0.0
69.03340004653947;-15.47318164457082;-2464.183625330389
73.24191986231246;42973.566964126454;1928.9275885721097
1.9996219006723543;449.59339205073206;-193.44011789882506
0.0
69.03340004653947;-15.47318164457082;-2464.183625330389
73.24191986231246;42973.566964126454;1928.9275885721097
1.9996219006723543;449.59339205073206;-193.44011789882506
0.0
69.03340004653947;-15.47318164457082;-2464.183625330389
73.24191986231246;42973.566964126454;1928.9275885721097
1.9996219006723543;449.59339205073206;-193.44011789882506
0.0
69.03340004653947;-15.47318164457082;-2464.183625330389
73.24191986231246;42973.566964126454;1928.9275885721097
1.9996219006723543;449.59339205073206;-193.44011789882506
0.0
69.03340004653947;-15.47318164457082;-2464.183625330389
73.24191986231246;42973.566964126454;1928.9275885721097
1.9996219006723543;449.59339205073206;-193.44011789882506
0.0
69.03340004653947;-15.47318164457082;-2464.183625330389
73.24191986231246;42973.566964126454;1928.9275885721097
1.9996219006723543;449.59339205073206;-193.44011789882506
0.0
69.03340004653947;-15.47318164457082;-2464.183625330389
73.24191986231246;42973.566964126454;1928.9275885721097
1.9996219006723543;449.59339205073206;-193.44011789882506
0.0
69.03340004653947;-15.47318164457082;-2464.183625330389
73.24191986231246;42973.566964126454;1928.9275885721097
1.9996219006723543;449.59339205073206;-193.44011789882506
0.0
69.03340004653947;-15.47318164457082;-2464.183625330389
73.24191986231246;42973.566964126454;1928.9275885721097
1.9996219006723543;449.59339205073206;-193.44011789882506
0.0
69.03340004653947;-15.47318164457082;-2464.183625330389
73.24191986231246;42973.566964126454;1928.9275885721097
1.9996219006723543;449.59339205073206;-193.44011789882506
0.0
69.03340004653947;-15.47318164457082;-2464.183625330389
73.24191986231246;42973.566964126454;1928.9275885721097
1.9996219006723543;449.59339205073206;-193.44011789882506
0.0
69.03340004653947;-15.47318164457082;-2464.183625330389
73.24191986231246;42973.566964126454;1928.9275885721097
1.9996219006723543;449.59339205073206;-193.44011789882506
0.0
69.03340004653947;-15.47318164457082;-2464.183625330389
73.24191986231246;42973.566964126454;1928.9275885721097
1.9996219006723543;449.59339205073206;-193.44011789882506
0.0
69.03340004653947;-15.47318164457082;-2464.183625330389
73.24191986231246;42973.566964126454;1928.9275885721097
1.9996219006723543;449.59339205073206;-193.44011789882506
0.0
69.03340004653947;-15.47318164457082;-2464.183625330389
73.24191986231246;42973.566964126454;1928.9275885721097
1.9996219006723543;449.59339205073206;-193.44011789882506
0.0
69.03340004653947;-15.47318164457082;-2464.183625330389
73.24191986231246;42973.566964126454;1928.9275885721097
1.9996219006723543;449.59339205073206;-193.44011789882506
0.0
69.03340004653947;-15.47318164457082;-2464.183625330389
73.24191986231246;42973.566964126454;1928.9275885721097
1.9996219006723543;449.59339205073206;-193.44011789882506
0.0
69.03340004653947;-15.47318164457082;-2464.183625330389
73.24191986231246;42973.566964126454;1928.9275885721097
1.9996219006723543;449.59339205073206;-193.44011789882506
0.0
69.03340004653947;-15.47318164457082;-2464.183625330389
73.24191986231246;42973.566964126454;1928.9275885721097
1.9996219006723543;449.59339205073206;-193.44011789882506
0.0
69.03340004653947;-15.47318164457082;-2464.183625330389
73.24191986231246;42973.566964126454;1928.9275885721097
1.9996219006723543;449.59339205073206;-193.44011789882506
0.0
69.03340004653947;-15.47318164457082;-2464.183625330389
73.24191986231246;42973.566964126454;1928.9275885721097
1.9996219006723543;449.59339205073206;-193.44011789882506
0.0
69.03340004653947;-15.47318164457082;-2464.183625330389
73.24191986231246;42973.566964126454;1928.9275885721097
1.9996219006723543;449.59339205073206;-193.44011789882506
0.0
69.03340004653947;-15.47318164457082;-2464.183625330389
73.24191986231246;42973.566964126454;1928.9275885721097
1.9996219006723543;449.59339205073206;-193.44011789882506
0.0
69.03340004653947;-15.47318164457082;-2464.183625330389
73.24191986231246;42973.566964126454;1928.9275885721097
1.9996219006723543;449.59339205073206;-193.44011789882506
0.0
69.03340004653947;-15.47318164457082;-2464.183625330389
73.24191986231246;42973.566964126454;1928.9275885721097
1.9996219006723543;449.59339205073206;-193.44011789882506
0.0
69.03340004653947;-15.47318164457082;-2464.183625330389
73.24191986231246;42973.566964126454;1928.9275885721097
1.9996219006723543;449.59339205073206;-193.44011789882506
0.0
69.03340004653947;-15.47318164457082;-2464.183625330389
73.24191986231246;42973.566964126454;1928.9275885721097
1.9996219006723543;449.59339205073206;-193.44011789882506
0.0
69.03340004653947;-15.47318164457082;-2464.183625330389
73.24191986231246;42973.566964126454;1928.9275885721097
1.9996219006723543;449.59339205073206;-193.44011789882506
0.0
69.03340004653947;-15.47318164457082;-2464.183625330389
73.24191986231246;42973.566964126454;1928.9275885721097
1.9996219006723543;449.59339205073206;-193.44011789882506
0.0
69.03340004653947;-15.47318164457082;-2464.183625330389
73.24191986231246;42973.566964126454;1928.9275885721097
1.9996219006723543;449.59339205073206;-193.44011789882506
0.0
69.03340004653947;-15.47318164457082;-2464.183625330389
73.24191986231246;42973.566964126454;1928.9275885721097
1.9996219006723543;449.59339205073206;-193.44011789882506
0.0
69.03340004653947;-15.47318164457082;-2464.183625330389
73.24191986231246;42973.566964126454;1928.9275885721097
1.9996219006723543;449.59339205073206;-193.44011789882506
0.0
69.03340004653947;-15.47318164457082;-2464.183625330389
73.24191986231246;42973.566964126454;1928.9275885721097
1.9996219006723543;449.59339205073206;-193.44011789882506
0.0
69.03340004653947;-15.47318164457082;-2464.183625330389
73.24191986231246;42973.566964126454;1928.9275885721097
1.9996219006723543;449.59339205073206;-193.44011789882506
0.0
69.03340004653947;-15.47318164457082;-2464.183625330389
73.24191986231246;42973.566964126454;1928.9275885721097
1.9996219006723543;449.59339205073206;-193.44011789882506
0.0
69.03340004653947;-15.47318164457082;-2464.183625330389
73.24191986231246;42973.566964126454;1928.9275885721097
1.9996219006723543;449.59339205073206;-193.44011789882506
0.0
69.03340004653947;-15.47318164457082;-2464.183625330389
73.24191986231246;42973.566964126454;1928.9275885721097
1.9996219006723543;449.59339205073206;-193.44011789882506
0.0
69.03340004653947;-15.47318164457082;-2464.183625330389
73.24191986231246;42973.566964126454;1928.9275885721097
1.9996219006723543;449.59339205073206;-193.44011789882506
0.0
69.03340004653947;-15.47318164457082;-2464.183625330389
73.24191986231246;42973.566964126454;1928.9275885721097
1.9996219006723543;449.59339205073206;-193.44011789882506
0.0
69.03340004653947;-15.47318164457082;-2464.183625330389
73.24191986231246;42973.566964126454;1928.9275885721097
1.9996219006723543;449.59339205073206;-193.44011789882506
0.0
69.03340004653947;-15.47318164457082;-2464.183625330389
73.24191986231246;42973.566964126454;1928.9275885721097
1.9996219006723543;449.59339205073206;-193.44011789882506
0.0
69.03340004653947;-15.47318164457082;-2464.183625330389
73.24191986231246;42973.566964126454;1928.9275885721097
1.9996219006723543;449.59339205073206;-193.44011789882506
0.0
69.03340004653947;-15.47318164457082;-2464.183625330389
73.24191986231246;42973.566964126454;1928.9275885721097
1.9996219006723543;449.59339205073206;-193.44011789882506
0.0
69.03340004653947;-15.47318164457082;-2464.183625330389
73.24191986231246;42973.566964126454;1928.9275885721097
1.9996219006723543;449.59339205073206;-193.44011789882506
0.0
69.03340004653947;-15.47318164457082;-2464.183625330389
73.24191986231246;42973.566964126454;1928.9275885721097
1.9996219006723543;449.59339205073206;-193.44011789882506
0.0
69.03340004653947;-15.47318164457082;-2464.183625330389
73.24191986231246;42973.566964126454;1928.9275885721097
1.9996219006723543;449.59339205073206;-193.44011789882506
0.0
69.03340004653947;-15.47318164457082;-2464.183625330389
73.24191986231246;42973.566964126454;1928.9275885721097
1.9996219006723543;449.59339205073206;-193.44011789882506
0.0
69.03340004653947;-15.47318164457082;-2464.183625330389
73.24191986231246;42973.566964126454;1928.9275885721097
1.9996219006723543;449.59339205073206;-193.44011789882506
0.0
69.03340004653947;-15.47318164457082;-2464.183625330389
73.24191986231246;42973.566964126454;1928.9275885721097
1.9996219006723543;449.59339205073206;-193.44011789882506
0.0
69.03340004653947;-15.47318164457082;-2464.183625330389
73.24191986231246;42973.566964126454;1928.9275885721097
1.9996219006723543;449.59339205073206;-193.44011789882506
0.0
69.03340004653947;-15.47318164457082;-2464.183625330389
73.24191986231246;42973.566964126454;1928.9275885721097
1.9996219006723543;449.59339205073206;-193.44011789882506
0.0
69.03340004653947;-15.47318164457082;-2464.183625330389
73.24191986231246;42973.566964126454;1928.9275885721097
1.9996219006723543;449.59339205073206;-193.44011789882506
0.0
69.03340004653947;-15.47318164457082;-2464.183625330389
73.24191986231246;42973.566964126454;1928.9275885721097
1.9996219006723543;449.59339205073206;-193.44011789882506
0.0
69.03340004653947;-15.47318164457082;-2464.183625330389
73.24191986231246;42973.566964126454;1928.9275885721097
1.9996219006723543;449.59339205073206;-193.44011789882506
0.0
69.03340004653947;-15.47318164457082;-2464.183625330389
73.24191986231246;42973.566964126454;1928.9275885721097
1.9996219006723543;449.59339205073206;-193.44011789882506
0.0
69.03340004653947;-15.47318164457082;-2464.183625330389
73.24191986231246;42973.566964126454;1928.9275885721097
1.9996219006723543;449.59339205073206;-193.44011789882506
0.0
69.03340004653947;-15.47318164457082;-2464.183625330389
73.24191986231246;42973.566964126454;1928.9275885721097
1.9996219006723543;449.59339205073206;-193.44011789882506
0.0
69.03340004653947;-15.47318164457082;-2464.183625330389
73.24191986231246;42973.566964126454;1928.9275885721097
1.9996219006723543;449.59339205073206;-193.44011789882506
0.0
69.03340004653947;-15.47318164457082;-2464.183625330389
73.24191986231246;42973.566964126454;1928.9275885721097
1.9996219006723543;449.59339205073206;-193.44011789882506
0.0
69.03340004653947;-15.47318164457082;-2464.183625330389
73.24191986231246;42973.566964126454;1928.9275885721097
1.9996219006723543;449.59339205073206;-193.44011789882506
0.0
69.03340004653947;-15.47318164457082;-2464.183625330389
73.24191986231246;42973.566964126454;1928.9275885721097
1.9996219006723543;449.59339205073206;-193.44011789882506
0.0
69.03340004653947;-15.47318164457082;-2464.183625330389
73.24191986231246;42973.566964126454;1928.9275885721097
1.9996219006723543;449.59339205073206;-193.44011789882506
0.0
69.03340004653947;-15.47318164457082;-2464.183625330389
73.24191986231246;42973.566964126454;1928.9275885721097
1.9996219006723543;449.59339205073206;-193.44011789882506
0.0
69.03340004653947;-15.47318164457082;-2464.183625330389
73.24191986231246;42973.566964126454;1928.9275885721097
1.9996219006723543;449.59339205073206;-193.44011789882506
0.0
69.03340004653947;-15.47318164457082;-2464.183625330389
73.24191986231246;42973.566964126454;1928.9275885721097
1.9996219006723543;449.59339205073206;-193.44011789882506
0.0
69.03340004653947;-15.47318164457082;-2464.183625330389
73.24191986231246;42973.566964126454;1928.9275885721097
1.9996219006723543;449.59339205073206;-193.44011789882506
0.0
69.03340004653947;-15.47318164457082;-2464.183625330389
73.24191986231246;42973.566964126454;1928.9275885721097
1.9996219006723543;449.59339205073206;-193.44011789882506
0.0
69.03340004653947;-15.47318164457082;-2464.183625330389
73.24191986231246;42973.566964126454;1928.9275885721097
1.9996219006723543;449.59339205073206;-193.44011789882506
0.0
69.03340004653947;-15.47318164457082;-2464.183625330389
73.24191986231246;42973.566964126454;1928.9275885721097
1.9996219006723543;449.59339205073206;-193.44011789882506
0.0
69.03340004653947;-15.47318164457082;-2464.183625330389
73.24191986231246;42973.566964126454;1928.9275885721097
1.9996219006723543;449.59339205073206;-193.44011789882506
0.0
69.03340004653947;-15.47318164457082;-2464.183625330389
73.24191986231246;42973.566964126454;1928.9275885721097
1.9996219006723543;449.59339205073206;-193.44011789882506
0.0
69.03340004653947;-15.47318164457082;-2464.183625330389
73.24191986231246;42973.566964126454;1928.9275885721097
1.9996219006723543;449.59339205073206;-193.44011789882506
0.0
69.03340004653947;-15.47318164457082;-2464.183625330389
73.24191986231246;42973.566964126454;1928.9275885721097
1.9996219006723543;449.59339205073206;-193.44011789882506
0.0
69.03340004653947;-15.47318164457082;-2464.183625330389
73.24191986231246;42973.566964126454;1928.9275885721097
1.9996219006723543;449.59339205073206;-193.44011789882506
0.0
69.03340004653947;-15.47318164457082;-2464.183625330389
73.24191986231246;42973.566964126454;1928.9275885721097
1.9996219006723543;449.59339205073206;-193.44011789882506
0.0
69.03340004653947;-15.47318164457082;-2464.183625330389
73.24191986231246;42973.566964126454;1928.9275885721097
1.9996219006723543;449.59339205073206;-193.44011789882506
0.0
69.03340004653947;-15.47318164457082;-2464.183625330389
73.24191986231246;42973.566964126454;1928.9275885721097
1.9996219006723543;449.59339205073206;-193.44011789882506
0.0
69.03340004653947;-15.47318164457082;-2464.183625330389
73.24191986231246;42973.566964126454;1928.9275885721097
1.9996219006723543;449.59339205073206;-193.44011789882506
0.0
69.03340004653947;-15.47318164457082;-2464.183625330389
73.24191986231246;42973.566964126454;1928.9275885721097
1.9996219006723543;449.59339205073206;-193.44011789882506
0.0
69.03340004653947;-15.47318164457082;-2464.183625330389
73.24191986231246;42973.566964126454;1928.9275885721097
1.9996219006723543;449.59339205073206;-193.44011789882506
0.0
69.03340004653947;-15.47318164457082;-2464.183625330389
73.24191986231246;42973.566964126454;1928.9275885721097
1.9996219006723543;449.59339205073206;-193.44011789882506
0.0
69.03340004653947;-15.47318164457082;-2464.183625330389
73.24191986231246;42973.566964126454;1928.9275885721097
1.9996219006723543;449.59339205073206;-193.44011789882506
0.0
69.03340004653947;-15.47318164457082;-2464.183625330389
73.24191986231246;42973.566964126454;1928.9275885721097
1.9996219006723543;449.59339205073206;-193.44011789882506
0.0
69.03340004653947;-15.47318164457082;-2464.183625330389
73.24191986231246;42973.566964126454;1928.9275885721097
1.9996219006723543;449.59339205073206;-193.44011789882506
0.0
69.03340004653947;-15.47318164457082;-2464.183625330389
73.24191986231246;42973.566964126454;1928.9275885721097
1.9996219006723543;449.59339205073206;-193.44011789882506
0.0
69.03340004653947;-15.47318164457082;-2464.183625330389
73.24191986231246;42973.566964126454;1928.9275885721097
1.9996219006723543;449.59339205073206;-193.44011789882506
0.0
69.03340004653947;-15.47318164457082;-2464.183625330389
73.24191986231246;42973.566964126454;1928.9275885721097
1.9996219006723543;449.59339205073206;-193.44011789882506
0.0
69.03340004653947;-15.47318164457082;-2464.183625330389
73.24191986231246;42973.566964126454;1928.9275885721097
1.9996219006723543;449.59339205073206;-193.44011789882506
0.0
69.03340004653947;-15.47318164457082;-2464.183625330389
73.24191986231246;42973.566964126454;1928.9275885721097
1.9996219006723543;449.59339205073206;-193.44011789882506
0.0
69.03340004653947;-15.47318164457082;-2464.183625330389
73.24191986231246;42973.566964126454;1928.9275885721097
1.9996219006723543;449.59339205073206;-193.44011789882506
0.0
69.03340004653947;-15.47318164457082;-2464.183625330389
73.24191986231246;42973.566964126454;1928.9275885721097
1.9996219006723543;449.59339205073206;-193.44011789882506
0.0
69.03340004653947;-15.47318164457082;-2464.183625330389
73.24191986231246;42973.566964126454;1928.9275885721097
1.9996219006723543;449.59339205073206;-193.44011789882506
0.0
69.03340004653947;-15.47318164457082;-2464.183625330389
73.24191986231246;42973.566964126454;1928.9275885721097
1.9996219006723543;449.59339205073206;-193.44011789882506
0.0
69.03340004653947;-15.47318164457082;-2464.183625330389
73.24191986231246;42973.566964126454;1928.9275885721097
1.9996219006723543;449.59339205073206;-193.44011789882506
0.0
69.03340004653947;-15.47318164457082;-2464.183625330389
73.24191986231246;42973.566964126454;1928.9275885721097
1.9996219006723543;449.59339205073206;-193.44011789882506
0.0
69.03340004653947;-15.47318164457082;-2464.183625330389
73.24191986231246;42973.566964126454;1928.9275885721097
1.9996219006723543;449.59339205073206;-193.44011789882506
0.0
69.03340004653947;-15.47318164457082;-2464.183625330389
73.24191986231246;42973.566964126454;1928.9275885721097
1.9996219006723543;449.59339205073206;-193.44011789882506
0.0
69.03340004653947;-15.47318164457082;-2464.183625330389
73.24191986231246;42973.566964126454;1928.9275885721097
1.9996219006723543;449.59339205073206;-193.44011789882506
0.0
69.03340004653947;-15.47318164457082;-2464.183625330389
73.24191986231246;42973.566964126454;1928.9275885721097
1.9996219006723543;449.59339205073206;-193.44011789882506
0.0
69.03340004653947;-15.47318164457082;-2464.183625330389
73.24191986231246;42973.566964126454;1928.9275885721097
1.9996219006723543;449.59339205073206;-193.44011789882506
0.0
69.03340004653947;-15.47318164457082;-2464.183625330389
73.24191986231246;42973.566964126454;1928.9275885721097
1.9996219006723543;449.59339205073206;-193.44011789882506
0.0
69.03340004653947;-15.47318164457082;-2464.183625330389
73.24191986231246;42973.566964126454;1928.9275885721097
1.9996219006723543;449.59339205073206;-193.44011789882506
0.0
69.03340004653947;-15.47318164457082;-2464.183625330389
73.24191986231246;42973.566964126454;1928.9275885721097
1.9996219006723543;449.59339205073206;-193.44011789882506
0.0
69.03340004653947;-15.47318164457082;-2464.183625330389
73.24191986231246;42973.566964126454;1928.9275885721097
1.9996219006723543;449.59339205073206;-193.44011789882506
0.0
69.03340004653947;-15.47318164457082;-2464.183625330389
73.24191986231246;42973.566964126454;1928.9275885721097
1.9996219006723543;449.59339205073206;-193.44011789882506
0.0
69.03340004653947;-15.47318164457082;-2464.183625330389
73.24191986231246;42973.566964126454;1928.9275885721097
1.9996219006723543;449.59339205073206;-193.44011789882506
0.0
69.03340004653947;-15.47318164457082;-2464.183625330389
73.24191986231246;42973.566964126454;1928.9275885721097
1.9996219006723543;449.59339205073206;-193.44011789882506
0.0
69.03340004653947;-15.47318164457082;-2464.183625330389
73.24191986231246;42973.566964126454;1928.9275885721097
1.9996219006723543;449.59339205073206;-193.44011789882506
0.0
69.03340004653947;-15.47318164457082;-2464.183625330389
73.24191986231246;42973.566964126454;1928.9275885721097
1.9996219006723543;449.59339205073206;-193.44011789882506
0.0
69.03340004653947;-15.47318164457082;-2464.183625330389
73.24191986231246;42973.566964126454;1928.9275885721097
1.9996219006723543;449.59339205073206;-193.44011789882506
0.0
69.03340004653947;-15.47318164457082;-2464.183625330389
73.24191986231246;42973.566964126454;1928.9275885721097
1.9996219006723543;449.59339205073206;-193.44011789882506
0.0
69.03340004653947;-15.47318164457082;-2464.183625330389
73.24191986231246;42973.566964126454;1928.9275885721097
1.9996219006723543;449.59339205073206;-193.44011789882506
0.0
69.03340004653947;-15.47318164457082;-2464.183625330389
73.24191986231246;42973.566964126454;1928.9275885721097
1.9996219006723543;449.59339205073206;-193.44011789882506
0.0
69.03340004653947;-15.47318164457082;-2464.183625330389
73.24191986231246;42973.566964126454;1928.9275885721097
1.9996219006723543;449.59339205073206;-193.44011789882506
0.0
69.03340004653947;-15.47318164457082;-2464.183625330389
73.24191986231246;42973.566964126454;1928.9275885721097
1.9996219006723543;449.59339205073206;-193.44011789882506
0.0
69.03340004653947;-15.47318164457082;-2464.183625330389
73.24191986231246;42973.566964126454;1928.9275885721097
1.9996219006723543;449.59339205073206;-193.44011789882506
0.0
69.03340004653947;-15.47318164457082;-2464.183625330389
73.24191986231246;42973.566964126454;1928.9275885721097
1.9996219006723543;449.59339205073206;-193.44011789882506
0.0
69.03340004653947;-15.47318164457082;-2464.183625330389
73.24191986231246;42973.566964126454;1928.9275885721097
1.9996219006723543;449.59339205073206;-193.44011789882506
0.0
69.03340004653947;-15.47318164457082;-2464.183625330389
73.24191986231246;42973.566964126454;1928.9275885721097
1.9996219006723543;449.59339205073206;-193.44011789882506
0.0
69.03340004653947;-15.47318164457082;-2464.183625330389
73.24191986231246;42973.566964126454;1928.9275885721097
1.9996219006723543;449.59339205073206;-193.44011789882506
0.0
69.03340004653947;-15.47318164457082;-2464.183625330389
73.24191986231246;42973.566964126454;1928.9275885721097
1.9996219006723543;449.59339205073206;-193.44011789882506
