200
4
0.0
63.163757272600975;-15.397945795579854;-2421.276045907815
73.27653852112643;42938.892245333875;1928.5401891127437
1.9999311711157506;449.7071072232741;-194.0077288273127
0.0
63.168706712220285;-15.398738617000072;-2421.9104812406445
73.27659952104544;42938.71736621048;1928.5458209216022
1.9999392329178995;449.69968893348914;-194.00230206402065
0.0
63.48965835597738;-15.404651101513258;-2497.980619069751
73.2521582882872;42914.011575470104;1929.8143303498098
1.9995906644517747;449.8381726007549;-193.1133135261617
0.0
63.490075071194305;-15.398181668645256;-2498.909483189013
73.25217866853059;42909.461901567105;1929.6238727446712
1.9994874468349726;449.87879203446334;-193.10266762450217
0.0
63.530662852526596;-15.428253912787602;-2510.1484843938783
73.25137061966278;42926.568418038376;1930.8823051095685
1.9991586576310456;449.84710532693435;-192.94831097521003
0.0
63.540131352316564;-15.432152023794277;-2512.4372136915895
73.25138316524301;42924.14513411766;1930.8004603186512
1.99921329879853;449.78828858900476;-192.93614229977302
0.0
63.540131352316564;-15.432152023794277;-2512.4372136915895
73.25138316524301;42924.14513411766;1930.8004603186512
1.99921329879853;449.78828858900476;-192.93614229977302
0.0
63.540131352316564;-15.432152023794277;-2512.4372136915895
73.25138316524301;42924.14513411766;1930.8004603186512
1.99921329879853;449.78828858900476;-192.93614229977302
0.0
63.531930292150186;-15.421265834548283;-2512.3610077528683
73.25178576680972;42921.923650317614;1930.777619738592
1.9991088758187168;449.99537750591804;-192.91419852194196
0.0
63.541132371431;-15.433464731233073;-2513.8711780361923
73.25136833207394;42930.803682402184;1931.232821455303
1.999136555138433;449.8786774592629;-192.89895758590046
0.0
63.40795322776719;-15.358502211561131;-2512.147848199742
73.26616715242625;42882.54823912218;1929.3826332690253
1.9989896949622015;449.9319336181018;-192.86909358655598
0.0
63.379031018967815;-15.324546044104457;-2512.0336065862675
73.27102491810018;42872.81387960295;1928.8473892471795
1.999456153349206;449.3285151681946;-192.8216321804193
0.0
63.34703878700866;-15.303097540625323;-2512.238713345072
73.27468975758975;42865.94587001805;1928.6590209816038
1.998941224192697;449.61975044338004;-192.78251524369955
0.0
63.42825930636104;-15.33189453955907;-2519.0513662831527
73.2665713499798;42877.1903520245;1929.3953389437065
1.9993272223625191;449.41180914753136;-192.72586415930553
0.0
63.51114848588674;-15.362750339895252;-2523.5310779678753
73.26475908164038;42891.773291062425;1930.2794951468163
1.9987912002015344;449.4913561075028;-192.6786493697711
0.0
63.45104105208883;-15.338223934232646;-2524.418830829617
73.26624861383007;42877.351524758975;1929.603714055776
1.9993541686381713;449.40758445125704;-192.66265411962004
0.0
63.51123945757137;-15.361197931401009;-2526.475676041307
73.26421107392115;42898.49328510945;1930.7746884274036
1.998326669749892;449.9536641135548;-192.5942167368906
0.0
63.54516731782532;-15.366256633208803;-2527.225455088969
73.26102945963419;42900.12978883555;1930.8723216163653
1.997960738975152;449.87208644042744;-192.59196149290605
0.0
63.61203027494357;-15.386099387387677;-2530.6012098141614
73.25340426061776;42909.031309080616;1931.2475413441741
1.999616218808097;449.225104947855;-192.5766668811015
0.0
63.64934594359771;-15.41194805845747;-2534.5912838936183
73.25152990655977;42920.311380947176;1931.9261187719167
1.9995709221406714;449.2166081472116;-192.5420809605733
0.0
63.835491553845756;-15.441567916917924;-2531.091168129127
73.25085127863348;42956.046022035596;1933.6430449830132
1.9998737928226284;448.41733588218983;-192.51264379493648
0.0
63.73446310938236;-15.436269745584768;-2532.500286706681
73.25090331812599;42947.81065824071;1933.2439037305235
1.9998210013353515;448.5899365561751;-192.50992367933858
0.0
64.00642376195127;-15.444659816689406;-2533.6437321973444
73.25081795543636;42959.54866293336;1933.9602868004738
1.9998771621359899;448.384024028325;-192.4678935151738
0.0
64.01415583138622;-15.444781503575797;-2533.7619943259406
73.25081728513284;42959.55514856948;1933.959971324638
1.99987425868989;448.3862741637034;-192.4678795524162
0.0
64.01275636692398;-15.445008385278223;-2533.0826976245235
73.25079818759215;42961.188611040685;1934.0488050540232
1.999900010239748;448.3688014831735;-192.46197522986552
0.0
63.9229981390602;-15.443626771855907;-2533.5812697645206
73.25076174749049;42967.20884135839;1934.3284098865495
1.9999599288595047;448.31008775289916;-192.46040814107099
0.0
64.07997539636385;-15.446552624742548;-2533.84739836091
73.25080974628797;42960.09778192967;1934.0103214009878
1.9999390241178407;448.362009638901;-192.45964921625176
0.0
63.92950312711131;-15.443996257706488;-2533.3984095476103
73.2507471263554;42968.140077601915;1934.4156308912368
1.9999852384560246;448.2986743520149;-192.44685483747497
0.0
64.01789908806762;-15.445119837224391;-2534.2306691192853
73.25076877673037;42960.49001491615;1934.0681115554034
1.9999469102470737;448.3607236187432;-192.44303303682716
0.0
63.556323796644115;-15.43494537702645;-2515.0659877162248
73.25130886915095;42933.54643673924;1931.4943207420956
1.9995808870340304;449.9920596401511;-192.86174409634432
0.0
63.55725196594491;-15.43501674088099;-2515.1098909803072
73.25129304434682;42933.7247412377;1931.507068457142
1.999669062438061;449.979306381633;-192.8605069770226
0.0
63.56143601195629;-15.437044021041451;-2516.9720865537115
73.25127533510118;42934.3473184208;1931.611452825088
1.999714418769641;449.96015822677924;-192.8366068101871
0.0
63.445955836422364;-15.34617408953374;-2516.422424033534
73.26856381950422;42874.02324455186;1929.192816558711
1.9997454252888192;449.7505533283518;-192.80946628912866
0.0
63.56224903890968;-15.434544048919099;-2517.455831116894
73.25128233935528;42933.396798354224;1931.6091399031143
1.9998604023891329;449.972277967989;-192.82573072492175
0.0
63.453217749210395;-15.392712746937644;-2502.3503814490286
73.25636753788199;42909.5400340287;1929.650629253708
1.9984708381046505;449.9823204078624;-193.04676512084313
0.0
63.52440969195044;-15.428076181822727;-2509.01534435278
73.25164313061912;42926.81304113354;1930.8403965442433
1.9995456185158298;449.7950030696747;-192.96428979340416
0.0
63.52380834206432;-15.427897305704805;-2509.0256922668295
73.25169228111267;42926.724716034885;1930.837208606388
1.9994538434072966;449.8080165224613;-192.96402223823495
0.0
63.52935114498105;-15.42712590129349;-2509.688166802313
73.2514977301231;42926.973119218;1930.8906778389032
1.9993802204864952;449.8268739638928;-192.9499443591089
0.0
63.52935114498105;-15.42712590129349;-2509.688166802313
73.2514977301231;42926.973119218;1930.8906778389032
1.9993802204864952;449.8268739638928;-192.9499443591089
0.0
63.52935114498105;-15.42712590129349;-2509.688166802313
73.2514977301231;42926.973119218;1930.8906778389032
1.9993802204864952;449.8268739638928;-192.9499443591089
0.0
63.53055778390991;-15.429912317086494;-2509.8491261961894
73.25138791413993;42928.49429133093;1930.9605619548493
1.999369561940616;449.8024853192508;-192.94985821324804
0.0
63.40401390912623;-15.369141712300678;-2508.432891123639
73.26621354865354;42889.288372749186;1929.5251963665326
1.9993158785055383;449.7834909481812;-192.92320043397436
0.0
63.54020454316922;-15.433262451092379;-2513.8272761081853
73.25138410191715;42930.625467701844;1931.2200800040698
1.999146985649755;449.8914321977256;-192.90019400058372
0.0
63.349247846974144;-15.303957405625543;-2511.8120114644594
73.2748082377398;42867.574578411615;1928.709647160279
1.9991654754338735;449.526933256362;-192.7838865223388
0.0
63.365781752683056;-15.316103560229008;-2510.7256442178236
73.27295594677788;42881.056909800536;1929.332693388715
1.9983505297508977;449.730199407766;-192.77868875773225
0.0
63.3670539262932;-15.310429271798338;-2516.196394892437
73.27431190965454;42879.854348577006;1929.6049486012112
1.9979199454441388;449.9794770337007;-192.6826040906507
0.0
63.460378322120555;-15.349871098549514;-2523.6041774332916
73.26735026429778;42887.25235300925;1930.0948136058585
1.9990425499146345;449.4716897479483;-192.65898974102112
0.0
63.60874184394216;-15.38625022539334;-2530.3312477664285
73.25385605937561;42910.09206947375;1931.298725006385
1.9996524684132182;449.19669914535694;-192.57562604561363
0.0
63.640507130412686;-15.407567602271904;-2533.4513026310437
73.25173263987526;42923.23359945819;1932.0969823973076
1.9996138017020464;449.0859210039982;-192.5337463978206
0.0
63.64432409209806;-15.411177973984069;-2534.3846606486773
73.25163626086369;42923.176352431794;1932.1090473799652
1.9995764074110352;449.1241153009128;-192.53008901217166
0.0
63.69611060462707;-15.435755916359911;-2532.2655307139553
73.25093053066594;42948.19548131492;1933.251713598435
1.9998289182757467;448.5964871075327;-192.5116379940188
0.0
63.808226368134314;-15.440996659079252;-2532.0263205644096
73.25085132078196;42956.86525517924;1933.725962866363
1.9998607929221297;448.3987892306985;-192.49776972155973
0.0
64.01288433215888;-15.445026300002128;-2533.614907758969
73.25082184011906;42960.47462054494;1934.0177465152515
1.999899070484596;448.3687071561354;-192.46136523687534
0.0
64.01288433215888;-15.445026300002128;-2533.614907758969
73.25082184011906;42960.47462054494;1934.0177465152515
1.999899070484596;448.3687071561354;-192.46136523687534
0.0
64.01288433215888;-15.445026300002128;-2533.614907758969
73.25082184011906;42960.47462054494;1934.0177465152515
1.999899070484596;448.3687071561354;-192.46136523687534
0.0
64.03682177478211;-15.445217256079651;-2534.511112953382
73.25082541108056;42959.80363104952;1933.996935879244
1.9998541510213093;448.37068378857566;-192.45447885071655
0.0
63.96672144123524;-15.444475155278518;-2534.119318401649
73.25077511198957;42967.771280620254;1934.4154486003627
1.9999525978296895;448.3406325858539;-192.44038524904
0.0
63.945801990711146;-15.444166312413794;-2533.9045537086945
73.25075292021056;42968.49223744684;1934.4515370589806
1.9999699114694305;448.2932816449558;-192.43992457253623
0.0
63.52594205650611;-15.428641424647704;-2508.9788781623024
73.25155112680272;42927.568688888714;1930.8807339358789
1.9999168930490228;449.8574597462243;-192.96254175300226
0.0
63.53376026935571;-15.43148377246982;-2510.371032260555
73.25141058620062;42927.212268672316;1930.8980266184544
1.9997626578583787;449.87492480396446;-192.95194579887863
0.0
63.530119921994505;-15.427739383937137;-2510.057462081415
73.2514696851931;42927.10644091038;1930.9087135505895
1.9999403720037814;449.8388376596246;-192.94599458852994
0.0
63.5307273809128;-15.426758993531221;-2510.2989979981985
73.25145899613105;42927.15389725205;1930.9211827785875
1.9996363408826694;449.8034614668762;-192.943387613129
0.0
63.52882774128074;-15.42644878604293;-2510.553481904975
73.25155378109251;42925.0407100653;1930.840554793564
1.9989023300980187;449.9903368259943;-192.94257849129562
0.0
63.531133852372335;-15.426838215546342;-2511.3912261339265
73.25148274912586;42925.897182407636;1930.8937882874275
1.999514508403832;449.80688987011695;-192.93494772799295
0.0
63.561271142623184;-15.434544607109602;-2516.3515548902546
73.25131608926323;42934.95745230011;1931.6571267983975
1.999501283804824;449.9902558679092;-192.83497709750552
0.0
63.383214513986914;-15.3270385503048;-2518.794466982381
73.27218785887344;42881.310146922675;1929.6189540669518
1.9993253601145764;449.73482533407315;-192.69956409688118
0.0
63.65015249765864;-15.412922421527131;-2535.0606965180395
73.25159158297186;42924.96421612973;1932.2313771580357
1.9998101285710694;449.0971216771193;-192.51771132371942
0.0
64.01505057037288;-15.445060576571557;-2534.4109083340236
73.2508171265342;42960.309445015904;1934.0326571054488
1.999900167375115;448.3692658827632;-192.45260809922164
0.0
63.559175833114736;-15.43253071445659;-2516.004694282176
73.25131701076765;42933.56403583913;1931.575816646689
1.9996878414974608;449.9945043898695;-192.83980879056148
0.0
63.52542515476993;-15.428300818483939;-2509.057693529874
73.25155456186835;42927.017416389564;1930.852263203304
1.9999154162097939;449.86138613787165;-192.96310728584083
0.0
63.52704883994837;-15.429551122919191;-2509.2281887738873
73.25144077034005;42928.13080243984;1930.9178012311595
1.9995620850457092;449.9344216844713;-192.95951742149316
0.0
63.52239733765366;-15.426191567241299;-2509.3603936246045
73.2527675970443;42926.05614197628;1930.8443814000525
1.9989252449712152;449.93333261284187;-192.95317278947783
0.0
63.52982810612219;-15.426902048522674;-2509.7580954823893
73.25148895004892;42927.06794196312;1930.8984968144373
1.9993908953984159;449.82733812315263;-192.94917975650793
0.0
63.52993045104243;-15.427284228889217;-2509.8769788102613
73.25148420867855;42926.99872023589;1930.8991191966409
1.9993790884036455;449.82252866289923;-192.94753075307756
0.0
63.530148247296154;-15.426688471387438;-2510.1101445321783
73.25147251718286;42927.12827585152;1930.9127388257357
1.9996374639035879;449.8077994106673;-192.94580174006578
0.0
63.53285125002969;-15.428446999418707;-2510.4030911475033
73.25142360548556;42927.237114799835;1930.9209094873959
1.9992744787208445;449.8457027435172;-192.942843425951
0.0
63.53332469258755;-15.430875629190167;-2511.2379227594797
73.25141653906464;42931.34894402091;1931.1667903450543
1.9990398902889828;449.9249151975851;-192.93151171788617
0.0
63.53750029263526;-15.433315686508392;-2512.3545931633325
73.25141674657601;42931.29385835775;1931.201286327906
1.9990377613028218;449.92075522227384;-192.91633361277312
0.0
63.336888130654934;-15.31381531148429;-2509.025912881934
73.27931594835299;42876.45788163469;1928.9627732620615
1.998783565103015;449.467145874655;-192.8171488012269
0.0
63.36036370638104;-15.320738781617292;-2510.456649453917
73.27346586967332;42883.73077166426;1929.4681778077222
1.9980582995533436;449.8137925588335;-192.7822136317483
0.0
63.45847997868764;-15.353254819965404;-2522.285446386684
73.26732193584091;42893.48342388984;1930.288952451989
1.99909105301665;449.42073128177685;-192.66400585301906
0.0
63.583434837498295;-15.397788518342482;-2529.6269271268393
73.25676088758577;42921.752332858305;1931.8996415918318
1.9998420000508326;449.1630774285119;-192.56516395099786
0.0
63.86795643236975;-15.442098754425391;-2532.4743377170066
73.25087056167003;42958.792567859266;1933.8526949182422
1.9998509884736797;448.369086438545;-192.4859747882981
0.0
64.01565350519786;-15.445098986862536;-2530.406058112913
73.25078448653069;42970.58388242589;1934.4403661535353
1.9998934798367667;448.2804946248341;-192.47577629904242
0.0
64.03688061504175;-15.445317715639707;-2534.1978542239335
73.25082693228389;42960.89888060571;1934.0546059806256
1.9998808928346994;448.36500147553875;-192.45470065287037
0.0
64.02915236750277;-15.445196054338538;-2534.0933941353787
73.25082760274337;42960.87032978918;1934.0544952860569
1.9998837957835163;448.362751228249;-192.4546191479615
0.0
63.61022090661621;-15.38138562982466;-2534.259499833769
73.25653809695963;42917.74493497616;1932.1010926331246
1.9996417331326264;449.2573880980217;-192.45057419573857
0.0
63.5287762600664;-15.425321348960297;-2510.2915112372507
73.25158039827473;42925.46215677661;1930.847238877716
1.9990358310720835;449.97866403486114;-192.94441096893317
0.0
63.32067828102296;-15.302154609729895;-2508.803830231374
73.27939450024225;42871.155652804984;1928.7097281242045
1.9996650653064179;449.4778498578691;-192.80780189088125
0.0
63.37330882220332;-15.327976951187152;-2510.705879954319
73.27318393333405;42884.139315566834;1929.701060594302
1.999380932825456;449.6985533512141;-192.78469939027542
0.0
63.33226938132214;-15.309160406084505;-2511.3795809731364
73.2771756781803;42873.22915857949;1929.017883110254
1.9988207163923992;449.64423270610115;-192.77505417740178
0.0
63.990401142764995;-15.444943765439252;-2533.3419100321885
73.25076685573902;42970.76592159129;1934.5601905319018
1.9999634437015483;448.28990796540563;-192.43836779929958
0.0
64.01705701220006;-15.445404149129445;-2533.855315457305
73.25077956922969;42970.415947338304;1934.5622151044033
1.9999509555152548;448.28580344242687;-192.4325581133012
0.0
63.438264557232465;-15.310655424906141;-2520.482525936599
73.27755042201933;42868.777809211824;1929.1723924510673
1.9994191011291853;449.9043823115924;-192.67741670063356
0.0
63.9576881318725;-15.444499802960035;-2534.013090983847
73.2507935346431;42968.769358119185;1934.4789724501356
1.9999644305968867;448.3922617301763;-192.43325942935408
0.0
63.23046494708632;-15.40513559304257;-2444.0613527736396
73.27897486418938;42936.177713519195;1929.2301386328702
1.9985300046315488;449.9335432752085;-193.72125204087305
0.0
63.23046494708632;-15.40513559304257;-2444.0613527736396
73.27897486418938;42936.177713519195;1929.2301386328702
1.9985300046315488;449.9335432752085;-193.72125204087305
0.0
63.23046494708632;-15.40513559304257;-2444.0613527736396
73.27897486418938;42936.177713519195;1929.2301386328702
1.9985300046315488;449.9335432752085;-193.72125204087305
0.0
63.23046494708632;-15.40513559304257;-2444.0613527736396
73.27897486418938;42936.177713519195;1929.2301386328702
1.9985300046315488;449.9335432752085;-193.72125204087305
0.0
63.23046494708632;-15.40513559304257;-2444.0613527736396
73.27897486418938;42936.177713519195;1929.2301386328702
1.9985300046315488;449.9335432752085;-193.72125204087305
0.0
63.234705259867155;-15.40310162591506;-2444.553098843602
73.27897128057107;42936.53678925333;1929.2659601652315
1.9991981547506432;449.7952064187133;-193.70814367840364
0.0
63.51768690121885;-15.42637744437987;-2509.3381727821757
73.25286712778087;42926.80984071339;1930.8858904949293
1.998946386906428;449.93194812624415;-192.95140617121405
0.0
63.531156415597344;-15.427802577151745;-2510.251222657329
73.25144838954157;42927.31642134513;1930.9260935525679
1.9996814338847968;449.788255988079;-192.94313661540446
0.0
63.531257432202516;-15.427583133601656;-2510.4247282080064
73.25145181770483;42927.264591518746;1930.9309275447565
1.9997803264632308;449.7742045568966;-192.94108067999804
0.0
63.306548002811454;-15.304656623851915;-2507.9603435913577
73.28162828577943;42874.35300827375;1928.8333322672217
1.999158053988604;449.37078361524783;-192.8157964025016
0.0
63.34397978559726;-15.326989920722822;-2509.1883554599513
73.2746604680897;42887.00456980839;1929.5605877315631
1.9980916311889618;449.69483943428895;-192.8034991678435
0.0
63.82163223635273;-15.441333278076792;-2532.7175293813307
73.25087455285063;42959.93595062544;1933.931280591489
1.999866528275565;448.37357563461813;-192.47656275224406
0.0
63.83288139725262;-15.441524757576142;-2532.7126547485204
73.25087230431757;42960.289511350624;1933.9597005897556
1.9998544820520192;448.37680726424793;-192.47448246969984
0.0
63.99993901870218;-15.445015984221774;-2532.6842861964674
73.25079227816762;42972.89616650241;1934.6654139934508
1.9999487481608356;448.27900966724667;-192.43787942562085
0.0
63.533759985140755;-15.432525324041592;-2510.02708568176
73.25143133277642;42929.28963360105;1930.9863616488099
1.9996138932766427;449.82751953365255;-192.95081065588644
0.0
63.53183312890531;-15.428667610356763;-2510.284089792193
73.25144007337414;42927.93483950845;1930.9633461302374
1.999898835519088;449.7962923862;-192.9412588731396
0.0
63.53578929669424;-15.433303145617677;-2512.127626772202
73.25142604111348;42930.46518391213;1931.1466273218414
1.999057291396999;449.95365195175697;-192.92107369385644
0.0
63.53394523694528;-15.42989096429413;-2513.6728017730816
73.25165269656627;42925.645652121995;1930.9797766645563
1.999105926467518;449.95135651383174;-192.90584230689382
0.0
63.49780698068582;-15.338368283555214;-2529.29390331397
73.2735575152909;42888.08959400096;1930.5273431123576
1.9993488824872128;449.46259359585827;-192.52448484650262
0.0
63.56665412117609;-15.384134650570045;-2533.1245012190275
73.2607111210535;42923.18405418053;1932.2798116726801
1.9998985843401094;449.4067735344335;-192.460359158004
0.0
63.53188872963708;-15.428356902638534;-2512.251575116242
73.25166376390386;42925.76902930834;1930.9457030434185
1.9990977036111053;449.97624760717474;-192.9197028841713
0.0
63.425264139630364;-15.31605346452617;-2519.3009334349026
73.28033679881317;42872.03260635475;1929.2685508884522
1.9996401366642087;449.8677912164037;-192.6989484894128
0.0
63.14571390289504;-15.424766301932229;-2421.178103513044
73.2771039673551;42962.05773544582;1929.6606435133374
1.9990227993410843;449.6280509219163;-193.9529076560482
0.0
63.29311908917363;-15.301456236881553;-2505.4538971791044
73.28560881566014;42877.67201171978;1928.8699931509466
1.9993271258889935;449.32735548431543;-192.82986808092417
0.0
63.33136575789335;-15.307854959175057;-2508.337407756506
73.28163001774506;42875.229569395386;1928.8932118027972
1.99869826942301;449.47043056380414;-192.81483361775827
0.0
64.09651433424591;-15.447210950359613;-2534.8422075394146
73.25106033275966;42973.36415600422;1934.9011278314447
1.9995416939363984;448.4420158615992;-192.36867746177697
0.0
63.95218063825612;-15.444465781626144;-2535.895975972434
73.25083449498781;42991.92397583899;1936.5101544941667
1.9999501822901318;448.40816494013507;-192.14103527815698
0.0
63.530814865372804;-15.427924450043113;-2510.1974884158517
73.25149468706525;42927.3583732517;1930.9289753142857
1.9995896794319181;449.80126797159517;-192.94296844357183
0.0
63.53452007869868;-15.435488621276301;-2511.344830738636
73.25145176789921;42935.45122974898;1931.353389872219
1.9990846297097098;449.92057316747895;-192.93442049250464
0.0
63.54465471330059;-15.434323192526373;-2512.3551660430035
73.25147107661907;42932.48626755408;1931.2846532659717
1.999025408251266;449.94330282315366;-192.90659844140575
0.0
63.54450363315663;-15.426817673197554;-2514.361508037405
73.25147730445244;42929.003474936755;1931.1618275735843
1.999367529942743;449.83367714671607;-192.8920643558575
0.0
63.33305239397416;-15.351195140584261;-2504.939185572524
73.27595289359763;42910.397719022956;1930.788519951431
1.999134646833163;449.8568757011465;-192.81390024921072
0.0
63.33395887834628;-15.32751410230522;-2506.8970272010197
73.2766197720306;42890.5466416992;1929.8602645337442
1.9998535999785645;449.676341832348;-192.80833647414036
0.0
64.35321764840191;-15.452951186542494;-2534.699454111015
73.25089610233307;42982.50392369131;1935.6096775990334
1.9997302068025655;448.55182011157973;-192.29452831105993
0.0
63.526646480385956;-15.432746600403382;-2508.514638507808
73.25151946330676;42930.43440425655;1931.018804836527
1.998911001711931;449.9412868701827;-192.96696624110388
0.0
63.51238525650051;-15.429029934065849;-2508.7843669676536
73.25279091240473;42928.77774925807;1930.9326020254764
1.9993305651120001;449.8199783916049;-192.9613278615881
0.0
63.52720298214519;-15.432590817488137;-2509.402738549659
73.25150263164066;42929.6713028449;1931.029761902053
1.9988405908115177;449.95768298260305;-192.95640380960373
0.0
63.526157272739034;-15.42600225490553;-2509.646946624029
73.25227759682123;42927.84918720685;1930.9732498062563
1.9988955747990838;449.94811780550236;-192.94069630804918
0.0
63.53714949989598;-15.43145654497859;-2513.072661065738
73.25148926771782;42931.496424436235;1931.2353929396068
1.9987094087337074;449.97628557091156;-192.90763973593607
0.0
63.33194728174004;-15.32458264540692;-2505.6916110353686
73.28586079226982;42888.6566935193;1929.3585313773008
1.9985681838594695;449.2352674585128;-192.84657979772385
0.0
64.08472058606414;-15.446961231687096;-2534.5090767806887
73.25109500485361;42976.631406900546;1935.0291842442937
1.999446136673185;448.4208950684775;-192.37990827464918
0.0
63.52703210065419;-15.432306705977656;-2509.122323430168
73.2515561120522;42929.889728763104;1930.993750458078
1.9995053429600895;449.9459633425915;-192.96268831966682
0.0
63.549684896361846;-15.429921629394347;-2516.6704307519044
73.25161188681437;42927.90297311357;1931.2212851297365
1.9996443483634752;449.9355219599951;-192.85496278755608
0.0
63.328080203063976;-15.323974016200689;-2505.635205920534
73.28462779722871;42889.99145099311;1929.4438848415716
1.9986432513097452;449.2936694824293;-192.84035745128745
0.0
64.07989981384794;-15.446081421612506;-2534.7301964398775
73.25106335359827;42975.85976642906;1935.0419237936046
1.9994553689938512;448.4566618292172;-192.36278084118524
0.0
63.52424402983159;-15.425189947147677;-2510.3176875385457
73.25224848384049;42928.16206212042;1930.96308909628
1.9995357689115187;449.95461936321294;-192.94156600780062
0.0
63.57009587220455;-15.440202919758555;-2513.6117781462217
73.25148269932765;42948.064260010295;1932.291667286068
1.9998212905560437;449.6956230446592;-192.8248542875892
0.0
63.34526478861818;-15.339255641976708;-2508.192088165592
73.27881528177666;42891.14567562911;1929.978016871979
1.9994059791487961;449.926160428479;-192.81678706233117
0.0
63.31491874216256;-15.32636683220755;-2505.251422326016
73.28173675507826;42893.46599433495;1929.9766907555518
1.9995231891290417;449.77812589294444;-192.81294079035177
0.0
63.579850949996505;-15.440737668745708;-2514.876613741548
73.25145729724684;42953.8818792276;1932.6438251467675
1.9993010940358344;449.55436092343604;-192.80034151584326
0.0
63.55819056952891;-15.431736287035168;-2519.171563729958
73.25153762683995;42928.329270380724;1931.3534236524822
1.9995407974309696;449.98636747223804;-192.82094675032005
0.0
63.26895983686719;-15.457029855381172;-2446.2569448070926
73.28406297268614;42963.09721964872;1930.7773049314023
1.9993694476788302;449.8743250300879;-193.67014504081493
0.0
63.52621747815698;-15.432699034130449;-2508.530968870095
73.25150733206368;42931.60097923562;1931.0627941504415
1.9989260797559405;449.94319975705275;-192.97023299226746
0.0
63.52621747815698;-15.432699034130449;-2508.530968870095
73.25150733206368;42931.60097923562;1931.0627941504415
1.9989260797559405;449.94319975705275;-192.97023299226746
0.0
63.52621747815698;-15.432699034130449;-2508.530968870095
73.25150733206368;42931.60097923562;1931.0627941504415
1.9989260797559405;449.94319975705275;-192.97023299226746
0.0
63.58575369185264;-15.437656036006139;-2514.973911368903
73.25149608498177;42933.83674187865;1931.4628091751329
1.998955612157707;449.8612829513779;-192.87445877337413
0.0
63.303017375870326;-15.30749118650145;-2499.6305519261523
73.28440762776226;42909.66537401805;1930.5607924695994
1.9979668861066484;448.92674365706523;-192.77420745808692
0.0
63.83827765703809;-15.43921449106389;-2536.530913865801
73.25128255471701;42990.763203088085;1935.7725629899664
1.9998240092628583;448.6606689720149;-192.33376703311652
0.0
63.87875713406308;-15.441324905850419;-2536.7455098194737
73.25118277843362;42993.90185692768;1936.0261165755655
1.9999289473967;448.5011289370146;-192.29153580115621
0.0
63.303432095811864;-15.362525229100472;-2503.1476545190017
73.28179532296681;42917.63734132725;1931.0149668682316
1.9992359654920147;449.8826583085735;-192.84004038556
0.0
63.408310785188284;-15.339791179466568;-2517.4970081229835
73.2878809814193;42893.28040687977;1930.1281543512903
1.9991351823582881;449.6427391755172;-192.69290829396053
0.0
63.5573829911413;-15.431911744039366;-2518.687070817959
73.25155350926933;42929.282476207736;1931.3558151814307
1.999640545011569;449.97403672260157;-192.83184155414725
0.0
63.49031737787393;-15.427733544980333;-2508.3094110540965
73.25551277387147;42933.532031269766;1931.1861986337963
1.999844463698851;449.73351079640366;-192.94187617248457
0.0
63.271004622584776;-15.32945119381646;-2497.3659709902163
73.29300060296443;42929.44538770443;1931.7597122432799
1.9993895126685537;449.8154625939937;-192.7589995970097
0.0
63.25521622241789;-15.325607054942685;-2497.5895180897505
73.30256673140799;42928.04315310843;1931.6262474538214
1.999289063702163;449.84931643054847;-192.75353262160937
0.0
63.648552756183086;-15.41873000976596;-2533.4576960977884
73.25170842139885;42931.05616292452;1932.4729858140283
1.999871688743502;449.03566743482537;-192.52861804345554
0.0
63.628657239502544;-15.426080935436104;-2530.399495622314
73.25359721403828;42929.60539248423;1932.4479453642543
1.9997348271399358;449.4591805956431;-192.49005412573695
0.0
63.616129003251096;-15.405711381112669;-2534.8740785329933
73.25562337518451;42930.32701360024;1932.6523054137936
1.9997677865110146;449.0589238105189;-192.4668160873812
0.0
63.67144226795311;-15.429813880820259;-2534.422940265542
73.25204791120217;42951.74494424807;1933.6973073443776
1.999145479159376;448.92147565330197;-192.45477177292742
0.0
63.67435430440704;-15.418086999062092;-2534.712311365344
73.25213506658116;42944.15920833832;1933.385523097218
1.9993069507716796;449.0148208528636;-192.43970111620473
0.0
63.79966836589408;-15.44098243791768;-2527.3731328481863
73.25610550376157;42979.85132734109;1935.011823599696
1.9995726523056898;448.1317470879039;-192.426781522681
0.0
63.76656120438636;-15.438510916390111;-2527.0051284004853
73.25554847480937;42981.87364965396;1935.1405688150894
1.999539734620216;448.3084601030436;-192.41639925403555
0.0
63.77083011805448;-15.439475882345276;-2536.4971042289862
73.25658144247706;42989.850780037115;1935.8581947599862
1.9996590817834028;447.9764275976957;-192.30524222593817
0.0
63.48885187756277;-15.38812850415372;-2499.187159450005
73.25227165050329;42903.1874018103;1929.3288714149678
1.9994340991896309;449.8851039002506;-193.0987186956166
0.0
63.49072739111693;-15.380152048280094;-2500.385093505771
73.25259566060188;42898.395182762695;1929.191477182807
1.9995321633080076;449.8798989877454;-193.07655505280715
0.0
63.50415020142451;-15.397760601184604;-2505.8508279828025
73.2518078005615;42903.97357748599;1929.564148843454
1.9993837630672004;449.8041985152874;-193.02833578023663
0.0
63.51801342250689;-15.38268355202528;-2507.5749374567877
73.25185915500245;42900.44624490783;1929.602108995624
1.9992135607598132;449.82626241538355;-192.9698490702391
0.0
63.5537652428218;-15.431612558627986;-2512.806957929537
73.25137593651735;42922.538715819544;1930.7498154441623
1.999102242823976;449.8018839589955;-192.93086333848174
0.0
63.47292859551426;-15.341557280826024;-2510.5512471887846
73.26164293529584;42885.08973267537;1929.4559176993687
1.9996185767645593;449.7809189006099;-192.84168196995645
0.0
63.44536587055941;-15.33441536530319;-2515.7240055795564
73.26305019036513;42867.77514840359;1928.916249331817
1.998986492132079;449.8362020902656;-192.8117587112293
0.0
63.45095985403907;-15.32780824301021;-2516.6878721231005
73.26821609114931;42863.24711768793;1928.773142139139
1.9997516782954488;449.61255215949535;-192.79760391822217
0.0
63.59114265361222;-15.345441114819208;-2526.2477111384524
73.256335680493;42880.83918639795;1929.9365317675217
1.9986437682729432;449.46154118747376;-192.6369845347784
0.0
63.65357402492225;-15.39880781382674;-2534.4496519813592
73.2512385337473;42919.03301865068;1931.9241429056387
1.9998724315127214;449.1300397165799;-192.51447645630756
0.0
63.65981218314571;-15.401446183920612;-2534.738579731275
73.251093978128;42923.10259738253;1932.1729582735127
1.9998406594447293;449.0379708156443;-192.49744229570484
0.0
63.84360370395047;-15.439984423527287;-2530.648839241086
73.25080084359938;42957.28575031631;1933.785172815366
1.9998601799746558;448.54822095752087;-192.48387237912024
0.0
64.06040700686134;-15.445386632434046;-2531.828606116514
73.2507547769679;42963.25343594986;1934.07983120707
1.999932388271351;448.3953565987933;-192.47409646070656
0.0
63.97506039832235;-15.441451349179946;-2534.3287536605153
73.25079306339202;42960.24596701913;1934.05132948804
1.999989338588031;448.3597053649161;-192.44826191841935
0.0
63.54210476959013;-15.430963519932845;-2512.5939766247593
73.25133627033043;42928.92835130049;1931.097545663999
1.9993155113417564;449.8239900135333;-192.91165729754312
0.0
63.5311638461661;-15.322771912641556;-2520.440917933603
73.2686133548032;42854.09459439665;1928.5432205312075
1.999975797740244;449.7884646615561;-192.76560523201908
0.0
64.1726373732339;-15.446457363179613;-2531.9232447933
73.25072654949686;42964.84748007028;1934.1704546373444
1.9999923781499305;448.6160045898515;-192.47503160982433
0.0
63.463791162123925;-15.337755674010916;-2518.3869243962718
73.26833536587175;42862.79876946112;1928.6995292989752
1.9996272177010959;449.88054347554186;-192.80869279101518
0.0
63.531284550952456;-15.310061272069062;-2525.004434321817
73.26445116076894;42859.87604783052;1929.0443668081084
1.9995705358456073;449.8575785870335;-192.6400618408344
0.0
63.652500519446924;-15.38629274746642;-2534.617413417967
73.25185114762387;42915.790584537805;1931.881751791675
1.9996028170893028;449.193385306256;-192.48398587358426
0.0
64.00728083590437;-15.444824743306366;-2531.897164548708
73.25084624649129;42959.7156307087;1933.8892610456492
1.9998701220608472;448.3506244161419;-192.48794574361543
0.0
63.15100845104336;-15.42262987460503;-2420.2928994474737
73.27698110367882;42945.50325929811;1928.7110313260266
1.999573163450123;449.7485551997087;-194.06549769007785
0.0
63.386691097672696;-15.314716734470055;-2513.483721014052
73.27060812794765;42870.94988537813;1928.9678538227008
1.999222890683916;449.4821354826514;-192.77599137456926
0.0
63.67332705440566;-15.399649685310667;-2534.9744772975905
73.25146778844753;42920.20424985768;1932.1146021362754
1.9997238472391847;449.01073370969436;-192.49528124797945
0.0
64.02994024134456;-15.445254859655734;-2532.472172664673
73.25086075467975;42958.79097437307;1933.8524457190886
1.9998620875854094;448.367981286297;-192.4860323025259
0.0
63.49039562107268;-15.39782192461431;-2498.8648732563524
73.25218261898627;42909.50083328542;1929.62802546625
1.999422047419219;449.8794115997011;-193.10195731598938
0.0
63.4621734617921;-15.353800443183646;-2509.142688710781
73.26285344562724;42898.132492888064;1930.0685464715968
1.999348919535963;449.5340008248204;-192.83527169813374
0.0
63.95734380452427;-15.444318752444671;-2533.436081194702
73.2507604652474;42968.441044354004;1934.4344273524891
1.9999590349848841;448.3165123060915;-192.44417666761396
0.0
63.557767950229476;-15.43293945863177;-2514.662008150704
73.2513904496944;42923.16484722863;1930.8539614137017
1.9991351787059422;449.7827284987942;-192.90703881605776
0.0
63.41502652855636;-15.329892686122573;-2512.6581199947996
73.26749522356414;42875.36823916479;1929.00177298285
1.9995441529469513;449.3939730958353;-192.81774746113405
0.0
63.5259039291973;-15.427608480150433;-2508.7990584332656
73.25147885605891;42926.75769458784;1930.8356606183715
1.9993965830114777;449.83010105858483;-192.96586016704427
0.0
63.52925846065632;-15.426288161804571;-2510.5058410504903
73.25154076109872;42925.2027161835;1930.8454516846004
1.9989473436077572;449.9751981087662;-192.9423238166852
