200
4
0.0
63.590055193547926;-15.218043862262366;-2512.217683829152
73.28246304512926;42765.36073015214;1928.0353171537154
1.9990180075236892;449.89587700116437;-192.00555840885036
0.0
63.60275562936917;-15.202986540681973;-2512.3714761101387
73.28497324052464;42757.325736207815;1927.7067742939744
1.9993712230808562;449.810992110227;-191.98687181641216
0.0
63.65561764105892;-15.206002809262575;-2524.7898959741565
73.27815557565228;42755.83382259737;1928.108166108951
1.9986847701999817;449.94936686523533;-191.8284246133061
0.0
63.6746177734778;-15.213882893822507;-2526.3565989320246
73.2773504190792;42758.25702612266;1928.254193588791
1.998685183619079;449.92915530590284;-191.81886021025994
0.0
63.721532167868666;-15.221222128201388;-2527.0981965873857
73.27304241459031;42759.6042605596;1928.369084717885
1.9987726397835077;449.92907178143935;-191.8165376471106
0.0
63.65863974462179;-15.201406384584839;-2527.8363804626347
73.27852383434225;42753.05146532133;1928.1042323092297
1.9993682930175718;449.8566134215372;-191.78432370124858
0.0
63.66562594948219;-15.205249496478606;-2528.431034858028
73.27829162866841;42754.700132029364;1928.197773260264
1.99917587654431;449.88521938260936;-191.77991979432045
0.0
63.89630225646395;-15.235782341785445;-2533.860052839434
73.25901394911685;42758.56336692482;1928.6178138887888
1.9983524342139019;449.9835065166093;-191.75531107116953
0.0
63.896312333349776;-15.235932122871734;-2533.890230713103
73.25901016055168;42758.64714896608;1928.6221612658712
1.998354143716098;449.9796631010513;-191.75522414805567
0.0
63.89692465196929;-15.235743839021913;-2534.0755706415566
73.25893098758307;42758.56649234941;1928.6242161862403
1.998337809417248;449.9935352479236;-191.75320997344542
0.0
63.89693461488016;-15.235893622536482;-2534.105746294274
73.25892719840299;42758.650281831244;1928.6285641137401
1.9983395193358848;449.98969309546516;-191.75312298543864
0.0
74.6207979621206;-15.511232693234719;-2526.713027941097
73.25440082778768;42894.11018064425;1933.933286404862
1.999773364563384;445.59044708965143;-191.72093449430074
0.0
74.87655425008992;-15.512097621685058;-2528.309740688655
73.2539166423707;42892.67488320519;1934.0701695162027
1.9996577081385383;445.20819749368104;-191.66575139291623
0.0
74.8243082367475;-15.508539420407766;-2530.545875110308
73.25413654939456;42889.13765588084;1934.0533124277188
1.9994966374930783;445.356376043305;-191.65433772207714
0.0
75.4077455552562;-15.52603963054739;-2534.012455852879
73.25377036696581;42901.75640474326;1934.6972042670861
1.999588094805762;444.9452302063984;-191.5611637896614
0.0
75.35732222544146;-15.5146841106215;-2545.9218367960175
73.25412489813185;42885.03335893742;1934.4791784981571
1.9995827841124836;445.1719140936334;-191.44481882230562
0.0
74.77136494360172;-15.493139506763319;-2546.642063530691
73.2542249264029;42883.03335103539;1934.419843621367
1.9995256981685836;445.1165210262106;-191.4132498945233
0.0
63.66501040795551;-15.208725733810278;-2526.412959379381
73.27750120599426;42756.192125686866;1928.1883895468093
1.9986997934852433;449.9596547945845;-191.8109842046698
0.0
63.72679245016053;-15.216575219981651;-2527.539451633693
73.27515264231614;42759.45470358858;1928.3697979776264
1.9987950352316157;449.9496684941162;-191.80197602251346
0.0
63.67120807701874;-15.210864410031867;-2527.3947708119113
73.27723826105247;42757.03501601363;1928.2604753640096
1.99869529421896;449.9681240559596;-191.79976354697396
0.0
63.82344519325636;-15.21285701953553;-2540.383737755757
73.27619338581921;42749.88621457023;1928.5119732032606
1.9995082156960962;449.81973895422277;-191.6264433449761
0.0
71.47900781191476;-15.421440594835717;-2552.6250037511854
73.256096289601;42815.702309845445;1931.072058616364
1.9998519656991918;448.74337575746586;-191.62584883148168
0.0
63.81439120322851;-15.211862684861073;-2540.6756062619356
73.27845638011654;42749.46455853106;1928.5060817046267
1.999848917687424;449.7878537090007;-191.6190159804844
0.0
71.22691166957249;-15.416449539563702;-2552.9748252161194
73.25609531923891;42815.780718673224;1931.1241548451703
1.999820071389503;448.7208337253666;-191.61836068874365
0.0
63.82693460724922;-15.212696361336636;-2541.9373965971495
73.26827563085249;42749.47937359906;1928.5848527652774
1.9992594360055036;449.9083786701517;-191.59221316050653
0.0
67.10133566757537;-15.312918257102135;-2548.423297412886
73.25666024628397;42815.55992504779;1931.5658894324126
1.9998603086457711;447.74141866406615;-191.57995431024457
0.0
74.46918781015712;-15.501555075349092;-2535.9497019825326
73.25388693502863;42895.74803661304;1934.641628282832
1.9998551760832408;445.1428581046339;-191.5575641508501
0.0
75.19689665918696;-15.521237505027603;-2535.1813612987517
73.2536006665473;42901.116779292905;1934.7241312919305
1.9996417311045431;444.9574669267193;-191.54377735850863
0.0
75.95139312431371;-15.529412772236785;-2543.38631651884
73.25436647465806;42882.37851934321;1934.2016882795035
1.9995148609389284;445.57876530124526;-191.49420980927306
0.0
75.25299188638832;-15.508262459620255;-2543.158505631637
73.25426955746529;42881.12002407131;1934.2205932308339
1.999596051594768;445.19147294306407;-191.48568648080496
0.0
75.34650590090303;-15.510491129885052;-2545.122086391144
73.25411481765472;42885.38435539823;1934.4580309698588
1.9996015842039832;445.1533028134513;-191.45771080430097
0.0
63.69254618217311;-15.212306261934224;-2530.422723226482
73.27660723733963;42756.1037115606;1928.3424318777845
1.9989730954760259;449.96059568944634;-191.75866881571775
0.0
63.813882745108316;-15.211837005634877;-2536.3154798123965
73.26747408742673;42749.950666480945;1928.3775441913692
1.999241650631131;449.9595780583391;-191.67100193662208
0.0
63.81501331447506;-15.21190646782704;-2540.6410340114267
73.27493996741;42749.7669199038;1928.518068480601
1.9997515793814749;449.8206649991552;-191.61880150484745
0.0
67.22940304068828;-15.315403066569319;-2549.8885181413984
73.25668427619678;42815.16096082378;1931.5455104461987
1.9998861418205625;447.76271025876724;-191.56723484002083
0.0
74.41054902143948;-15.494791135378897;-2536.1568103459667
73.25390380282835;42894.09597799017;1934.6009882926642
1.9998964231839802;445.1724664372021;-191.5559304120549
0.0
75.57132297351691;-15.522897300213836;-2535.186089756411
73.25370339617183;42899.99378548563;1934.7202535891954
1.9997672983684311;445.0816452457405;-191.5222519524343
0.0
75.3174612557024;-15.516599660552723;-2538.719749780675
73.2538405746009;42897.42725461742;1934.7249260129229
1.9997287859171218;444.9891503176949;-191.50400984878118
0.0
67.53947121607011;-15.287313455206572;-2551.6311893303064
73.25691548416127;42801.07944168043;1931.3624549870951
1.9996706391194878;447.77368669142135;-191.4700410367821
0.0
70.31127785189341;-15.379718467509461;-2550.8365160876256
73.25580819962855;42831.569793404306;1932.345779862545
1.9995910933201455;447.96561038389746;-191.46990947698978
0.0
67.854265853525;-15.313342286986384;-2562.788780400209
73.25752623453991;42773.92144033093;1930.3196313453766
1.9995574130266063;449.791846969032;-191.39309981196777
0.0
75.41465904551012;-15.49662311877743;-2549.4926739570537
73.25457898610134;42878.10978221599;1934.3898410294096
1.999658960721076;445.42690933603075;-191.35507081323675
0.0
74.15406743133948;-15.46540371444058;-2558.823379457731
73.25483157147113;42847.94799967241;1933.2055960551938
1.9996328589678385;446.6489379637739;-191.3147811619786
0.0
63.9440004687827;-15.221210063356377;-2544.7447959280607
73.27317678952845;42748.71300922498;1928.666451208686
1.9998347164186365;449.9424156474006;-191.5761955455958
0.0
75.71644850640526;-15.530093408919797;-2537.6420734700782
73.2536621760145;42899.57015964129;1934.7874674483066
1.999932697321554;445.07185841855727;-191.50381906466836
0.0
72.74211094498585;-15.445070624907759;-2553.3799064688196
73.25536292133063;42844.19636579063;1932.877298797975
1.999890736052138;446.7738682854326;-191.45453097583345
0.0
67.82775785631058;-15.32334694973673;-2554.445526844085
73.25660201014044;42814.343383681524;1931.9536821168776
1.9998307748316246;447.70360684538537;-191.4487034818839
0.0
67.81632762064177;-15.323612364831654;-2554.030559086269
73.25659076022436;42815.20074434654;1931.998858971932
1.9998085069424532;447.7006968586237;-191.44726800115419
0.0
67.82950340570991;-15.323383242982919;-2554.479959802593
73.25659564803142;42814.53521952454;1931.9721282859675
1.9998470797333174;447.6976891712622;-191.44485377768652
0.0
74.75634526616689;-15.504043065827974;-2544.2167090407324
73.25406389371598;42888.34003937621;1934.5786599214096
1.9998409586223196;445.2380493759998;-191.4426197146297
0.0
73.59808795325782;-15.453603982312334;-2543.40030786498
73.25470281464138;42873.11961740937;1934.1354196167185
1.9998029182710855;445.2498076657686;-191.4141409002678
0.0
74.67100996541005;-15.49609040698507;-2546.0040336396955
73.25409001995506;42883.807546502976;1934.527810806211
1.999901941046247;445.20574388766636;-191.39444080120873
0.0
74.3281727249201;-15.471106263590597;-2559.090536622439
73.2547491697732;42857.70506652438;1933.8396016090392
1.9997499782644006;446.5836487695656;-191.26038977072906
0.0
75.25466587720223;-15.508272291296468;-2543.3962660825437
73.2541714742695;42885.01294825884;1934.3640597064564
1.9999992438708836;445.26814032025413;-191.49163404434836
0.0
72.66054133535806;-15.443207005826931;-2553.2072126277308
73.25535322892405;42844.36107721547;1932.875554139475
1.9999394384586302;446.7726761263354;-191.45545807755258
0.0
72.66054133535806;-15.443207005826931;-2553.2072126277308
73.25535322892405;42844.36107721547;1932.875554139475
1.9999394384586302;446.7726761263354;-191.45545807755258
0.0
72.66054133535806;-15.443207005826931;-2553.2072126277308
73.25535322892405;42844.36107721547;1932.875554139475
1.9999394384586302;446.7726761263354;-191.45545807755258
0.0
74.68474603125706;-15.497495195420436;-2546.1791991688574
73.25408113018429;42885.5653581502;1934.6156806150734
1.9999469870679294;445.2176867459706;-191.39357660998664
0.0
63.66241824341275;-15.209842875397898;-2525.383662619966
73.2780827351183;42757.48078373139;1928.2016017055344
1.9984923707789919;449.977946489762;-191.8240267849439
0.0
63.71481180434311;-15.221661099467532;-2526.6123888791294
73.27398745498532;42760.76570528002;1928.395570171372
1.9988637566822232;449.9177355259078;-191.82198107653656
0.0
63.665997724928374;-15.20982071561587;-2527.146735772285
73.2777062251166;42757.008235679124;1928.249205437982
1.9987101520207164;449.96667168600686;-191.8009299097948
0.0
63.650754468896025;-15.201151631262915;-2527.4818316038513
73.28008380152194;42753.36558136154;1928.1048563510042
1.9987629023888778;449.95944836102007;-191.7875675059138
0.0
63.89772201595448;-15.235997343168764;-2533.9361887308833
73.2590927187502;42758.63938879604;1928.621298390701
1.9983416329899033;449.980506774666;-191.7551038300851
0.0
74.84508698174022;-15.505759196611427;-2530.8300134186775
73.25419753182949;42891.89313093889;1934.0887406352217
1.9998100788775397;445.51813405990885;-191.68279457669186
0.0
75.06320335908747;-15.520355016749619;-2528.7047800398163
73.25394387948653;42895.487448557105;1934.1672385983688
1.999983989665494;445.2331866217529;-191.67316057797046
0.0
63.77735264423033;-15.214489861596808;-2536.0837309649983
73.2735989270374;42753.26099564982;1928.4957190224904
1.999658362963803;449.8623892964114;-191.6706990898166
0.0
74.92816791394615;-15.517843506451436;-2528.9923192591577
73.2539507883858;42895.11750051209;1934.1849466647036
1.9998683189674653;445.238384672422;-191.6644755607517
0.0
74.94165580743241;-15.510383996677245;-2530.1891109772755
73.25408272678864;42892.82033634791;1934.2098879952293
1.9997711021632616;445.3308817143859;-191.6591808712733
0.0
75.14051659081471;-15.52275563333686;-2535.0917345165276
73.25364700895364;42901.56789879393;1934.7414358492035
1.9996357921914003;444.96517389578804;-191.54560210374783
0.0
75.79368426683267;-15.526742024587849;-2541.627214255783
73.25435917491085;42886.495204256185;1934.400584834966
1.999519435181647;445.5512677227219;-191.49908391260374
0.0
75.2777507764042;-15.51048625008133;-2544.869206696407
73.25443948772063;42881.608209599945;1934.2309279433812
1.9996010250049332;445.3941499351462;-191.4811216579851
0.0
63.662825786981315;-15.208188337376367;-2525.7495358951205
73.27817739976427;42756.36290945141;1928.1686807682129
1.9994586718059737;449.9863489525663;-191.8182131962317
0.0
63.662825786981315;-15.208188337376367;-2525.7495358951205
73.27817739976427;42756.36290945141;1928.1686807682129
1.9994586718059737;449.9863489525663;-191.8182131962317
0.0
63.662825786981315;-15.208188337376367;-2525.7495358951205
73.27817739976427;42756.36290945141;1928.1686807682129
1.9994586718059737;449.9863489525663;-191.8182131962317
0.0
63.730118504256595;-15.21044318862065;-2538.1389705175097
73.27622468804024;42752.97070979839;1928.5778778596598
1.999896766330911;449.67812609812637;-191.63164043147628
0.0
63.82200411085031;-15.216233541983435;-2540.353571360716
73.2676441636618;42750.97624838141;1928.5786945094576
1.9994249660702679;449.92355338470344;-191.6180412082922
0.0
70.5831415740711;-15.403925492348444;-2556.838770391651
73.25622846487192;42828.91410918683;1932.2033360820099
1.9998887554534406;448.7032258449656;-191.48729286730264
0.0
74.5043960565487;-15.50436610098746;-2542.3721675313864
73.25393603233123;42900.59327881824;1935.11595130761
1.99982977248672;445.1899177533612;-191.48604948629517
0.0
74.61676881018491;-15.49910924190414;-2542.779021750834
73.25418693082692;42886.88354782034;1934.4512982016236
1.999784139748559;445.3322146853337;-191.4787340636252
0.0
75.2384407827888;-15.502819300862855;-2548.5580790347562
73.25415511636086;42884.95186480195;1934.5573756459921
1.99990710936657;445.08589254235153;-191.42017704506173
0.0
75.2384407827888;-15.502819300862855;-2548.5580790347562
73.25415511636086;42884.95186480195;1934.5573756459921
1.99990710936657;445.08589254235153;-191.42017704506173
0.0
75.2384407827888;-15.502819300862855;-2548.5580790347562
73.25415511636086;42884.95186480195;1934.5573756459921
1.99990710936657;445.08589254235153;-191.42017704506173
0.0
75.2494089409454;-15.507916132142293;-2549.3351919052225
73.25416515833452;42884.65137501313;1934.5809000927406
1.9998883766497473;445.10450148392545;-191.4073175466802
0.0
63.853346750217845;-15.217524415545506;-2542.501990845041
73.28055303932139;42750.97153296301;1928.67180070064
1.9998069753873902;449.92678643379;-191.59525910829396
0.0
63.87539707232671;-15.218105500344674;-2543.969759557993
73.27267982724713;42750.263487355754;1928.6995626925586
1.9996809342417439;449.97640137855956;-191.5776227525764
0.0
74.63052955710312;-15.500509265534507;-2542.906770541102
73.25417808544358;42888.63811364843;1934.5390153146932
1.9998286065546909;445.3445782855278;-191.47786642274806
0.0
67.88391543540365;-15.326294171612167;-2553.7208012148494
73.25663099456926;42815.29015199716;1931.9782619696293
1.999853727441655;447.7116358944368;-191.45647171978206
0.0
72.39891560163129;-15.426538879483243;-2552.5770760828123
73.25560135164913;42844.7418357837;1932.8866443106347
1.9999533054385639;446.87656429172404;-191.45448868648316
0.0
73.61457370858449;-15.451652140094986;-2544.2318858543713
73.25478375213945;42871.7352310741;1934.114458844675
1.9999805025420503;445.45260743947966;-191.39794568565227
0.0
74.28833207586992;-15.468810822377302;-2557.931049168786
73.25485379753454;42859.28824769683;1933.9241093558708
1.9999202233300117;447.3068154479387;-191.2580385314944
0.0
63.62151902386933;-15.215261865223823;-2520.282617341945
73.2863173454461;42760.92047113138;1928.1428704809593
1.9990203820453873;449.8831884864544;-191.8999617423346
0.0
63.62384506841537;-15.216590117942925;-2519.4107759961107
73.28618674462855;42761.41486222107;1928.2092235361945
1.9992038138294084;449.8524927150101;-191.8850637885876
0.0
63.66391191652875;-15.218707579283805;-2522.9803883783334
73.28210128421946;42761.148060189094;1928.2599962109975
1.9992760509752776;449.8120502963359;-191.86709023020305
0.0
63.715503054539546;-15.217355034455297;-2527.3553854400493
73.27520244530893;42761.55296756921;1928.427028996183
1.9988453008687115;449.9414173006134;-191.81832614154973
0.0
63.67705250659595;-15.218137783438975;-2526.7279764295586
73.27888819954595;42760.05619947594;1928.3715502171772
1.998957198592606;449.93494737654987;-191.81589007040267
0.0
63.85967448085094;-15.244172374712617;-2530.3013008131634
73.26007266479628;42765.19214624288;1928.755205677636
1.998346718555059;449.9528614380281;-191.80992509119525
0.0
63.85972570009968;-15.244297251749153;-2530.7662119083006
73.26013693668989;42764.91370753977;1928.7632631437255
1.998324608982521;449.9403133944221;-191.8034421115747
0.0
63.86218746521484;-15.244931993862982;-2530.8042557789972
73.25987855653568;42765.09897170601;1928.7736588129667
1.9983526899021489;449.9361029776793;-191.80308508604674
0.0
63.86218746521484;-15.244931993862982;-2530.8042557789972
73.25987855653568;42765.09897170601;1928.7736588129667
1.9983526899021489;449.9361029776793;-191.80308508604674
0.0
63.86218746521484;-15.244931993862982;-2530.8042557789972
73.25987855653568;42765.09897170601;1928.7736588129667
1.9983526899021489;449.9361029776793;-191.80308508604674
0.0
63.86218746521484;-15.244931993862982;-2530.8042557789972
73.25987855653568;42765.09897170601;1928.7736588129667
1.9983526899021489;449.9361029776793;-191.80308508604674
0.0
63.86218746521484;-15.244931993862982;-2530.8042557789972
73.25987855653568;42765.09897170601;1928.7736588129667
1.9983526899021489;449.9361029776793;-191.80308508604674
0.0
63.86218746521484;-15.244931993862982;-2530.8042557789972
73.25987855653568;42765.09897170601;1928.7736588129667
1.9983526899021489;449.9361029776793;-191.80308508604674
0.0
63.86218746521484;-15.244931993862982;-2530.8042557789972
73.25987855653568;42765.09897170601;1928.7736588129667
1.9983526899021489;449.9361029776793;-191.80308508604674
0.0
63.86218746521484;-15.244931993862982;-2530.8042557789972
73.25987855653568;42765.09897170601;1928.7736588129667
1.9983526899021489;449.9361029776793;-191.80308508604674
0.0
63.86218746521484;-15.244931993862982;-2530.8042557789972
73.25987855653568;42765.09897170601;1928.7736588129667
1.9983526899021489;449.9361029776793;-191.80308508604674
0.0
63.86218746521484;-15.244931993862982;-2530.8042557789972
73.25987855653568;42765.09897170601;1928.7736588129667
1.9983526899021489;449.9361029776793;-191.80308508604674
0.0
63.86218746521484;-15.244931993862982;-2530.8042557789972
73.25987855653568;42765.09897170601;1928.7736588129667
1.9983526899021489;449.9361029776793;-191.80308508604674
0.0
63.86218746521484;-15.244931993862982;-2530.8042557789972
73.25987855653568;42765.09897170601;1928.7736588129667
1.9983526899021489;449.9361029776793;-191.80308508604674
0.0
63.86218746521484;-15.244931993862982;-2530.8042557789972
73.25987855653568;42765.09897170601;1928.7736588129667
1.9983526899021489;449.9361029776793;-191.80308508604674
0.0
63.86218746521484;-15.244931993862982;-2530.8042557789972
73.25987855653568;42765.09897170601;1928.7736588129667
1.9983526899021489;449.9361029776793;-191.80308508604674
0.0
63.86218746521484;-15.244931993862982;-2530.8042557789972
73.25987855653568;42765.09897170601;1928.7736588129667
1.9983526899021489;449.9361029776793;-191.80308508604674
0.0
63.86218746521484;-15.244931993862982;-2530.8042557789972
73.25987855653568;42765.09897170601;1928.7736588129667
1.9983526899021489;449.9361029776793;-191.80308508604674
0.0
63.86218746521484;-15.244931993862982;-2530.8042557789972
73.25987855653568;42765.09897170601;1928.7736588129667
1.9983526899021489;449.9361029776793;-191.80308508604674
0.0
63.86218746521484;-15.244931993862982;-2530.8042557789972
73.25987855653568;42765.09897170601;1928.7736588129667
1.9983526899021489;449.9361029776793;-191.80308508604674
0.0
63.86218746521484;-15.244931993862982;-2530.8042557789972
73.25987855653568;42765.09897170601;1928.7736588129667
1.9983526899021489;449.9361029776793;-191.80308508604674
0.0
63.86218746521484;-15.244931993862982;-2530.8042557789972
73.25987855653568;42765.09897170601;1928.7736588129667
1.9983526899021489;449.9361029776793;-191.80308508604674
0.0
63.86218746521484;-15.244931993862982;-2530.8042557789972
73.25987855653568;42765.09897170601;1928.7736588129667
1.9983526899021489;449.9361029776793;-191.80308508604674
0.0
63.86218746521484;-15.244931993862982;-2530.8042557789972
73.25987855653568;42765.09897170601;1928.7736588129667
1.9983526899021489;449.9361029776793;-191.80308508604674
0.0
63.86218746521484;-15.244931993862982;-2530.8042557789972
73.25987855653568;42765.09897170601;1928.7736588129667
1.9983526899021489;449.9361029776793;-191.80308508604674
0.0
63.86218746521484;-15.244931993862982;-2530.8042557789972
73.25987855653568;42765.09897170601;1928.7736588129667
1.9983526899021489;449.9361029776793;-191.80308508604674
0.0
63.86218746521484;-15.244931993862982;-2530.8042557789972
73.25987855653568;42765.09897170601;1928.7736588129667
1.9983526899021489;449.9361029776793;-191.80308508604674
0.0
63.86218746521484;-15.244931993862982;-2530.8042557789972
73.25987855653568;42765.09897170601;1928.7736588129667
1.9983526899021489;449.9361029776793;-191.80308508604674
0.0
63.86218746521484;-15.244931993862982;-2530.8042557789972
73.25987855653568;42765.09897170601;1928.7736588129667
1.9983526899021489;449.9361029776793;-191.80308508604674
0.0
63.86218746521484;-15.244931993862982;-2530.8042557789972
73.25987855653568;42765.09897170601;1928.7736588129667
1.9983526899021489;449.9361029776793;-191.80308508604674
0.0
63.86218746521484;-15.244931993862982;-2530.8042557789972
73.25987855653568;42765.09897170601;1928.7736588129667
1.9983526899021489;449.9361029776793;-191.80308508604674
0.0
63.86218746521484;-15.244931993862982;-2530.8042557789972
73.25987855653568;42765.09897170601;1928.7736588129667
1.9983526899021489;449.9361029776793;-191.80308508604674
0.0
63.86218746521484;-15.244931993862982;-2530.8042557789972
73.25987855653568;42765.09897170601;1928.7736588129667
1.9983526899021489;449.9361029776793;-191.80308508604674
0.0
63.86218746521484;-15.244931993862982;-2530.8042557789972
73.25987855653568;42765.09897170601;1928.7736588129667
1.9983526899021489;449.9361029776793;-191.80308508604674
0.0
63.86218746521484;-15.244931993862982;-2530.8042557789972
73.25987855653568;42765.09897170601;1928.7736588129667
1.9983526899021489;449.9361029776793;-191.80308508604674
0.0
63.86218746521484;-15.244931993862982;-2530.8042557789972
73.25987855653568;42765.09897170601;1928.7736588129667
1.9983526899021489;449.9361029776793;-191.80308508604674
0.0
63.86218746521484;-15.244931993862982;-2530.8042557789972
73.25987855653568;42765.09897170601;1928.7736588129667
1.9983526899021489;449.9361029776793;-191.80308508604674
0.0
63.86218746521484;-15.244931993862982;-2530.8042557789972
73.25987855653568;42765.09897170601;1928.7736588129667
1.9983526899021489;449.9361029776793;-191.80308508604674
0.0
63.86218746521484;-15.244931993862982;-2530.8042557789972
73.25987855653568;42765.09897170601;1928.7736588129667
1.9983526899021489;449.9361029776793;-191.80308508604674
0.0
63.86218746521484;-15.244931993862982;-2530.8042557789972
73.25987855653568;42765.09897170601;1928.7736588129667
1.9983526899021489;449.9361029776793;-191.80308508604674
0.0
63.86218746521484;-15.244931993862982;-2530.8042557789972
73.25987855653568;42765.09897170601;1928.7736588129667
1.9983526899021489;449.9361029776793;-191.80308508604674
0.0
63.86218746521484;-15.244931993862982;-2530.8042557789972
73.25987855653568;42765.09897170601;1928.7736588129667
1.9983526899021489;449.9361029776793;-191.80308508604674
0.0
63.86218746521484;-15.244931993862982;-2530.8042557789972
73.25987855653568;42765.09897170601;1928.7736588129667
1.9983526899021489;449.9361029776793;-191.80308508604674
0.0
63.86218746521484;-15.244931993862982;-2530.8042557789972
73.25987855653568;42765.09897170601;1928.7736588129667
1.9983526899021489;449.9361029776793;-191.80308508604674
0.0
63.86218746521484;-15.244931993862982;-2530.8042557789972
73.25987855653568;42765.09897170601;1928.7736588129667
1.9983526899021489;449.9361029776793;-191.80308508604674
0.0
63.86218746521484;-15.244931993862982;-2530.8042557789972
73.25987855653568;42765.09897170601;1928.7736588129667
1.9983526899021489;449.9361029776793;-191.80308508604674
0.0
63.86218746521484;-15.244931993862982;-2530.8042557789972
73.25987855653568;42765.09897170601;1928.7736588129667
1.9983526899021489;449.9361029776793;-191.80308508604674
0.0
63.86218746521484;-15.244931993862982;-2530.8042557789972
73.25987855653568;42765.09897170601;1928.7736588129667
1.9983526899021489;449.9361029776793;-191.80308508604674
0.0
63.86218746521484;-15.244931993862982;-2530.8042557789972
73.25987855653568;42765.09897170601;1928.7736588129667
1.9983526899021489;449.9361029776793;-191.80308508604674
0.0
63.86218746521484;-15.244931993862982;-2530.8042557789972
73.25987855653568;42765.09897170601;1928.7736588129667
1.9983526899021489;449.9361029776793;-191.80308508604674
0.0
63.86218746521484;-15.244931993862982;-2530.8042557789972
73.25987855653568;42765.09897170601;1928.7736588129667
1.9983526899021489;449.9361029776793;-191.80308508604674
0.0
63.86218746521484;-15.244931993862982;-2530.8042557789972
73.25987855653568;42765.09897170601;1928.7736588129667
1.9983526899021489;449.9361029776793;-191.80308508604674
0.0
63.86218746521484;-15.244931993862982;-2530.8042557789972
73.25987855653568;42765.09897170601;1928.7736588129667
1.9983526899021489;449.9361029776793;-191.80308508604674
0.0
63.86218746521484;-15.244931993862982;-2530.8042557789972
73.25987855653568;42765.09897170601;1928.7736588129667
1.9983526899021489;449.9361029776793;-191.80308508604674
0.0
63.86218746521484;-15.244931993862982;-2530.8042557789972
73.25987855653568;42765.09897170601;1928.7736588129667
1.9983526899021489;449.9361029776793;-191.80308508604674
0.0
63.86218746521484;-15.244931993862982;-2530.8042557789972
73.25987855653568;42765.09897170601;1928.7736588129667
1.9983526899021489;449.9361029776793;-191.80308508604674
0.0
63.86218746521484;-15.244931993862982;-2530.8042557789972
73.25987855653568;42765.09897170601;1928.7736588129667
1.9983526899021489;449.9361029776793;-191.80308508604674
0.0
63.86218746521484;-15.244931993862982;-2530.8042557789972
73.25987855653568;42765.09897170601;1928.7736588129667
1.9983526899021489;449.9361029776793;-191.80308508604674
0.0
63.86218746521484;-15.244931993862982;-2530.8042557789972
73.25987855653568;42765.09897170601;1928.7736588129667
1.9983526899021489;449.9361029776793;-191.80308508604674
0.0
63.86218746521484;-15.244931993862982;-2530.8042557789972
73.25987855653568;42765.09897170601;1928.7736588129667
1.9983526899021489;449.9361029776793;-191.80308508604674
0.0
63.86218746521484;-15.244931993862982;-2530.8042557789972
73.25987855653568;42765.09897170601;1928.7736588129667
1.9983526899021489;449.9361029776793;-191.80308508604674
0.0
63.86218746521484;-15.244931993862982;-2530.8042557789972
73.25987855653568;42765.09897170601;1928.7736588129667
1.9983526899021489;449.9361029776793;-191.80308508604674
0.0
63.86218746521484;-15.244931993862982;-2530.8042557789972
73.25987855653568;42765.09897170601;1928.7736588129667
1.9983526899021489;449.9361029776793;-191.80308508604674
0.0
63.86218746521484;-15.244931993862982;-2530.8042557789972
73.25987855653568;42765.09897170601;1928.7736588129667
1.9983526899021489;449.9361029776793;-191.80308508604674
0.0
63.86218746521484;-15.244931993862982;-2530.8042557789972
73.25987855653568;42765.09897170601;1928.7736588129667
1.9983526899021489;449.9361029776793;-191.80308508604674
0.0
63.86218746521484;-15.244931993862982;-2530.8042557789972
73.25987855653568;42765.09897170601;1928.7736588129667
1.9983526899021489;449.9361029776793;-191.80308508604674
0.0
63.86218746521484;-15.244931993862982;-2530.8042557789972
73.25987855653568;42765.09897170601;1928.7736588129667
1.9983526899021489;449.9361029776793;-191.80308508604674
0.0
63.86218746521484;-15.244931993862982;-2530.8042557789972
73.25987855653568;42765.09897170601;1928.7736588129667
1.9983526899021489;449.9361029776793;-191.80308508604674
0.0
63.86218746521484;-15.244931993862982;-2530.8042557789972
73.25987855653568;42765.09897170601;1928.7736588129667
1.9983526899021489;449.9361029776793;-191.80308508604674
0.0
63.86218746521484;-15.244931993862982;-2530.8042557789972
73.25987855653568;42765.09897170601;1928.7736588129667
1.9983526899021489;449.9361029776793;-191.80308508604674
0.0
63.86218746521484;-15.244931993862982;-2530.8042557789972
73.25987855653568;42765.09897170601;1928.7736588129667
1.9983526899021489;449.9361029776793;-191.80308508604674
0.0
63.86218746521484;-15.244931993862982;-2530.8042557789972
73.25987855653568;42765.09897170601;1928.7736588129667
1.9983526899021489;449.9361029776793;-191.80308508604674
0.0
63.86218746521484;-15.244931993862982;-2530.8042557789972
73.25987855653568;42765.09897170601;1928.7736588129667
1.9983526899021489;449.9361029776793;-191.80308508604674
0.0
63.86218746521484;-15.244931993862982;-2530.8042557789972
73.25987855653568;42765.09897170601;1928.7736588129667
1.9983526899021489;449.9361029776793;-191.80308508604674
0.0
63.86218746521484;-15.244931993862982;-2530.8042557789972
73.25987855653568;42765.09897170601;1928.7736588129667
1.9983526899021489;449.9361029776793;-191.80308508604674
0.0
63.86218746521484;-15.244931993862982;-2530.8042557789972
73.25987855653568;42765.09897170601;1928.7736588129667
1.9983526899021489;449.9361029776793;-191.80308508604674
0.0
63.86218746521484;-15.244931993862982;-2530.8042557789972
73.25987855653568;42765.09897170601;1928.7736588129667
1.9983526899021489;449.9361029776793;-191.80308508604674
0.0
63.86218746521484;-15.244931993862982;-2530.8042557789972
73.25987855653568;42765.09897170601;1928.7736588129667
1.9983526899021489;449.9361029776793;-191.80308508604674
0.0
63.86218746521484;-15.244931993862982;-2530.8042557789972
73.25987855653568;42765.09897170601;1928.7736588129667
1.9983526899021489;449.9361029776793;-191.80308508604674
0.0
63.86218746521484;-15.244931993862982;-2530.8042557789972
73.25987855653568;42765.09897170601;1928.7736588129667
1.9983526899021489;449.9361029776793;-191.80308508604674
0.0
63.86218746521484;-15.244931993862982;-2530.8042557789972
73.25987855653568;42765.09897170601;1928.7736588129667
1.9983526899021489;449.9361029776793;-191.80308508604674
0.0
63.86218746521484;-15.244931993862982;-2530.8042557789972
73.25987855653568;42765.09897170601;1928.7736588129667
1.9983526899021489;449.9361029776793;-191.80308508604674
0.0
63.86218746521484;-15.244931993862982;-2530.8042557789972
73.25987855653568;42765.09897170601;1928.7736588129667
1.9983526899021489;449.9361029776793;-191.80308508604674
0.0
63.86218746521484;-15.244931993862982;-2530.8042557789972
73.25987855653568;42765.09897170601;1928.7736588129667
1.9983526899021489;449.9361029776793;-191.80308508604674
0.0
63.86218746521484;-15.244931993862982;-2530.8042557789972
73.25987855653568;42765.09897170601;1928.7736588129667
1.9983526899021489;449.9361029776793;-191.80308508604674
0.0
63.86218746521484;-15.244931993862982;-2530.8042557789972
73.25987855653568;42765.09897170601;1928.7736588129667
1.9983526899021489;449.9361029776793;-191.80308508604674
0.0
63.86218746521484;-15.244931993862982;-2530.8042557789972
73.25987855653568;42765.09897170601;1928.7736588129667
1.9983526899021489;449.9361029776793;-191.80308508604674
0.0
63.86218746521484;-15.244931993862982;-2530.8042557789972
73.25987855653568;42765.09897170601;1928.7736588129667
1.9983526899021489;449.9361029776793;-191.80308508604674
0.0
63.86218746521484;-15.244931993862982;-2530.8042557789972
73.25987855653568;42765.09897170601;1928.7736588129667
1.9983526899021489;449.9361029776793;-191.80308508604674
0.0
63.86218746521484;-15.244931993862982;-2530.8042557789972
73.25987855653568;42765.09897170601;1928.7736588129667
1.9983526899021489;449.9361029776793;-191.80308508604674
0.0
63.86218746521484;-15.244931993862982;-2530.8042557789972
73.25987855653568;42765.09897170601;1928.7736588129667
1.9983526899021489;449.9361029776793;-191.80308508604674
0.0
63.86218746521484;-15.244931993862982;-2530.8042557789972
73.25987855653568;42765.09897170601;1928.7736588129667
1.9983526899021489;449.9361029776793;-191.80308508604674
0.0
63.86218746521484;-15.244931993862982;-2530.8042557789972
73.25987855653568;42765.09897170601;1928.7736588129667
1.9983526899021489;449.9361029776793;-191.80308508604674
0.0
63.86218746521484;-15.244931993862982;-2530.8042557789972
73.25987855653568;42765.09897170601;1928.7736588129667
1.9983526899021489;449.9361029776793;-191.80308508604674
0.0
63.86218746521484;-15.244931993862982;-2530.8042557789972
73.25987855653568;42765.09897170601;1928.7736588129667
1.9983526899021489;449.9361029776793;-191.80308508604674
0.0
63.86218746521484;-15.244931993862982;-2530.8042557789972
73.25987855653568;42765.09897170601;1928.7736588129667
1.9983526899021489;449.9361029776793;-191.80308508604674
0.0
63.86218746521484;-15.244931993862982;-2530.8042557789972
73.25987855653568;42765.09897170601;1928.7736588129667
1.9983526899021489;449.9361029776793;-191.80308508604674
0.0
63.86218746521484;-15.244931993862982;-2530.8042557789972
73.25987855653568;42765.09897170601;1928.7736588129667
1.9983526899021489;449.9361029776793;-191.80308508604674
0.0
63.86218746521484;-15.244931993862982;-2530.8042557789972
73.25987855653568;42765.09897170601;1928.7736588129667
1.9983526899021489;449.9361029776793;-191.80308508604674
0.0
63.86218746521484;-15.244931993862982;-2530.8042557789972
73.25987855653568;42765.09897170601;1928.7736588129667
1.9983526899021489;449.9361029776793;-191.80308508604674
0.0
63.86218746521484;-15.244931993862982;-2530.8042557789972
73.25987855653568;42765.09897170601;1928.7736588129667
1.9983526899021489;449.9361029776793;-191.80308508604674
0.0
75.60665665757963;-15.530801444413989;-2533.469329516034
73.25374318926657;42904.04630140415;1934.7586583509328
1.9997696364054072;445.0653124754992;-191.58083617454855
0.0
75.317522431188;-15.5232416462997;-2534.76838945756
73.25366003303557;42902.70102369367;1934.7942951260445
1.9997180703001447;444.9975879857889;-191.5585631905732
0.0
74.04092125874354;-15.481621741223869;-2535.427509347798
73.25446469756325;42889.17587860574;1934.4360423309663
1.9994945135576185;445.08680982531223;-191.50881703289906
0.0
63.879532885408906;-15.238060686383072;-2531.642399496478
73.26034149513846;42762.56020704111;1928.6951651570607
1.9983323952124565;449.96669704081035;-191.78678426257073
