10 3
2 -7.830992e+00 9.116473e+00 -3.352227e+00 
2 -7.830992e+00 4.773971e+00 -3.352227e+00 
1 9.522297e+00 6.357117e+00 1.416026e+00 
2 -1.372316e+00 1.566791e+00 -1.297904e+00 
2 -5.129324e+00 6.126399e+00 -6.375523e+00 
0 2.925168e+00 5.267449e+00 4.002286e+00 
0 2.925168e+00 -8.077245e+00 4.002286e+00 
2 5.259953e+00 -1.922138e+00 8.902326e+00 
1 -4.577017e+00 -2.382799e+00 9.022080e+00 
1 -4.577017e+00 3.752070e+00 9.022080e+00 
0 1.808963e+38 -1.489203e+38 3.167381e+38 
0 1.808963e+38 2.177735e+38 5.647808e+37 
-1 2.821625e+38 -7.791383e+37 1.192214e+38 
-1 2.236690e+38 1.495745e+38 1.355810e+38 
-1 2.236690e+38 1.495745e+38 1.355810e+38 
2 -3.233541e+38 5.024610e+37 2.181484e+38 
0 -2.674626e+38 -1.521176e+38 -6.381421e+37 
0 -5.771430e+37 3.510733e+37 -1.685909e+38 
0 -5.771430e+37 3.510733e+37 -1.685909e+38 
0 -2.551338e+38 -1.000976e+38 -1.988911e+38 
