100
2
0.28048508611739703;0.49688269070422275;0.8217973648788193
3.9996933176382776;5.878604797182969e-9
0.4526936341773097;0.15495489862004044;1.029740356385131
3.5961378897496967;0.010743619443429544
0.8029401494865223;0.06901433694291272;0.5956450818974514
3.9325967265437587;0.0002863679722952413
0.4443474001441303;0.8357896144233588;0.3441323010316099
3.9935228722455425;2.6241990862157203e-6
0.9415877621362048;0.24179196494951766;0.2480387855210647
3.9774004581504023;3.20117010071188e-5
0.7988653134449668;0.5954760043882427;0.08523101340660202
3.9660593352684907;7.230513243534945e-5
0.3781854394688973;0.6733868170970755;0.6439918872801463
0.8400150631865367;1.1739216368013623
0.5186643023523858;0.7014596980151595;0.5064249485645523
0.007660530354960019;3.6575627073406483
0.2913873040185945;0.28269130502405765;0.9931251131593779
3.9627498768556375;8.712940173067203e-5
0.5474084792335489;0.8037975512446512;0.26382926691575853
3.1326980971828697;0.05292623963506345
0.6213782782784646;0.17578106502306431;0.7647987452073544
0.7153034037548939;1.3322789492056362
0.5267256170255642;0.7094988336455388;0.4751585945290294
0.018850114417533755;3.469667238973898
0.3516605805922894;0.5234529682886432;0.7769187917042879
0.8712527383071341;1.1376159304595703
0.7087701737766489;0.16591029178452532;0.6876353211194971
0.5958201000581794;1.5082447405032307
0.36748832907114853;0.6550383394644629;0.673869863082651
0.9433205722093853;1.0583329074477372
0.581995240071161;0.13532262467395897;0.8610364795597648
2.3856684854199517;0.207424740898437
0.4689562158325854;0.8190215208622184;0.3620157690378079
2.7845162171196534;0.10976832121268859
0.7321719687518636;0.6102220516783156;0.5736050566955556
0.00779762815969382;3.654580909196532
0.40472112087293755;0.4429900520040577;0.8072272530229464
0.10217771746108241;2.823567738078269
0.38857098463559847;0.4192267846199474;0.8253154557301003
0.2659346396357207;2.203180598512172
0.8752207920207256;0.4512944824727363;0.23488721516575872
1.733812717530394;0.46683982216760284
0.7735678795712851;0.07462702482406465;0.6346124328967926
3.5984225921114095;0.010619123795789498
0.6733922739382354;0.14602128927703337;0.7328619544286753
1.1662279561858129;0.8465465675909312
0.43539097285006445;0.21548509262335372;0.8978198687574938
1.4581332550383357;0.6280057121453562
0.6298860048694829;0.7465324979436107;0.221818362003665
1.7268657862262073;0.47045516874022963
0.7511360792997849;0.6474614405432575;0.14281878391834782
2.5424825621453007;0.16441694674710136
0.6940534202372339;0.16130988690277806;0.7057525525976781
0.717029329560007;1.3299259545565052
0.8975332405021735;0.23663202501914538;0.3761756708059936
1.0193891042122016;0.980797063983921
0.6655310412652176;0.09479267766847496;0.7403391242041942
3.342379163892195;0.02950923326474535
0.7624968289720585;0.6023868394346092;0.30628821487656316
0.31086684348811083;2.080649478339643
0.343358120305075;0.29687501485321965;0.9187342615939308
1.7514974004349195;0.4577314057050134
0.31924908381023326;0.47208174754807625;0.835589303982483
1.8786331025031298;0.396103609645834
0.2870420102932145;0.4082554632105517;0.9057866808609965
3.5652637460241077;0.012501341685829875
0.8309125175072046;0.5482583656929204;0.11934260221583891
3.619447194908065;0.009509276729688687
0.3602738973615217;0.19917155543915022;0.9706427628538801
3.5149802981218725;0.015668011655202083
0.8398175430277777;0.29545524066573525;0.5566360703424857
0.009448350404334817;3.6206378483993644
0.3381773427840551;0.5075707134242704;0.7967439207121151
1.2253479288126747;0.7975305363491152
0.35706069857471673;0.39043761017553574;0.8518772416056278
0.8347992344075456;1.18010530050272
0.3255742584684072;0.22486475073392703;0.9825458787539647
3.6599779897662583;0.007550411784214262
0.4194093853257724;0.25339434349319323;0.8752469770562225
0.9017531172931609;1.1033258273887492
0.8035547470115966;0.5856106846523111;0.10727824177650784
3.083265204333928;0.059573634415524476
0.6931770727781849;0.24149716775884209;0.7226068991517832
0.00014182779394687512;3.9525052378325527
0.8802797987675617;0.35001134183355953;0.3206990961868176
0.31168334684333415;2.0785390278407876
0.9169104314804309;0.16763073422492397;0.3679955890419076
2.896447237775941;0.08886647773974028
0.7569069082117975;0.18228328111717101;0.6276213872895624
0.33912275213077975;2.009752872937594
0.8156425795796928;0.5436293839345913;0.2376989595280354
0.7770701193841273;1.2510068882230585
0.2972071650145468;0.32787716278049994;0.9459649340820506
3.2561124348046437;0.03823193171550629
0.8444519154026642;0.29069223937156075;0.5443307718880469
0.02474723987775811;3.3954970209313284
0.570366191516441;0.7979139885769032;0.19698409185317453
3.7688714415971423;0.0034388673258109012
0.6514407970674262;0.6709609962358699;0.6220949124953419
0.00031241624144203876;3.929611214956933
0.81315292985313;0.5715992614925637;0.11024332511860431
2.973042867853076;0.07603729400806016
0.7979325516601908;0.56046455482209;0.27038155364670763
0.43816194133613307;1.7904098643134128
0.8923752722377689;0.33810211869370854;0.3025537467881791
0.6183213845155134;1.472984812342638
0.6040788326597453;0.7740773799003859;0.2089124495898695
3.008566544455919;0.07047857216162819
0.6547117739649979;0.14792967297546755;0.7446485301000213
1.2179129263655508;0.8035492324852184
0.7202761749037867;0.10663357311302989;0.70826276193391
2.282046625512045;0.23946886364644196
0.43013532489923867;0.344067521033878;0.8360390235782984
0.10798101811891662;2.7935624052323424
0.7314261059003042;0.6679463817616454;0.13770978821344826
2.4479676322580324;0.18957469827501836
0.47715674154972276;0.7287603653446526;0.6133746346874528
0.2182642280689516;2.3495139373390144
0.5026042762650573;0.7160813904455609;0.4904641884358955
0.06715531841073367;3.0305815899322726
0.5103014575142378;0.7217145398886852;0.47153758656863953
0.0823111878743314;2.934714130545714
0.3713093852079753;0.24087251510261434;0.9355627302124808
1.9647251067975353;0.35797901759743983
0.7872882635883405;0.0803454574732006;0.6154959382578276
3.3075450555023362;0.03288211567911857
0.8621529973218062;0.36447411276345487;0.3972976536496601
0.06752137608479407;3.0281263513917254
0.850336561557505;0.4011019690758651;0.4172881896979871
0.023974375763276184;3.4046279361897374
0.5510797427148946;0.1919731169213572;0.815119299679375
0.8170855970909214;1.20137411061212
0.9337733583789408;0.27583479806425915;0.22888359040786438
3.190395543670684;0.045724193725261604
0.9269449697618839;0.2731656135037392;0.2584471451755327
2.4237062867872976;0.1964034526064544
0.7394107122860782;0.6365247319192557;0.3235921144592132
0.5606563001107302;1.5655768684809641
0.308647859840448;0.5496626423837914;0.780105761901925
2.4580975255595425;0.18676908503335046
0.8835585611647256;0.3725875555358346;0.28600119698548326
0.5015277008097535;1.668782881212327
0.7845150098653951;0.5373097086133009;0.5926832804349824
1.7006153693469053e-5;3.9835215989415174
0.3057229392846155;0.28909594041842573;0.9582341256622724
3.1885321601772927;0.0459475745502745
0.32092677543804554;0.43091343644473684;0.844492730303545
1.8304797450025236;0.4186708126731146
0.6632453521497722;0.7361749730728807;0.1352355124958446
3.638876715224309;0.008540717144739241
0.5157955331499411;0.24467831490100045;0.8330334249555134
0.2347904178568887;2.296583337663903
0.4963502693078283;0.75348507758052;0.44949496926663557
0.4233132934674512;1.820812055143208
0.3734466170599231;0.78598710211717;0.5289765426991255
2.728364399137719;0.1212598603701127
0.8577832573542258;0.4926941158105475;0.16349080077458797
2.1402366438384277;0.2884175846556472
0.3333061800759939;0.7406601009142617;0.5891624330748784
3.0135375182683677;0.06972010330893612
0.48603757631211475;0.7795531006635992;0.4023261055175187
1.0036809725244424;0.9963257898146445
0.31087364855277827;0.5325016335170492;0.8015130300152351
2.31175065278258;0.22997373772549443
0.8656207379140819;0.3206367640610392;0.393102351359245
0.09679708148363855;2.8523079076704563
0.3259705864802505;0.3757469453080856;0.8677514929570506
1.7667820787453632;0.4499678766196381
0.7912628125547221;0.6053592108086981;0.0916778997888261
3.928146109433302;0.00032561758733488087
0.7160879424299763;0.6298118045842055;0.5241326458507318
0.020330685007322016;3.4499878406433795
0.8336686544078172;0.11102892048794484;0.5781430525566695
2.3238107293706416;0.22619056491875392
0.2924686784516122;0.30740058066775333;0.9700337414993488
3.6562487467630915;0.00772078720058075
0.8862511464888551;0.11744015010736483;0.45985316242478386
3.13284331936205;0.05290736557032096
0.5893036107237202;0.7500899983212861;0.331769354552286
0.6973948867016552;1.3569879972304815
0.6608585546398198;0.7081890495688279;0.2928636615481921
0.6624106927632021;1.4068660249370588
0.4910816383859544;0.7971657030386176;0.35140415956826193
1.6368298785025501;0.5192837813930378
0.5654210525093359;0.7807254951331051;0.2757885315578325
1.731693032591168;0.46794070925198117
0.31677175726862516;0.4255552925151981;0.8481352766122977
2.005324777177315;0.3409451611172262
0.742517257183156;0.6324550909439618;0.25259548295336337
0.5322175865461681;1.6140878113753157
0.5939598852975172;0.7616893508019763;0.2611245304799957
1.3356319377129973;0.7128501990400631
0.29784201550568884;0.31134774982971336;0.9539689641539397
3.3433949961539198;0.029413868309610357
0.7917539511994816;0.59446690596411;0.1792380355102147
1.9858311137365245;0.34905031085050203
0.7162337242528003;0.655419715365228;0.2967012978088229
0.41077394911210136;1.8471079830015353
0.44160399574662323;0.26064165033517633;0.871375118715629
0.5562708598792944;1.5729281443890493
