100
2
0.6995237404900599;0.07646859141658353;0.940824819897526
3.997426083044854;4.141988056378121e-7
0.3080329124425447;0.2691982796341783;1.2143498608118302
3.3577919132800877;0.028080417424237617
0.8088569411109872;0.5818837258580059;0.08498119408082389
3.976686031571813;3.4070683146521574e-5
0.2842864699220809;0.5392341922091747;0.9927184460677477
3.8147616492870804;0.002195720695291136
0.9396122133135896;0.21807338394753975;0.26503860006814894
3.789303260204254;0.0028501419181068965
0.4290856622023263;0.8328604589504026;0.36477819886366375
3.811544027484723;0.002273610873734107
0.3537837457327418;0.2019074935000248;1.1582252465541072
3.582258081213728;0.011516420093620265
0.7411104749389583;0.19803467547281076;0.6535811482756086
0.17079366051453093;2.517706074137906
0.8484124197343318;0.409008344205584;0.4940733635309415
0.02299942982890877;3.416376913545067
0.8568835026619772;0.08936011174220966;0.5449450413746708
3.5320253489934035;0.0145519979335904
0.8431836853055489;0.46453208879877106;0.39362416345525797
0.18424202550341326;2.4673050994474175
0.36737995510543286;0.6672944850172003;0.6727591521764904
1.0278278937861633;0.972554006540246
0.8594738313558925;0.4888447490189968;0.14973841589945264
2.0829011561460753;0.30999733758671844
0.5226375209413551;0.13761770620194397;1.0240971496900366
3.210693390768243;0.043330259721240695
0.8818983279478714;0.4445009347137095;0.16089978784838457
2.2736937396493078;0.24218482111251055
0.8158544287771496;0.5706687929109668;0.17521155919550452
3.6147601754837866;0.009751115151209609
0.5261177642662777;0.7408626748002937;0.4198759503036007
0.21686849354180351;2.35410283552981
0.7262061632923259;0.6795422482533998;0.10492864055658682
3.753377071609831;0.00392333952282047
0.3153515671755504;0.659438993575065;0.7187347950061466
2.7207318895283095;0.12287540181558028
0.5720354804955571;0.13007815327313202;0.9792352537573146
2.784580790796552;0.10975550074252456
0.6405844816305053;0.19426298481563292;0.742908894488919
0.3276398513600787;2.038046520272381
0.4992316537915424;0.8196658904233732;0.3094886288444322
3.1690649658137158;0.04831785241195892
0.9100393361131093;0.3561065605875091;0.21552252511155084
1.9642637226606212;0.3581759992504765
0.45872303232648426;0.14768880729190825;1.1221366112385236
3.9027789606591377;0.0005980357153027296
0.6518055573925611;0.174010105382733;0.7382265050068916
0.6105934533301922;1.484974274146158
0.8683394070852469;0.2097083084025336;0.45096502786972664
0.6695126644723403;1.3965625225426708
0.29700672621302077;0.39010452059030937;0.9045303472060501
3.0145269209148546;0.0695697047300296
0.6212719720471274;0.706963201474376;0.45272128742676987
0.09722380928614545;2.8499945005468392
0.6639599730458906;0.7297127433648973;0.2049815792622933
2.5804585628060104;0.1549362490251169
0.9368088781911457;0.2287555903093479;0.27383935140944926
3.4154571040856747;0.023074966684308258
0.4702974859216816;0.8085278472527906;0.35616519519887385
2.165695283986281;0.27917470356014124
0.41477204985533056;0.6464910800512426;0.6405213411490513
0.20019446768161617;2.41047061107528
0.3978700934067491;0.7952239680192751;0.48365358980953044
2.427733072546457;0.19525931321595238
0.8253820163328296;0.5030692032040587;0.335742743277915
0.20006553389673615;2.410918099405163
0.45188833818106877;0.7042965471382389;0.5641618719504441
0.1819262783527695;2.475813605155506
0.48247259710517665;0.13998996505685904;1.1357094765749838
3.869169694014156;0.0010876466390464298
0.5581318832766664;0.17797378464121255;0.8461626967935143
1.1039357326812782;0.9012018935117726
0.5784997863349672;0.11054975380907196;1.0590774694702572
3.793972306933892;0.002723568063962165
0.8719320401208145;0.4306908825620053;0.25391469524671373
0.7364839146348173;1.3037382738747745
0.6054038774187092;0.7642189117007459;0.2948534947167789
1.9787295312599578;0.3520366748691521
0.48821486347318344;0.2618772167845604;0.8347455918638518
0.21751666005573184;2.3519694049877424
0.35148406574256247;0.5137723549211924;0.7838706929362239
0.8650847947050007;1.1446874079625562
0.507532548463478;0.7862810955386441;0.3535311390537876
1.2333318584137642;0.7911128482094916
0.5321730071746706;0.13721523287634335;1.006386154024097
3.062110423192821;0.06255566798980625
0.706664070264546;0.6957457151178902;0.13540773779502646
3.0673035112143916;0.06181593507593514
0.44639615279141753;0.800194948096082;0.41564078356098716
1.9012190271517573;0.38583105943560425
0.5561527208290588;0.23996755142907178;0.8218008421098405
0.12784275177557214;2.6976385606164377
0.44540134501057527;0.6931074134802527;0.5799259664741226
0.1629373880514322;2.5483172442334148
0.5001162748957775;0.7768077090693216;0.3866005509295533
0.9082882626574014;1.0961219228292949
0.47643491160008955;0.14179546920090508;1.1010590791000778
3.8853821192749947;0.0008330574452748661
0.32732836266029186;0.22499011182922196;1.1123816533441482
3.5961623434331003;0.010742282887369076
0.5129821964057609;0.15252871627673925;0.9572246851549355
2.5997425952058952;0.1502556758227476
0.8847524351820804;0.4180198280652883;0.2092404760423336
1.3172060168124808;0.7264221764427675
0.43001610652555466;0.3766670339598004;0.8295596208752422
0.045781581314332326;3.189916345994357
0.7756080264213386;0.5577003485687293;0.512859695929887
0.008388587255354903;3.6420316628146145
0.8942301986114974;0.33431781607576544;0.3238429855603172
0.6709997465216804;1.3944167788025832
0.8355600106491166;0.5412335409126969;0.10694179414054568
3.6717627209631276;0.007025051909473579
0.593399793206668;0.10808562643525353;0.9442859130087272
3.6739029332167847;0.006931762573937208
0.40904953761457497;0.2746734671967201;0.8749582361373833
0.7457897591898351;1.2914249627276313
0.41493974502698544;0.7560106596404962;0.5352595023797905
1.128905663437847;0.8789067675549843
0.43562138636025954;0.2958952638100909;0.8519841899467709
0.2856298789270647;2.147855788235292
0.8285406146634613;0.5529971074307363;0.0946253750199442
3.899187608072818;0.0006433289562485386
0.844859448421511;0.4743075885536046;0.2903864421371046
0.34541012477126637;1.9945460290948995
0.37905314976869936;0.6831295471895968;0.6277858328982754
0.8957481896199586;1.1099892123580228
0.425290931343352;0.21109266246235459;0.9711292497015065
1.731407454963433;0.4680891784942123
0.6681311115608429;0.7183433075721999;0.2456812599697681
1.6386027605871023;0.5182859569709787
0.6937116558723784;0.10123361206295348;0.8508542032353181
2.7079311574199774;0.12561404877809446
0.8016452966052464;0.5324151970019441;0.5184776152611024
0.07870834763791666;2.956508025856343
0.3593767950758962;0.5370251722658126;0.7705525878824261
0.7119192627931702;1.3369069361948327
0.6911578570508774;0.7024671404810328;0.1898149925390588
1.956504284154764;0.3615003926032823
0.7597377076517424;0.5759289612207942;0.4844733097639481
0.002785393530609947;3.7916780831651016
0.30156782957631156;0.5047345239700243;0.8918712890117263
2.7278809846559753;0.12136179869309759
0.5485152139794904;0.17425753625681328;0.9347107550357754
1.3004518067964106;0.7389576536989225
0.34834664478461963;0.6320551227237733;0.6922911245945049
1.2964817135289175;0.7419556771050747
0.774065566281244;0.6176593752792573;0.1542439750578721
2.07997426954793;0.3111279106329276
0.36588213774018796;0.20153552214797557;1.0749061830442899
3.2736078921110225;0.03636212636723643
0.9034166859892833;0.3430564086293648;0.2579593152795681
1.1822478342378766;0.8329990085432571
0.33658148349177824;0.6365076596345888;0.7485826080210373
1.6956338455911772;0.4869736023559904
0.6325113073034441;0.1709010939281357;0.7559132666228155
0.7612510274936622;1.271262998875427
0.3340141575087098;0.6238157637111426;0.7672351380345123
1.7097202619195793;0.4794693892832323
0.40436913478497855;0.47094450850128206;0.8047930796380881
0.09247431359368467;2.876090732029483
0.7557218514285038;0.616671805289412;0.23707372745912575
0.4932835311665073;1.6839176776927884
0.2910510993077786;0.5545720372460455;0.9652780025339665
3.427566552714694;0.02209122405177933
0.8072543887469122;0.5280637186697296;0.369001589692749
0.12171312652927455;2.7262167902860033
0.88785780081498;0.4402827859476588;0.15375194811388082
3.1018986844378933;0.05701550932375285
0.7065495446696084;0.1253650536302431;0.7556026072183099
1.6417390339406766;0.5165244488671086
0.9239549145933533;0.33473729749047776;0.2292849921326901
3.166266732921699;0.04866406581901894
0.9065627706743781;0.3063333949189669;0.2954346716266284
1.113721750522815;0.8924011030991869
0.9257079958774435;0.30886163588762616;0.2187561638309047
2.6859436895433073;0.13040412115590289
0.38046677502420956;0.3455654335664232;0.8681697745112693
0.5826192484957815;1.5294392708442013
0.3900830539513937;0.24880145856844796;0.9210777202339028
1.4276100553685742;0.6483045738265973
0.41495295498674234;0.6033639756712649;0.704646846184752
0.10200744056204637;2.8244632929911133
0.6286522077284233;0.7390702510398701;0.2536419386890843
1.1347496549760987;0.8737645013270533
0.791644391998266;0.6006056391736723;0.13125841547933864
2.8955717546730093;0.08901990555232922
0.5403482789119379;0.7574495928589162;0.3670623852176103
0.49716130925832047;1.6767746428359436
0.3187113940009085;0.528349253560561;0.8188064540641041
1.9570632141074793;0.3612601952620456
0.6767586982429966;0.697706438846246;0.2418492982560737
0.7242645193617196;1.3201152409387662
0.43476723144216045;0.6744646247602554;0.6005640857931744
0.15022308325616474;2.5998781757924623
0.3476996689674295;0.2863019096273201;0.9440340953687112
1.7574689086588735;0.4546863807267713
0.6045750667516372;0.7391507437275034;0.31187561452649715
0.5644796806117198;1.5592051690591533
