100
2
0.8015294218686132;0.5920105218458348;0.08419587315371721
4.001234626898782;9.525427383075017e-8
0.29154396338720723;0.3900147350649085;0.9639760600919003
3.322837348329129;0.031376755740970194
0.45215335720658245;0.8350299033932479;0.3191122506982843
3.9498529199967742;0.00015816359584763082
0.8215095578350181;0.07000546084178137;0.5671924189711619
3.992501816595332;3.517219515930147e-6
0.34939461624876356;0.21712388325999854;1.0718067475707616
3.158431006592955;0.049640947413595635
0.9410848393661363;0.23270281724828035;0.25618505100982175
3.9014053412025946;0.0006151617812024724
0.9107490023192486;0.3617187316017198;0.19951414474121848
2.215138721469508;0.2618018803767642
0.36084538675850153;0.4750689595516115;0.8105092091584262
0.6414651167524109;1.4378044187323202
0.3927818118702608;0.17336425321694332;1.0502964119454918
3.9134915233219756;0.0004728595532865234
0.83600636499884;0.24977854813231906;0.5104339532710989
0.0889159357880536;2.896164925472465
0.7255304402611086;0.19315667016596244;0.6711152706281911
0.21259683382838251;2.368267866085881
0.7681998652879226;0.5717984209326583;0.46618236021970677
0.02155315993923229;3.4343133800982235
0.8479357250594338;0.46621338119897104;0.2995604278678977
0.32673007328219583;2.0403177805153963
0.7550449364075592;0.6142412741269474;0.27657436738393515
0.392068810338944;1.887452878619451
0.6832018048870998;0.09438955178371203;0.7251977014688537
3.1556763028084855;0.04998697347978427
0.7930382347916732;0.5273530307030484;0.5308601832089419
0.0020149039089055057;3.8224641797597445
0.6978166010740932;0.11465760862662819;0.7237314338369427
2.0877270907790773;0.3081394365890973
0.4232049116733598;0.17759113504385002;0.9860150563423249
3.0195518716466516;0.06880874976778115
0.8286993672413445;0.5502973733122578;0.10226371145108064
3.3175920161620174;0.031888737919602
0.31903634004516507;0.23293921981441218;1.0635643476944345
3.667721805414948;0.007202966156136542
0.5316767695813829;0.7764351636825054;0.357014918241535
0.995822318368681;1.0041864264192542
0.8614768917625012;0.3931071700745028;0.4818312846207146
0.10535400053478543;2.8070227606131053
0.7149491876097571;0.6399549174401373;0.4253768705148492
0.08757286856841916;2.9038643330349854
0.560129662209828;0.12042991341077794;0.8237526301242436
3.52491749914943;0.015012041263100517
0.5742750018316537;0.781444120172949;0.24461324750019786
2.0810380745521457;0.3107166629811809
0.6356664407719536;0.11342072979834929;0.7659846277103747
2.735461476981463;0.11976925078899836
0.6649513081243965;0.1011197277010842;0.7404880128449068
3.007065028542269;0.07070860339539631
0.740676552731511;0.18085812412276145;0.6470616140991835
0.3474356826827224;1.9896886812163737
0.8890067696147135;0.3231460896737869;0.37872912606757664
0.47866511551664687;1.711239985857969
0.4421012765986311;0.15972736385806746;1.0088112978224832
3.5485606796305422;0.013511185825695582
0.4098432194915082;0.6749041087272616;0.6344987354865701
0.3664802481232665;1.94497576330969
0.33004713758748616;0.44724399732771003;0.8375181102376676
1.480003405054777;0.6137877829438504
0.8928660601380001;0.34954691762245893;0.2856358414282429
0.6956647568320439;1.3594039592754887
0.5012003405904532;0.7144179333982325;0.49669304331680064
0.06237392646103345;3.063383023911598
0.9003184239457572;0.4178393558890527;0.18051784248556899
3.907998670351351;0.0005351879429993432
0.7444435765916383;0.6609395510905931;0.10159814744638315
3.9230128520162064;0.00037404715710172954
0.3316566356075483;0.6279225224726486;0.7080728326527562
1.8181362489680015;0.42460493975248675
0.7499547827303427;0.6030717984017131;0.5072247466941155
0.08252049540096656;2.933465263301367
0.7737182744555503;0.14267665035862373;0.6290269540702714
1.0586898320928864;0.9429836577546135
0.383877658828926;0.3145736604465919;0.8730421627669551
0.7198296924039421;1.3261185853025916
0.5115400008650342;0.7891643668681552;0.3735588733037837
1.369402715875938;0.6885434513802612
0.9021589509549374;0.34375762733730925;0.26191244917984025
1.112233324598614;0.8937343980160999
0.7067740664399053;0.6977539807712451;0.11955423090249488
3.5334125665467218;0.014463101046401729
0.6272052214375902;0.7604231288312726;0.1984898176877614
3.178494208852932;0.047161420260962796
0.8811628252709259;0.4357595891510722;0.18399752231323552
1.6515043974114063;0.5110695560207967
0.31169223512274136;0.28170203433789603;0.91671215622748
3.024160430788542;0.06811508212838022
0.47162304150265394;0.2567400430259982;0.8493477160600507
0.36039403525690156;1.9590809436109111
0.737252718277165;0.07354556761844472;0.6880560740376099
3.8122870699469487;0.0022555002827658877
0.8173815474042516;0.07983516689769685;0.5735314822571651
3.463019722703194;0.019343509752290558
0.870700305201695;0.3013453125078629;0.4112855763391479
0.17172770451296418;2.514126041806442
0.7800328542294207;0.12852653081670487;0.6126330729762904
1.4413285524836106;0.6391148088297768
0.6722524654214882;0.7261132160909617;0.1691549283660508
3.0829172175979562;0.05962201651411599
0.47736996738210424;0.824148643141782;0.3052050177168807
3.2196130774572094;0.04230095944845232
0.6559267180220344;0.6839694718927447;0.4333500251781202
0.06418456045422148;3.0507976810900055
0.5833986963599999;0.7823497921027199;0.2247932711149215
2.6007696423899005;0.1500088904910667
0.4327061364731806;0.2782577393238408;0.8594686524858924
0.45024084468498166;1.7662413076209929
0.349534896259741;0.22674716269575948;0.9713428879689234
2.8627652403969406;0.09488197852317738
0.5394510025896114;0.7551002551194104;0.4138168621545472
0.4452819356311004;1.7761039778887533
0.3035535587133949;0.3121494234893922;0.9109151776484575
3.0585533953496653;0.06306525472683636
0.5997675527463668;0.7406831581022957;0.3306990773024217
0.5428605664664055;1.595697682697935
0.809143443008528;0.5812000162431192;0.12602177038555507
3.8921637218701766;0.000736756490415475
0.33986089273527303;0.24106166956358857;0.9981176538632032
2.770925070319752;0.1124867305049248
0.8073387103601217;0.5039931476484992;0.45530102154530416
0.004113088011670053;3.747579643434319
0.3642825880435306;0.50528717232514;0.7971181363745564
0.5810721248101753;1.5319486446994066
0.6518625873303372;0.10963175224827369;0.7508056178329008
2.7275887373729253;0.12142345046352157
0.6102905490627372;0.6950758633382468;0.38001974342091416
0.005688627784380846;3.703996658136375
0.4361848698923521;0.7159977004246166;0.5527579113987676
0.3729424832750478;1.9301818047801682
0.34208661376367805;0.2998112016989301;0.9029107669829326
1.7556991506228707;0.45558722633618337
0.718706884533059;0.634176564082847;0.43631343481058726
0.06587726892459862;3.0392145673552964
0.8066811191718951;0.07185649786110872;0.5869412138052175
3.7978975023511397;0.0026194420367909635
0.305104906120568;0.4287868951329181;0.90091073665731
2.5327291241618464;0.16690898952172745
0.7060077935216548;0.6300413743116211;0.5449154657140916
5.733019241718886e-5;3.9697706486529185
0.6476735873411005;0.09114868246792805;0.7730084963477912
3.809359796209704;0.0023272780658693377
0.40543138418975466;0.5149754724002057;0.7811004755154106
0.08688292166970776;2.9078465580594397
0.6206621191181103;0.7234529705983987;0.361864068283578
0.3567596964740084;1.9675851227803793
0.48624055976626807;0.7513322219910449;0.45777587150735355
0.4244201138828892;1.8185187684505209
0.3893716673032179;0.2054572673845987;0.9562720276168222
2.578016466876929;0.15553536764192516
0.3965855559754025;0.40675385637782324;0.8705000422906524
0.20380294205617494;2.398021373621388
0.39961367031141554;0.5971675618351967;0.7056836963901483
0.2129488578084224;2.367093575037111
0.41408447883176963;0.1830914479283749;1.0032872839807938
2.953703607776546;0.07916669796038475
0.37355576212449393;0.26572744678511007;0.8945272694415466
1.4488071655568888;0.6341509318357085
0.7932601867548456;0.1491303039907941;0.6041754997742933
0.9681586792149435;1.0323564906593379
0.9234228550923963;0.19071149291765715;0.35808425722829207
2.7960603254791643;0.10749058242746842
0.44958085089374367;0.8000062361164058;0.39790463349135874
1.8682502236666185;0.400892216487475
0.5905115949748607;0.765273486902783;0.2616368014486364
1.4536305615037324;0.6309664653780528
0.44713050971655716;0.15473778222363188;1.0199750137217773
3.7284005147179715;0.004773890166034759
0.6445361420611944;0.711142602570434;0.32381763225361143
0.3937752608407155;1.8837146692510527
0.6455668308539331;0.7336598365631997;0.21212790257534753
1.5273263707610631;0.583924512508286
0.9289243882285351;0.2624909269914409;0.2899614118079148
2.5768807981541495;0.15581447156427447
0.6669038525081604;0.6809677664987185;0.44907123739002086
0.10770577126790336;2.7949634735238056
0.2926705349018443;0.3007796704504509;0.9354013142902898
3.7036591083016615;0.005701864147431719
0.8598843358796088;0.4413827057114068;0.29648711417510154
0.38406740449361304;1.9051405253989897
0.3464772571670237;0.5172326108889387;0.7855077679321055
0.9970138529815896;1.0029906122247918
0.8317374596025752;0.5382234791708631;0.1487194159562586
2.1901369766377727;0.2704924242846195
0.7252783329576089;0.6545392032782171;0.21523314249329167
0.7119561260138842;1.3368564213796421
0.8276202819290879;0.542707651641678;0.1471126508551461
1.9674673654466994;0.3568098418451037
0.46430707968603;0.8317859501177385;0.3101382245908722
3.744696223740467;0.004209186102107128
0.45920241952854274;0.8046737456787721;0.3857737239099967
2.0061695157481507;0.34059697169133574
0.8860578888524521;0.40977645348890096;0.21920880041362983
1.1828473855920765;0.8324958860608922
0.3804547899842708;0.19798152580839248;1.0063206435614853
3.057463714971559;0.06322183757377028
