100
2
0.7926700351714019;0.06721777961054416;0.6136548066687008
4.002305861040374;3.322164473722877e-7
0.5202251841324836;0.13003495209515722;1.134109834620452
3.707768877494417;0.005541794376789783
0.7921552924519659;0.6043205940912536;0.08536855739360369
3.9655255194263392;7.46024460941193e-5
0.43050122721775863;0.8353621770717499;0.3419364515776777
3.9901477807896444;6.074121713820032e-6
0.939104160471268;0.2136070117726188;0.28347352387877006
3.77022543583479;0.003398093003185642
0.28062996784245303;0.4024093927688814;0.876674481534206
3.991435697456131;4.58911902064624e-6
0.3047427964538883;0.28188371410748025;1.0684327088383843
3.321266254047523;0.03152962884902627
0.7580763009058524;0.644763927911957;0.09853802743207066
3.637942176985375;0.008586055282443246
0.7066200251847864;0.6964657336466713;0.12751280061074088
3.207586376451462;0.043692042834906464
0.3090026177875076;0.3898469683234037;0.8694920847695015
2.4141784220505564;0.19912775831426605
0.3078903101132392;0.2672842529239979;1.046451804925562
3.3941632433913385;0.02486124834042214
0.7754810899917922;0.10724992622175679;0.6236917945716995
2.133028951181265;0.29107181175442404
0.5464344618296468;0.2588836920082897;0.817412140886607
0.04872236697038475;3.165796621776512
0.36474643703550147;0.7592200990168907;0.5613487792166088
2.292431433282972;0.23612043296870874
0.7501726470620482;0.0822304628241826;0.6572111102865952
3.2686393480424623;0.03688786111487316
0.763890699718609;0.5959120588292336;0.32784148628500365
0.21120954737336714;2.3729079513413467
0.7287141578859897;0.6676110793457705;0.20082175321075119
2.010405458544214;0.3388547590699137
0.37267552304092694;0.18571103377000434;0.9615084045926146
3.7863558602787464;0.0029315647350464167
0.5565716907614897;0.2301591661623781;0.8026381679802238
0.20588112459459926;2.390916112944626
0.5984199540976854;0.2188650485796349;0.7797343792953566
0.17882779373611873;2.4873063780342957
0.6884851977388066;0.6881572994903307;0.23157833516520643
0.7200459754462869;1.325825062314587
0.42333396174705906;0.8216902920293706;0.38164510776341654
3.1521829154622365;0.05042773470615919
0.7198302268989398;0.6583741013165428;0.33546478656931267
0.6444766661664881;1.4333045034408878
0.4520138875579376;0.3500531179284779;0.8457051457935065
0.019334377288181485;3.4631419316266965
0.4837258421428067;0.8136990241866566;0.35150394099584287
2.508438931638851;0.1732181062672827
0.5861328289782167;0.7087734702027669;0.40350769621410454
0.02356844050480801;3.4094877877588288
0.41181658348261185;0.6229988647161117;0.7074550134019255
0.16095275423160874;2.5561960537608677
0.5172146526777766;0.13211302050295448;1.0168830311355024
3.639335837082752;0.008518489424374722
0.6399990146575004;0.7180013730124459;0.2865598425218563
0.5117141519215537;1.6503462219368656
0.9208101095204972;0.3072427902041637;0.26741261826829826
2.125235246244972;0.2939606051463767
0.5084788176516072;0.6935174859112264;0.5216383090407033
0.0035582328404197496;3.764954533274139
0.31953078059221307;0.2932454778200699;0.9334536758904329
2.571624574134064;0.15711031457044333
0.43976806818827807;0.8330863361771979;0.34825477189767107
3.7781441150060138;0.003164639785759508
0.8214667434885877;0.5399791771632555;0.24046452497161333
1.038336508832589;0.9623845781394135
0.3686878592420967;0.6357427838406106;0.6875521007856588
0.8099001135998426;1.2101220902215286
0.316550989999354;0.2382050578291845;0.9958014797141153
3.626971186109965;0.009127726326911684
0.6056112672735865;0.123590531314066;0.8127671619601836
2.6249661818035785;0.14426722961815425
0.3549109815623222;0.7697154010046314;0.5344630398880686
2.8495803233775034;0.09730032518133451
0.8555150474318823;0.17022348429795095;0.49627105398471516
1.0603280865670734;0.9414387477922169
0.7368477730527306;0.07535175004919344;0.6725617697182197
3.712193851661174;0.00537209255847732
0.49947595008723555;0.6999071530113313;0.510814801332269
0.02003852086695599;3.453808590651945
0.8294061931224567;0.4876574939283842;0.3706982596597269
0.1242053256908437;2.714494287550935
0.8668816114189662;0.4330371923026132;0.2962528100501177
0.5322755021890105;1.6139869566500042
0.8722817046325718;0.4536799198795359;0.18917161154416606
1.5099018479633821;0.5947793095708637
0.29461650179620086;0.41848735474233995;0.8635221211197166
3.1004664047874004;0.057209879812720306
0.8239778870548511;0.4999814616173491;0.46562015887751607
0.138008367948261;2.6520292674316432
0.8883696885908045;0.44339215256016257;0.13848665795621526
3.6127617603035067;0.009855199990134872
0.8471779001110108;0.44904528591049225;0.4262822395288649
0.14065345042692087;2.640501722490465
0.4080277631492145;0.7342997516683683;0.5809201739640731
0.9031898134990732;1.101737851947386
0.33128212248749983;0.32985494838356666;0.8958372855654416
1.8230758923862704;0.42222278586871514
0.4791629984203194;0.8013431636712568;0.4072066192683465
1.8117701252098801;0.42768970202171214
0.9120824497384283;0.3014331976695035;0.31083271246182637
1.4066141987514056;0.6625835095565634
0.5908772820914949;0.7762876581714212;0.31994902285509785
2.3731163389219754;0.21114738226927193
0.8983966273376648;0.2603468936549755;0.36300788064605793
0.8760285010263761;1.1321727323806317
0.30159717857114;0.34043821434455646;0.9030913444013512
2.960006300833122;0.07813876263319298
0.8646398574907547;0.1456915083349361;0.4810873170229163
1.7415467746644677;0.4628396986247787
0.7727306271869756;0.07214250201298963;0.7048676922448232
3.7330871176827105;0.004607714661481764
0.9303170470766;0.30044463878364397;0.2788698348664561
3.126335374790041;0.05375692017812656
0.7447341776496316;0.13325448034873752;0.6614922061755952
1.2894293272348678;0.7473076604630622
0.8386844812626683;0.5234459809767168;0.15174204144079115
1.8470940465074384;0.4107805213215506
0.3067288953236398;0.2805416517120902;0.9871669702347906
3.250725501734792;0.03881812381065009
0.8340324340453243;0.5191338711619031;0.19377979890027927
1.0348432567116195;0.9657534189977959
0.3433190093942053;0.3662826182009038;0.8836841487505104
1.257832133460626;0.7717075102061609
0.5364712651283494;0.7124906843776936;0.45310224041453717
0.02263152640286174;3.4208803964115773
0.6638862030330533;0.1501531305550324;0.7683827398132743
1.10218084073424;0.9027888071479687
0.6785347075809528;0.09915586887405183;0.7350584172112142
2.95690062332975;0.0786443055355374
0.5762608117449449;0.1625834465330525;0.8284559406774826
1.3924820777205202;0.6723429649900148
0.37790974738640565;0.282601147952753;0.8891807639998616
1.1304435979820286;0.8775507510233307
0.6215332768059845;0.7118283396378259;0.37946891702497604
0.1550702815069358;2.5799117167551286
0.8785052158150106;0.4136717461522305;0.25107789160698407
0.7684854843661009;1.2619533299637469
0.29032512580430636;0.3226296866530453;0.9090547927346544
3.661493232904228;0.007481753525088221
0.3848752748370491;0.5219043208957367;0.7612439370505567
0.2745522351332351;2.1786429426943275
0.7900131651707972;0.5552131193252079;0.2602123099373659
0.1255210699168123;2.7083629564132425
0.6748526314387245;0.6640436358110483;0.4847996623059373
0.01971149661003471;3.458120946689049
0.8152251688807883;0.5571739516757358;0.1700035596126149
1.545659645473974;0.5726772075818408
0.33714154966202764;0.7319562651838283;0.6015085169516463
2.703895917828539;0.12648497694483712
0.4650345139526906;0.19060628812853367;0.8822957186714327
1.7766019020174144;0.44503267408098723
0.8921079782297686;0.17515491210140063;0.41677379909293794
1.7228026004282226;0.4725795949882097
0.4200093569291591;0.2984083160056978;0.8613001419076124
0.3995410241916604;1.8711707215922635
0.6996726621900967;0.6963996784146611;0.16989914114180832
2.136502495770615;0.2897906051153349
0.4063161765078378;0.8015925521802985;0.44416454174418696
2.4896951109146146;0.17818801873497941
0.797692560265759;0.14117938957310314;0.5994250744674702
1.1676800848227862;0.8453102074100978
0.8116194009472231;0.5057230999057548;0.506056111351944
0.02720893444430036;3.367403697189544
0.6421721005781077;0.165542464569808;0.7487799790222933
0.8311451072797665;1.1844587050131465
0.45155583431659213;0.7496149837745657;0.502530514592054
0.6043597191668456;1.49473667019941
0.7907533192760998;0.5780388578928736;0.22601009990888177
0.6961903168267671;1.3586695200034313
0.3632656826962556;0.22743700577800655;0.9424050153463484
2.485607277478869;0.17928374949032283
0.3446175886280178;0.2128536652063026;0.9958076988557037
3.438736512740244;0.021204294822757666
0.5648273028433553;0.7884015161950904;0.24920225566471096
2.3176063821740103;0.22813168276157542
0.3515322285155673;0.4630611901115947;0.8246346755185402
0.8493701432755496;1.1629189646474107
0.5332322779773627;0.2749896349541816;0.8320623495030738
0.019776275219490852;3.457263694460755
0.463710489915187;0.36326094243209744;0.8370399253140953
1.0941944116100087e-5;3.9867794981129387
0.904611053398444;0.40569528189807325;0.1549286311084319
3.7555082524124015;0.0038547488946891898
0.4587837576975499;0.7799341198673685;0.44282113517689753
1.1445174871537551;0.8652325241651857
0.7319855421985889;0.08675956564639652;0.6834268841065416
3.132473763644401;0.05295540302759869
0.7794859333236333;0.5474275153377003;0.4373167472838251
0.001089138636927538;3.869080736666293
0.34059631487698827;0.23484537191782706;0.9479000845714031
2.9014797230330616;0.08798755172112963
0.5665573945106609;0.7668517941630849;0.33086618660225603
1.0003219459072272;0.9996781059090156
0.3961977054499372;0.7958578496811012;0.4622974305665943
2.4848848672379695;0.17947783233471015
0.4129509267914197;0.5735614072021485;0.7246243399991166
0.07796473313495142;2.9610781094532
