100
2
0.2803981321393903;0.41933160104278056;0.8635319546482045
3.9903633839551844;5.811024987279361e-6
0.44895523743954596;0.8351673900143725;0.33075989458940336
3.9497210522788007;0.00015899915531990977
0.3760199336857558;0.18025204150060473;1.187906158855791
3.9710144315742806;5.270131936175642e-5
0.9416945504286648;0.23334763198679018;0.2424060213880058
3.980157326631481;2.466945693400491e-5
0.7786173889551631;0.06742667832412132;0.6311645632028011
3.9864018414102764;1.1576555670485955e-5
0.8186780157979671;0.5679588164949136;0.08513985000900567
3.9878978789659176;9.167707185898134e-6
0.7895444563318152;0.6050126692918841;0.10955782034781972
3.248120641950376;0.03910335308180125
0.42440531333846715;0.1686654524508661;1.180116287918316
3.4394775050079263;0.02114615084701763
0.3122520051861515;0.23864816098530453;0.9752245123300151
3.7828549259679862;0.0030298112570019465
0.44192094847420194;0.17188721355387646;1.1186219590327684
2.9200892360852735;0.08478179769127131
0.7252054189711664;0.6765466461705815;0.13044862971998564
2.8403277787628043;0.09901896962159505
0.6029553339631315;0.2585648398655283;0.7680423087939025
0.0006981108628668506;3.8950109602443095
0.7754379898117435;0.5629741865015011;0.4822321203722366
0.025560471261163894;3.386054771381466
0.7228268120727418;0.14100112581996627;0.677779430685573
1.1159310389924355;0.8904255516123791
0.5659447799022234;0.12064810993087555;0.8166970428529259
3.40586962410211;0.023870302398418575
0.44693474172265796;0.1543507286672974;1.072496253456496
3.755650198154175;0.0038502026391462347
0.6414011609271568;0.7382087303265572;0.20920045671472517
1.6683760763813267;0.5017507539778115
0.8271656858776786;0.5470604836688655;0.15980281826117004
2.3926413427423205;0.20537526765898623
0.33226394396902414;0.5199220323111143;0.7873320778580981
1.4311420394544088;0.6459280806777963
0.575939616034366;0.7549435686593098;0.37066908608750054
0.6824854102417611;1.3779784025523876
0.341894891640877;0.21759819680650305;0.9333471164238056
3.3607306380785427;0.027812377982042537
0.434481392929612;0.8002678777786623;0.5257211295114292
2.0213119108955375;0.3343979345522518
0.6466365903610044;0.10747626684067493;0.7866286652726651
2.89940915581641;0.08834855609608742
0.7668658700893501;0.09469369677956906;0.6402835134024205
2.638688913386285;0.1410722261554539
0.7951633800283194;0.07895681266570802;0.609778194418309
3.3927176643416526;0.024985134623541187
0.3809572435651518;0.18797085715735304;1.1103400177415805
3.4729955436140862;0.018605649207879386
0.9208317552844256;0.22251102735573403;0.33368886000328224
2.1811555167613252;0.273661270620987
0.7564710936939499;0.1146152264674372;0.6538773501313964
1.8659711635191736;0.40194896221848914
0.8050009420870701;0.08991526424088815;0.5888146392332936
2.921056874472474;0.08461701212017037
0.5836231129477675;0.23144118624278856;0.7783474749781584
0.11683736749686913;2.7495781089983553
0.3654099677201266;0.29891340732883864;0.8840871596050192
1.193447096196988;0.8236469246614738
0.8342205881502162;0.4846904476473894;0.2631725735878053
0.18901946966284658;2.4499646934681616
0.36081412335475466;0.6245738080902894;0.7031887878750748
0.9315625417983587;1.070863036686139
0.8430619485847659;0.5281456167967556;0.17318807438070033
3.4507157160035047;0.020274850479032002
0.5212015221226177;0.7886003874283248;0.3393723693747455
1.414673351572603;0.6570716842236384
0.6859526028033427;0.2189521381748477;0.7001841513858639
0.05195962293642906;3.1401734819017757
0.40725071551244035;0.6557532171578617;0.6358903809102496
0.3053496096361541;2.095011682038099
0.4896181300091379;0.7582733548137381;0.4304598583257211
0.5199328741901003;1.6356780333271081
0.8974331473864628;0.32149262102390214;0.31135040217085463
0.7498962654124026;1.2860342233272328
0.3616174877846268;0.6148733342557485;0.7263049948959103
0.8702482836321288;1.138764324385612
0.8817266957016263;0.40419062706055575;0.24922949112038073
0.7781255407496378;1.2496685618431067
0.2974275334155986;0.44528083885375896;0.8527954437799902
2.923681828353409;0.08417093548580981
0.7920265640296238;0.5314745802997499;0.3904699855988871
0.005278621649800048;3.7146621279733387
0.7112231096782512;0.6876191516079165;0.14965206465683528
2.403256364817176;0.20228048701577828
0.34004679188180903;0.5843934543123519;0.7375452398761257
1.3324946232177446;0.7151453867527451
0.3236567204471296;0.2708862059004728;0.9065767612239924
2.72130692620545;0.1227532347297794
0.3943693968942717;0.1918604432937378;1.0622095382967849
2.9922602819594113;0.07299987991132965
0.5005382116418166;0.7162182525291515;0.49655884461129945
0.07145034565252442;3.0022424470470237
0.7821176999659024;0.08709359015900331;0.6172842844244218
2.979728865655782;0.07497239996544514
0.8115807279086917;0.5062696614615549;0.3423444649101418
0.028944285890725646;3.348423474855817
0.7508338774681543;0.643992547700162;0.16120961104661402
1.9905219754600483;0.3470875949289189
0.6270930877621406;0.7318847327149044;0.31983446794661435
0.7336234481894451;1.3075505985507918
0.6269183158223035;0.25300298425609263;0.7376134336012932
0.0001580295037673078;3.949874114975591
0.6566268615873866;0.20054665740776517;0.730892491261491
0.2167624407579798;2.354452302212932
0.4814357973885789;0.6906812672926256;0.580647150856086
0.026574327001417278;3.374508968296727
0.619094492596274;0.2319860884864199;0.7556475707109864
0.052247895266381836;3.1379359549188277
0.46961867025636694;0.7264210396092523;0.5468699091460596
0.23355336290081596;2.300459002448369
0.894858368753485;0.355053705080776;0.27840225246294326
0.8262717745397554;1.1902920726387551
0.4007491173698542;0.7416143072797472;0.6034822866378858
1.127465747540547;0.8801781471244
0.8656774332286357;0.24283860875110133;0.5812714850645129
0.3442518669917054;1.9973326370506137
0.5490728016502792;0.2652990274480299;0.7956027914084725
0.02384601476118433;3.4061598192063953
0.2862125116265565;0.436880310881882;0.8581118802422418
3.5946599934921863;0.010824559104452907
0.33938294284496157;0.279844720752698;0.9031326838375072
2.0768777517667343;0.3123271163513641
0.38456421400879903;0.8192041959718349;0.4301395406716004
3.7278915823919188;0.004792119205477301
0.7352837761721465;0.6372378283063497;0.4507835215894782
0.43354617383148514;1.7997772429448438
0.852283640081843;0.44833913425230937;0.2957484795080888
0.24079811800077233;2.2779507250503275
0.5345334938898951;0.7797697775858292;0.3605793200884087
1.1483627101598133;0.8618952411876046
0.365315113701025;0.3713527781396134;0.8790164781151666
0.7293574057749976;1.3132604381231772
0.6158848687395528;0.14716814170942719;0.7739687668432051
1.5350596999158617;0.5791586518062662
0.9134027981175565;0.3400267226158213;0.24527592940198378
1.9372336997394224;0.36985198156787613
0.46778300429869774;0.3040358171013133;0.8349231009890703
0.07449834987778928;2.982722915988279
0.8768723507335995;0.4665665073738131;0.1868926129040916
3.4426007492185753;0.020902022680478707
0.9054484407020392;0.35872500959851866;0.2291570602615589
1.5760968083824007;0.5543890377013536
0.394826587887352;0.209958040812833;1.000847936238363
2.312909740467308;0.22960834669460373
0.4974058762988458;0.7741256010063541;0.3942010143850362
0.8369151572607232;1.1775924718213029
0.5543010719831977;0.7477376777912641;0.40166634085159536
0.35276206548706435;1.977011016283249
0.8723566971757034;0.3867587598216296;0.34570231111291155
0.26943284122790045;2.1931560148758824
0.45756003112834;0.7450930382701122;0.5003014500822228
0.49699368669063976;1.6770825201731134
0.4090903887428795;0.7491642462664637;0.5631166293077456
1.104175463884209;0.9009853156578237
0.6959849036533267;0.7025318935883758;0.15267866192237564
2.5356903382904767;0.16614989861607057
0.5274221802341731;0.7902582858774414;0.33404959927827543
1.5621561258558891;0.5627063547616514
0.5370101537158976;0.7514837209160462;0.4536093975062449
0.37230450184981595;1.9316340960807257
0.7930732083592419;0.5733499308669483;0.26348111077972813
0.6355889303495206;1.4466356717406195
0.5371385914849428;0.715779532147239;0.44886000315450764
0.0332613166045778;3.3037539035694223
0.7740365220969501;0.6083271044085681;0.18451816497848775
1.173923881809987;0.8400131641140406
0.3487006710526983;0.47726026849207076;0.8224759258775104
0.9164562275063546;1.087187414782224
0.6808390285696728;0.6972122660297252;0.22701162329911115
0.8585997857431421;1.1521733974426442
0.9167372067689421;0.3407427263511674;0.2404041417046464
2.32401789261864;0.22612593868093186
0.9034035275044799;0.23705398047917295;0.4257478666116349
1.2108261876924573;0.809324284582643
0.5215003923400896;0.2044876938260122;0.8858246110848487
0.78015000548411;1.247105979754207
0.743995152323093;0.6524614722477946;0.15528716665805362
2.1192491277566305;0.2961927100232348
0.42574990171490623;0.18816251139233814;0.9164403235790737
2.5100544273097296;0.17279391215369935
0.45058288894010323;0.8325763381447727;0.3251767461521941
3.736423712136638;0.004491263247407821
0.34360153174593083;0.38030984799003564;0.8594830705300875
1.1963216286319083;0.8212620795388296
0.7172120034545072;0.6833486380907798;0.13802318079260475
2.6412220057645284;0.1404872709647416
0.4104883698836303;0.814805439011085;0.41065050646683693
2.979284827973412;0.07504285310212339
0.49255729645147395;0.14160021479349663;1.0148740190308831
3.55917733140762;0.012864503110483993
0.28398862859193025;0.41661092204034;0.8665421357351032
3.7518352487457296;0.003973351426465068
0.7623244629200502;0.6315415980843039;0.15421768393729451
2.0667578576121852;0.31626868522041696
0.4110621831856564;0.18625223334658714;1.0364305990561895
2.8767612222347;0.09235413275700562
