100
2
0.8071208654084869;0.5843639948797663;0.08435417299736737
3.9987183327225027;1.0268338953946695e-7
0.940930812461854;0.23918773915833783;0.26243401731834715
3.8823058097483902;0.0008787209544931479
0.44250729261836785;0.8351334130358752;0.3342998663040168
3.937868122809183;0.0002431653709110844
0.7471994298136062;0.07074357920498235;0.6627263645837598
3.909116555643806;0.0005221868383799038
0.28557212136739024;0.40402060633449544;0.8690520601258612
3.663773325548428;0.007379056130554807
0.458625309301747;0.147769573775172;1.036233233572127
3.899899376043353;0.0006342192902485383
0.2964149883121771;0.27869540082104877;0.9262819479429456
3.755629592070336;0.0038508624415434975
0.30313822819521274;0.24821336735478597;0.996167685947503
3.94910173922224;0.0001629529718489532
0.43085736120959656;0.760759181879167;0.49524087179598025
0.9968221845207811;1.0031828727736
0.4450610792902654;0.6459400581006111;0.6219764903200669
0.0332384121674234;3.303982219407448
0.30992307502973665;0.25549063206733547;0.9856348239655073
3.5150819049497306;0.015661228711086005
0.5485847707010253;0.7572489311879519;0.4760740192963038
0.5266227151261197;1.623871702376677
0.6124707224782749;0.711559224483457;0.34637788060879543
0.10277247187026577;2.820446635772337
0.707059413290167;0.1344058604016633;0.6978996205317398
1.349637381625252;0.7026815925086789
0.6299321325269116;0.7446657921393525;0.2364922649034045
1.574197451881666;0.5555164269402865
0.32569183061639656;0.21729213844696088;1.0225980242943837
3.891923835847173;0.0007400606740990065
0.3625752705001726;0.6860871402853411;0.6446100908549189
1.2984425343101658;0.7404736282114579
0.7031489385750153;0.11806225391535728;0.7199103015659895
1.92215731127573;0.37648179061896514
0.7403907406765378;0.6235503618296546;0.2791683753085258
0.22441462627795153;2.3295177899179285
0.8284816820731545;0.09487341393698406;0.5581698963319112
2.8876262200322445;0.09041947604424716
0.4995702315844772;0.811941656786121;0.3027096616413819
2.5470481111009877;0.16325850165928849
0.6838059205492399;0.1525859340173019;0.7172097987628283
0.9465903429924374;1.0548753626940346
0.7156594062667434;0.08771984190083486;0.6937342556279144
3.199030644605638;0.044696970971858714
0.6965294192797022;0.6539913600530157;0.35604604417442814
0.06463454769017236;3.0477015297176226
0.4716694820117185;0.1563927355930438;0.9743858362007746
3.133540410561471;0.052816819784640215
0.7285082884914572;0.6387178002775137;0.27039799797354
0.2843934722335584;2.1512512932551076
0.7707143887236726;0.6296947306208696;0.1044486036071897
3.561061157416097;0.012751510968254564
0.31122350130074167;0.3188302780230663;0.8966732801234505
2.6604180571703355;0.13610285059690017
0.9195522099874451;0.32847486071823184;0.2191998020516557
2.3564631857764273;0.21615285384508132
0.515224871410176;0.8059719444075306;0.2922142420108333
2.357647703374455;0.21579429792823895
0.8390570931223627;0.5280657002502286;0.13436966075936643
2.397144281064352;0.20405874176896516
0.7346776227457708;0.6067397547798872;0.5886535593674806
0.005796577310108502;3.701255550580152
0.6003584531959009;0.22777171129079096;0.7666098654329212
0.10536707655324598;2.8069552678993293
0.3656113838368011;0.35697620070854647;0.8620489763764951
0.7828349590587605;1.2437165172797673
0.617663267421929;0.7202674445174824;0.31946063679582354
0.2583508949194258;2.2252217011123
0.8790924066179405;0.2953411490335561;0.3798110027098938
0.2971759539859405;2.116622064769935
0.4137352602349743;0.3830595176374535;0.8577852338672836
0.11404781372344942;2.763209178069586
0.3293286786452749;0.49194178544074035;0.8077754438827371
1.5040698151044714;0.5984488511824174
0.5619363272825347;0.7188799141257336;0.44706364649845154
0.04920626496816539;3.16190685693802
0.8881094087889255;0.43043366327404836;0.18815557392809698
2.315074792061689;0.22892685818865302
0.419675459795361;0.5969626109631339;0.6838027185457637
0.06697309835530145;3.031806651021916
0.5707440318434805;0.71596505363546;0.43632393621660365
0.04087162927924682;3.232202309675771
0.8948790442036961;0.41300360318359336;0.16947885765265933
2.302331930878807;0.2329570953573666
0.9083300492076043;0.36727396031986764;0.20013122868428965
2.101397251710543;0.30291848332924554
0.8005700184678873;0.5154927146685477;0.5420524644083817
0.0030734844360957103;3.7813174225628488
0.6703795149473039;0.6686724579537549;0.4083283464948453
0.02653901715127361;3.3749070087137065
0.781595322627122;0.6053583039919389;0.21216017122861375
1.7351825713764963;0.4661294171538194
0.3370137259248315;0.22983510960824968;0.9443473865224777
3.143483637274595;0.05153480804623402
0.756135543832164;0.14082152071178533;0.6429635806528335
1.085563405805539;0.9179484412378399
0.381450618989741;0.5451446386919698;0.7499753848210153
0.3394729933797446;2.0089005542404
0.48310712356126084;0.18382737150051193;0.8856690386382008
1.7560027848870574;0.4554325742217069
0.7232826311381074;0.14479399150722802;0.6752030019279308
1.0182350503246849;0.9819297093977923
0.6641208897322312;0.6751860140449134;0.3974119617189493
0.03918862286793723;3.2473439626681
0.872890943083006;0.4541994922679328;0.20307126067500286
1.606343500396276;0.5366792110827896
0.3467466517524857;0.5145916172286775;0.7845923797113222
0.9869491194955095;1.0131366035445932
0.9272933312412929;0.2860832566824119;0.24805920114980998
2.544111057606542;0.16400314929459306
0.6401486242607872;0.7419418099131407;0.22449526417984209
1.9369653884647948;0.36996923116086533
0.8252930028406069;0.5352748450820444;0.3781402100956852
1.1164039006491357;0.8900032558467323
0.9183392141835492;0.34671591183688205;0.1970647455204237
2.7299514399465004;0.12092556322729918
0.8979347191818363;0.37329039014362303;0.23959103403543985
1.256962232754249;0.7723891511702301
0.5542351171659019;0.16385175854061393;0.8229003915387247
1.5771202842319498;0.5537822956320192
0.5239912742015551;0.7817095378281496;0.42973714882811254
1.1417005538470768;0.867685010876599
0.45352503599153166;0.8274638108724753;0.3595554165324531
3.3437969353541295;0.029376181414274827
0.5361648135951792;0.790485533347353;0.29670819873471205
1.702200344685015;0.4834643372824333
0.7644077589400272;0.5740601166330507;0.29500771590121494
0.011857688673379548;3.5762856294523218
0.6440981483132515;0.1092686995992834;0.8378710039212313
2.839267088872473;0.09921713193895128
0.8840438788236757;0.44097177079368394;0.15507340182391624
2.378620013303036;0.20950984952345106
0.3943823899982165;0.22003775239701595;0.9032795212595052
2.016409153908;0.33639626109446347
0.4841664649498297;0.2023661966715645;0.8727192437586467
1.185494425340578;0.8302779203377272
0.43633238461904866;0.3068237540273054;0.8773486146276058
0.21561719908978377;2.358233236244045
0.865003055807398;0.48813483011162945;0.12335744661608315
3.1965923964930574;0.044985699820699256
0.41250864221302097;0.7877701238487957;0.4620560771464342
1.9117553666090532;0.3811056881585322
0.7460443431981388;0.07574116255779409;0.6673074506199058
3.633465890903723;0.008804963724103962
0.7824850736596562;0.20383711001497692;0.6060928523977672
0.17083830223761454;2.5175346895270416
0.5050771505852669;0.743735455628521;0.5157466422484722
0.27338123226759015;2.1819463859763073
0.3783763334634659;0.23434270344538535;0.8998155772512026
1.9644450726409188;0.3580985651322453
0.3853042556853752;0.510864342301411;0.7997320290597238
0.26347151925920753;2.2102924456888284
0.33782850071517045;0.22329350475868934;0.9388390522950502
3.3064552009983763;0.03299088088419698
0.6104611528305772;0.7297118701994465;0.3295854994237584
0.38338570774442543;1.9066597794449684
0.464267130872848;0.8285152251516665;0.32163189280463245
3.4647297695571044;0.019215931485639867
0.5930126062913237;0.18324283727434604;0.7860793952856026
0.7201428207116525;1.3256936560626311
0.6541645456002985;0.671931168202981;0.5090488795526394
0.0028535750773179733;3.7891781173450654
0.7937375782852761;0.5267521125010964;0.5281069306559791
0.0025993700443613112;3.7986632998905483
0.9135305384209844;0.3809396629688835;0.17598373211536106
3.7496299448855113;0.004045453178756906
0.41009983456434085;0.5061148982411127;0.7634212619801737
0.0590797872504064;3.0868264272631536
0.8438777368010671;0.47671696073497905;0.35742971166244747
0.350054203457569;1.9834390561805335
0.33313525801463656;0.30272334810045637;0.9057741641023919
1.9951378073421129;0.3451639209003528
0.47460528800075463;0.1754780224882341;0.9440200711900906
2.193092204347891;0.26945520757249297
0.6816659046762055;0.665881222936942;0.3666442955275648
0.06418320946307764;3.0508069953109778
0.8517929490947409;0.5145123385997937;0.09881913934078314
3.66436702782782;0.007352436928497442
0.8113084273940429;0.5720659186677576;0.14042178407203593
2.598303806268992;0.15060182026623686
0.4045670566642011;0.5656575107258958;0.733624369228843
0.12446879488919312;2.7132633816955325
0.8578790767904306;0.4623443080969221;0.26298749159028456
0.6734713804554138;1.3908592974814569
0.5294806239390627;0.20702224653810128;0.8349212677241803
0.6690952653324949;1.3971655219975438
0.5854032579375128;0.7376856403908086;0.4320546504009039
0.3277354743556527;2.037808054176043
0.7896510364301539;0.17076322913563063;0.5963037158253853
0.5594369491325598;1.56761623489834
0.3278820544540232;0.4090436729865002;0.8539451271240021
1.6062955644626966;0.5367069192762702
0.6803976663449542;0.1000215645213934;0.7285809773114185
2.8935002540772676;0.0893835542229594
0.32436777605612205;0.683267210924105;0.665616653788247
2.554308115266682;0.16142693036523623
0.8898359637154416;0.4332574247675889;0.14600115683101572
2.861469463434952;0.09511805259622498
