100
2
0.43835429746090504;0.8357989138432098;0.3357276381343346
3.9964438643120412;7.907328476894167e-7
0.514090009096713;0.14983199134676095;0.9582821029863593
2.7132229626121154;0.12447745213792148
0.8053238532422294;0.5866007822461451;0.08576633534037088
3.926572904841267;0.00034009994206494863
0.7722874837657263;0.06770383278046478;0.6367773069281888
3.980720976387162;2.3286197751498333e-5
0.28025467547706473;0.45324089602331663;0.847512550243938
3.989630311744983;6.729377680509406e-6
0.9417240709474743;0.23274112507211298;0.24491266110359822
3.9843669389852514;1.5304458874755696e-5
0.45746849553782365;0.6828045087843598;0.5712370418189332
0.06849602986455754;3.0216261822555435
0.5068130448800839;0.15810522853603406;0.9283422112674504
2.437141947979265;0.1926026400984795
0.39344372440225056;0.827735583848863;0.41089664530225095
3.9857212561441577;1.2765452394213207e-5
0.9016631687223999;0.2830116954918701;0.3821565020347333
0.8985182473396092;1.106910150841008
0.4723652611365289;0.7825890763705796;0.43960914850192195
1.1378068165777024;0.8710857025085816
0.33797145538886403;0.35323966069772694;0.8764416603551513
1.4720461135870326;0.6189298139922534
0.8716265828283238;0.44453014416570413;0.2108820094167427
1.078426425169263;0.9245339370675058
0.5879871600196055;0.7485528532676192;0.3070790434069439
0.6278323505752745;1.4583974468101897
0.3109510349694341;0.3714247014660513;0.8750154861132848
2.382822503352673;0.20826502498689395
0.8377955279021113;0.5361625979767252;0.10373030571866217
3.343073869713217;0.029443996974819257
0.42083695547881944;0.7209145277759151;0.5511432888537691
0.5746684559820546;1.5423928590560638
0.6480493454147711;0.11839293695901229;0.7577701617669598
2.357059021733618;0.21597244460918474
0.9022403928442494;0.4065199990388556;0.14390633875670136
3.2349235884799357;0.04056625681514197
0.48557232001557604;0.7394796462599736;0.46884060954165546
0.28269299897823613;2.1559377277606524
0.5777220484060556;0.21537245014913975;0.787381457481726
0.2813565314621834;2.1596344706363704
0.8909877786762279;0.3266432937741198;0.36242171872081486
0.5402658574144037;1.6001546828785735
0.5707917168562363;0.2092936995535866;0.8086233927286766
0.3880301401750409;1.8963475274009631
0.2916764116834638;0.33402025445075006;0.900570944289674
3.517239864130508;0.015517540151292093
0.629655905420029;0.0973954927261433;0.7966925338404025
3.7114345817624876;0.005401016548811364
0.5183131195494599;0.7876166147842184;0.35006024061317
1.3467772900749584;0.7047479233863616
0.806650376245489;0.5783364857564208;0.12585990810786876
2.548836666622292;0.16280607900711266
0.5617210009585532;0.1874476293923365;0.8153625105068163
0.8388895901436814;1.1752529484584142
0.4389729475026786;0.15488105543306094;0.9498027736206995
3.900581491414802;0.0006255508644477649
0.4152753163709254;0.7980213438119419;0.4428774754889019
2.2024113612342058;0.2662019832095987
0.66052881604763;0.1078440452168943;0.7431371816883808
2.7171602523383713;0.12363585051699479
0.8670505705585615;0.42178738743982636;0.3049155085592129
0.39050669999157717;1.8908852886844099
0.6768609051728406;0.6688716055098616;0.31978243825787506
0.05884510345486848;3.088524715501541
0.6703228281297708;0.12162177261185572;0.732061499727769
2.012103545578801;0.33815811675585405
0.466678022743297;0.6972097247456011;0.5443844423423286
0.08306897940547865;2.930201393562396
0.602458339675438;0.228781093843298;0.7716520107956439
0.09484460525261039;2.8629705516084214
0.5407315261184813;0.19977619225327123;0.8191262387270528
0.728759835037849;1.3140625775045278
0.2977941001477522;0.30547519825235825;0.9075245706179086
3.3959836571117;0.02470571405547577
0.7854601426436215;0.6037301767197853;0.1816148982988122
2.1214547244006767;0.2953689380076522
0.6959210865770507;0.13224967496345078;0.7113186131451262
1.4654407147670234;0.6232251643942011
0.9315929400663563;0.2549846236138578;0.27238399564949506
2.8248597899996257;0.10193210631939655
0.3679092177441292;0.2680285735911108;0.8943612978914791
1.530644246537791;0.5818759205192194
0.7140827285670139;0.1392909842371121;0.6869679265395182
1.1849427829880723;0.8307396954174939
0.53318283144715;0.8116465985238799;0.2644525950084723
3.395213384864375;0.02477146067624665
0.5480661770415787;0.7557559627770284;0.3618252859189803
0.489812441297294;1.6903483745951147
0.8234823404823393;0.5493607379616013;0.15465031789745184
1.9901676497458503;0.3472355753776319
0.3206818236418245;0.3997665495132771;0.8600554994448109
1.893555679160628;0.38929452378563545
0.3481099928522097;0.6142368839405941;0.7137231654076384
1.2126688856360048;0.8078190391399773
0.7312368818094532;0.07835052624117873;0.6817912473008008
3.5840398947603656;0.011415625977062928
0.33047981680142813;0.34730027160673527;0.8906569711281754
1.7400337923411577;0.4636201734653096
0.8479624028833281;0.46869927982256415;0.27651383015506487
0.36389583632432604;1.9509446596136955
0.3248819251733607;0.25681779428870194;0.9158029226710309
2.921089681544092;0.08461142847362145
0.7378487233569252;0.08937174397536912;0.673570086675028
2.9697117127501116;0.07657110748158234
0.4483574184846636;0.7398348983316425;0.5086716462129338
0.5030423527238106;1.6660232051710542
0.6821666950980897;0.10105429909979656;0.7353854559577508
2.8240568218684015;0.10208470426077014
0.8896028744939203;0.37968408077442733;0.39640694337335936
0.831819578810762;1.1836538395697127
0.4880373135910455;0.7347739947788465;0.487929614020528
0.22830030076270846;2.3170690713706876
0.8621011942540391;0.4572796453420484;0.2188899725610437
0.7896475761635536;1.2351629132880957
0.8554788272023038;0.48516911054537293;0.20266727325349096
1.31374833618089;0.7289938848613605
0.8952463209958264;0.3026858240384558;0.3408459011054549
0.6542128139989718;1.418875888115742
0.8013053352038989;0.590221406350521;0.11265159160792859
3.4274550353934736;0.022100177839679276
0.8455403503130342;0.49304791254878216;0.215274293025531
0.8218263161554977;1.1956408467554611
0.5544489127268638;0.12530708284919925;0.8531526730043398
3.338836196014801;0.029843164397051793
0.9120277217260431;0.27584374960643565;0.3039263578704678
1.3727856222238353;0.6861482396667673
0.7437494960515568;0.11001532848296394;0.6593835123384892
2.055668563115432;0.32062741157633334
0.36078858471809067;0.7802236606687184;0.6096105312887314
2.9391526756875312;0.08156980626477087
0.6139163188413004;0.20140224674019125;0.7695267047615791
0.31994054649362;2.0574090563485834
0.3005964872652311;0.4024314579621969;0.8888589254928024
2.7982904716162933;0.10705384855021817
0.8809567714614498;0.3825358111196809;0.30544544524428785
0.4868704812559707;1.6958262859599644
0.7726966452406011;0.10617363512357961;0.6336339594208323
2.1712825992374336;0.277173541220358
0.5004829116744093;0.18172760511967315;0.8720432963642607
1.600450774719805;0.5400938312308499
0.5308127345206847;0.16991090653719113;0.8302856805198938
1.6342950190735968;0.5207130743720603
0.4050655722192927;0.6880751285553205;0.6047937495314626
0.5038708693017613;1.6645163812485029
0.7039705687499769;0.1443378718886535;0.6995340383713932
1.0815616559872356;0.9216353951268619
0.6209279326841058;0.1690015744431924;0.7657936554358867
0.8690837389130012;1.1400973052278345
0.5281068495504914;0.7274531427092239;0.47300807814311974
0.09745949498171068;2.8487193620047284
0.7748329899766843;0.5911314384421872;0.2518223968813898
0.41707114724450767;1.8338293165379587
0.4032187916567177;0.7082815410024887;0.5806277913927175
0.6900656984007861;1.367257973838232
0.8106980691517728;0.5638342505000266;0.20686558563368726
1.5435244099859424;0.5739780967119551
0.8040444985734426;0.5188211155738669;0.33043519142419675
0.025278910237473178;3.3893051971018036
0.4172660114611877;0.7767364879146108;0.5022368042294054
1.531467329786795;0.5813686159641384
0.7937076548641384;0.5291504803979146;0.3924886410004066
0.005977498426069653;3.6967203646084092
0.4682193737845036;0.8253039125189767;0.3268624511314265
3.2341459366674212;0.04065339224376415
0.8496436077842836;0.4727839969531612;0.23495304853048346
0.5015961222664228;1.6686580791276808
0.4352124198273632;0.7301634726000858;0.5273290318525699
0.513367929281265;1.6473799899311636
0.8328410439289112;0.5046940460505489;0.2330809422439937
0.46773863486776446;1.732081829293602
0.8171481349730813;0.5625780784091667;0.15875469530998762
2.445495286727837;0.1902635094356965
0.43516282423545427;0.769683650631391;0.4787081879004233
1.1241860264853574;0.8830804602720241
0.7574609190491723;0.0745416644238985;0.6497538130563442
3.6453687938689874;0.008229231054661147
0.41468792311898106;0.6210577635348512;0.6650748063920204
0.13526726956585508;2.6641193119988125
0.7889626359371916;0.5994653774563179;0.17218506258123734
2.1550784513582193;0.28300426741507806
0.3546113939321982;0.6470080584271547;0.6768730366840101
1.2101702280268256;0.8098607334083834
0.2943259788711393;0.47897933845524054;0.829375186846913
3.1044210758500586;0.0566741157499063
0.34710018131023906;0.6213205390822866;0.7725279392748804
1.275783186959646;0.7577602796079871
0.7645970940399094;0.6347156472991177;0.1934077493640449
3.0330882305913796;0.06678277579957341
0.3752716820818449;0.6400282373782408;0.6705278035630042
0.6992871234276313;1.3543515523228453
0.7529994945161091;0.13044426704531276;0.649347791399929
1.3633013256862896;0.6928815146863584
0.37543200264333276;0.573362675570896;0.7391158260953519
0.4747920298825443;1.7185858550616713
0.4013335733872481;0.7618021485688647;0.5103627668828882
1.47100453433661;0.6196055042231562
0.6388858988264878;0.7053542728479105;0.32758540843029804
0.19800709501703734;2.418087568669681
