100
2
0.816949373875716;0.570523863429864;0.0887227410904685
4.007093116100833;3.1417335330609558e-6
0.7688508050309135;0.06867476810197731;0.639940083849719
3.9338641368405165;0.0002756556141134889
0.9415828618758979;0.24299390371209367;0.2516139987405878
3.9809440281607653;2.274985133413678e-5
0.28578565072295836;0.34566901806284256;0.9383387991526255
3.8047722581739305;0.0024420850280331874
0.30666957511672344;0.24481882446683445;1.0640598677469386
3.869105352125007;0.0010887256809504824
0.43107039056195134;0.8335329217911672;0.35561316376256025
3.848236254498678;0.0014674881860852976
0.3478677651525719;0.22935599602224618;1.044532473899356
2.8365267556396168;0.09973018083985005
0.8146508457892968;0.5692128355006387;0.12506332826940705
2.929752595095209;0.0831445647254739
0.33694424710912524;0.23569720203806696;1.0240940302975214
2.990786683640145;0.07323025537428521
0.47277716613696935;0.673830144867547;0.5703792870558659
0.012965885135011294;3.557494522522409
0.7526825833315879;0.6043227346105611;0.2612718572637579
0.13383387669329963;2.6705013693345676
0.712660239181542;0.6236495445622591;0.3405039440764341
8.906660446753906e-6;3.9880712952097395
0.3674574857529917;0.1986028916072153;0.9616734558453969
3.3502378317075974;0.02877586654506858
0.7041149657573484;0.6417376992275415;0.3269536828020025
0.025084871736260592;3.391556697319235
0.4201910316817881;0.6646005637104411;0.6313948662247699
0.2184294596802353;2.348971956851202
0.38556046303978087;0.3045906386335615;0.871409614023766
0.7738646123596491;1.2550816128334799
0.8509706455428742;0.39651222508251877;0.4430892958739689
0.022591930500983196;3.42136743996876
0.7244836908135555;0.08192851303730493;0.6913763688159196
3.4381623714467255;0.02124940558635968
0.9053682990271901;0.3758940349658227;0.20703256248815252
2.0380482160676756;0.3276391714297339
0.8412110716387554;0.44775031401847903;0.5005889783384571
0.0557438456995309;3.111338460712504
0.8929180696947434;0.4299727812919949;0.14819715542686995
3.252597417614967;0.03861386607844638
0.684488748829652;0.15707579044832606;0.7209597653422319
0.838300866274149;1.1759500009983512
0.3662336344066939;0.4956208004513892;0.809567047943183
0.5405097086874501;1.5997350932163492
0.4579286249113751;0.2863856917375561;0.843621775879875
0.2027914695389786;2.4014965151731875
0.3577020449917252;0.42110714679642;0.836708365585127
0.7524001219541399;1.2827600900104459
0.7974909343012787;0.5951096912746504;0.09927212200151111
3.3705248981610283;0.026929159656868717
0.7892892214938076;0.5904374848191144;0.3106028745394867
1.2912389075895152;0.7459311598751491
0.31576614525278845;0.2511202578316438;0.9794535341623577
3.3682727441629923;0.027130877490759348
0.6165544605925186;0.12268663584090991;0.7829600801582062
2.525144594507481;0.16886317278615381
0.8721542578665864;0.47002764091769983;0.14246124752334186
2.6776001314564186;0.13225047667840223
0.48695011054153603;0.7969730965864813;0.365531520580244
1.6207113041101635;0.5284248956525033
0.5752803118063642;0.16813542812227458;0.8144647682987304
1.230821839038032;0.7931254293443142
0.7594928278031038;0.11662845197577783;0.6588903701874427
1.7943263126467723;0.4362276757842185
0.8027596204137531;0.5832323895752269;0.222912066109905
2.471203665498147;0.18317864583017884
0.8708699844734606;0.47316408419006284;0.17399572414884756
2.7365318176726015;0.11954541276276343
0.8852771028600056;0.4367911626424033;0.16241869080157934
2.2844111262049642;0.2387037218328814
0.3935279890302728;0.3645081733583972;0.8619202129408321
0.33386077169720585;2.0226333170412834
0.8113944298359551;0.538809541815238;0.30191158584603317
0.40628082955241124;1.856674335828609
0.6780801782725466;0.6829756072125901;0.29158481111874107
0.27691056433461647;2.1720188736878354
0.4352947418581247;0.26774119789140394;0.8695495909959811
0.5338806776376143;1.6111951245543155
0.49037613830439936;0.7049110408343349;0.5136305637821729
0.047257545305478994;3.1777055198994866
0.5185785220959517;0.8157778527680007;0.2561778044167221
3.2991524714257556;0.033724779760791426
0.9168811919058495;0.34990227621411396;0.19936341362661206
2.6321048324977143;0.14259966492419363
0.7725059629949504;0.07645225709889293;0.6352185973173226
3.503856660369707;0.016420078607206887
0.9202434158527157;0.31689664181784094;0.23070013254754076
2.207250865651927;0.2645230534068775
0.6413054678760195;0.13757748464055503;0.7559024411543181
1.649711583589989;0.5120676354908388
0.3699080376206838;0.7507912290790371;0.5909003633501908
1.973738021533412;0.3541465466542468
0.737119488326657;0.07804722753503923;0.6772353394021566
3.560216668977401;0.012802098169831008
0.628814560968268;0.7301179902346813;0.2842951754909264
0.7031801748477842;1.348946611488705
0.3020871791021085;0.35602095478544793;0.9160852010995474
2.860027308272772;0.09538120279435224
0.8527722350061322;0.512982519513767;0.1548383228189943
3.6970339246481085;0.00596489658902235
0.9307744854731025;0.2972392336494297;0.3287128020575156
3.1240985752149215;0.05405068263040631
0.4510629062391784;0.7597186220814519;0.5237028724748218
0.7688911590507572;1.2614335976806819
0.8571897179417622;0.3838235582527688;0.4125009146677163
0.04730255122879837;3.1773365635828594
0.9236686710740604;0.15240100968208653;0.3519373931395427
3.695563607865391;0.006024107619212033
0.4986322928928019;0.8237119283660338;0.26993691214201115
3.5453686228420054;0.013708914286919184
0.39960780485303876;0.26245694997165503;0.8853328165273382
1.040312234661572;0.9604843271898423
0.5754480303026303;0.6977706996020767;0.4266247228834967
1.959952181582753e-5;3.98231106064778
0.8272502796600048;0.5316631229596898;0.2633079131139267
1.0930533831458418;0.9110856488928062
0.5101730112217752;0.7312591214096473;0.4527528420840663
0.144518929293201;2.6238931144750994
0.4070482895330011;0.7161656659774579;0.609665907692394
0.7093494595017316;1.3404340031526554
0.877130841625935;0.4024209973865711;0.2778510656951953
0.538584405826691;1.6030520021174328
0.7636847177602414;0.6302299703889505;0.2563736393809469
2.1028561143970195;0.302364942922632
0.8630035384369585;0.453126937624964;0.332422536230504
0.7367317518469251;1.3034085760374003
0.6090863388827177;0.17816635915589665;0.775125327345408
0.7325931647144707;1.3089269082824084
0.7319221557570186;0.08355377610169569;0.6814384568477193
3.2983492669355914;0.03380604172387391
0.6571015901211971;0.13295864675304014;0.7430636925544939
1.6873984292546516;0.49140238729364705
0.42734367196114187;0.24051232601297098;0.8943993654977361
1.0174189297131142;0.9827314727457437
0.35265320359383645;0.23583005287318165;0.9408579749833589
2.536586745915802;0.1659205378451868
0.29361907970489415;0.3266383580863465;0.9909767572348045
3.453936250037035;0.02002879832682688
0.31344878329267495;0.24392412392999235;1.0008092125592414
3.612610244145686;0.00986311522373455
0.7974491922212181;0.10613465699820622;0.5982085143956456
2.2299298181120393;0.2567500041609619
0.4329220062880366;0.8022843085739743;0.4804514948427858
2.117576665473295;0.2968184118114304
0.5687448386796395;0.7637247460327424;0.3347630730348464
0.904245619594652;1.1005724063027382
0.4666016248298154;0.785257712099163;0.421515684844357
1.2456170180432078;0.7813284645678251
0.32941576515700155;0.24109910379740046;0.9596609826945184
3.100044866376139;0.057267157118361806
0.6668554850152207;0.14217696434982474;0.7317615384789584
1.3151428025005554;0.7279557733934048
0.8649533668308146;0.4136246157934795;0.33021833750257734
0.2589240827751802;2.223540746790805
0.5577456149366461;0.7794880783093037;0.28873079227328946
1.4690250862017171;0.6208912824348003
0.8093954350194836;0.5802715414621684;0.09146995977534389
3.730102633648465;0.004713184670799384
0.7205378564807299;0.6582921841856474;0.29650380045103314
0.6710209306156156;1.3943862408996792
0.32531299076899145;0.5152700126716854;0.7932803413660638
1.6737163180904455;0.4988287744382041
0.5100096977683559;0.7254482866763119;0.4698623800437586
0.1043644633375161;2.8121448947655736
0.6109928809999214;0.7444813442779504;0.27755458662811133
0.8890868343849556;1.117430785623445
0.5994963705617503;0.7237270020288273;0.35931076071244356
0.18339156066891144;2.4704219255899407
0.7346130066943847;0.6566131897285543;0.23370529621737368
1.4780939767487447;0.6150184449499722
0.312739544390419;0.33696290624099934;0.9319253498371634
2.469677918895433;0.183594344655672
0.547684921099508;0.748871358822211;0.3761225674060181
0.3515577973823835;1.9798654146906196
0.6456340097308316;0.13622938514830232;0.752313146123685
1.6619208151042664;0.5053005031491324
0.5342163953580474;0.7926689307421309;0.3276190586666871
1.80052684020279;0.43317838465747854
0.5251134327669031;0.7456731142002336;0.4289822358248564
0.2755507545420853;2.1758336134315583
0.44570852673310446;0.7087580961898655;0.5742828430821474
0.24673002545170328;2.259852976606644
0.3635831565319152;0.19098842113892756;0.98481026154335
3.778891702614747;0.0031430414351720603
0.5383563100658254;0.7008207095827592;0.48135929732741556
0.001554427954318881;3.8438494905899416
0.35674423825708224;0.5377181783906397;0.7719993625510699
0.770977644172798;1.2587643381839992
0.7370477726832299;0.1300681722411552;0.6633077435961001
1.3924524378802914;0.6723635609538555
0.43210189632447127;0.7249646477177226;0.5406763600533975
0.4912919284430311;1.687603134177787
0.4987806459900184;0.18563029862126737;0.8544772432302815
1.4950422521865692;0.6041654356039734
0.6872462001861644;0.6519986309692887;0.32936913108816784
0.009807440834689622;3.6136773443322476
0.8104820567416303;0.091122499211142;0.5841686283012836
2.899444670270956;0.08834235681718618
