100
2
0.7974535924531888;0.5974620989421593;0.08433524352745209
3.998883386915049;7.793742746630271e-8
0.5239305963708543;0.129922594360164;1.2119063434978863
3.640367063932634;0.008468674742553582
0.2801728775211373;0.4444055443206775;0.8510663030686016
3.9953624673528916;1.3449490845288164e-6
0.43915298995548463;0.8356411017226933;0.3442111819567187
3.982274495521057;1.968072486985116e-5
0.9416375469766944;0.24324273995208356;0.2330339290558094
3.9895687556733583;6.809560559507116e-6
0.7806967255993228;0.0673263230592784;0.6329219371126602
3.990324202567769;5.8584037328782555e-6
0.354594517484245;0.19618995970143482;1.1221660400976639
3.7956895815493845;0.0026777565365318718
0.4887410356657234;0.16630466892548584;1.0117953720661295
2.3564331508826286;0.21616195051028206
0.3463553238919759;0.21134226371249565;1.1067507235132907
3.440605429892441;0.021057810375530343
0.39436010046843234;0.4746120007818955;0.7891303011340162
0.16735696860902569;2.5309855261350345
0.5581150387526241;0.23213197860060367;0.8000689418787632
0.1829094634387165;2.4721928255879404
0.2857014618546186;0.3699659520418807;0.9842585153517084
3.724901127074973;0.004899959121721465
0.2910883459313762;0.4380315335297249;0.9406642066688851
3.2918040986249806;0.03447224883337213
0.32795215130147004;0.3086510145362073;0.9039244686145169
2.108128118821209;0.3003703844507968
0.46449186062345227;0.8223578494832272;0.33012200647175066
2.99858654969243;0.07201562353575916
0.6668323792286117;0.17460809711805672;0.7263587026252465
0.5463761825142796;1.589685647434818
0.7710148336179293;0.5699366714156193;0.3459818694243967
0.03018785942282762;3.3352017079311294
0.8547053118579769;0.4993946460566976;0.15419329548815278
2.2342654551742345;0.2552816549965027
0.6392437543383309;0.6980317785834623;0.3526733138132249
0.10230851571747548;2.822880420246844
0.3825656878506707;0.5514874553239858;0.7421226495256609
0.33245095922118517;2.0261085415522557
0.41456967305792114;0.797774021542552;0.44020198999673665
2.2050864430377857;0.26527305467240947
0.41840757996367856;0.6164705045892828;0.6731925305566371
0.10200507554903372;2.824475737809763
0.8114710317438835;0.5139890301220627;0.28652585394846986
0.06643154102027991;3.03545886615228
0.4057209414156969;0.6422418742725731;0.6541243830953347
0.27056583692711567;2.189928100358385
0.31140197680453396;0.3524577007147365;0.9190450677716094
2.4426113439885877;0.19106901398574247
0.6158520372258284;0.7679326331789392;0.17981589283549987
3.1810936502792235;0.04684537842411682
0.8786516585329482;0.4257880781125706;0.2276041809617551
1.0516901526305886;0.9496123325387492
0.9057892614850543;0.301748375169114;0.3671879657664103
1.0649113886784212;0.9371296334429606
0.6600083808576195;0.1668566541334043;0.7538607418484242
0.7198626606022631;1.3260738384101383
0.8987099204872376;0.3878340628666549;0.24914590498232353
1.6904484420639045;0.48975857695730773
0.7304416809633411;0.6709266647741077;0.13042880417131694
2.7845661386565173;0.10975840970250068
0.6261618424640192;0.6868349703258286;0.41056071347096074
0.0028803711481230577;3.7882040138798647
0.37119253813450154;0.27292250458279277;0.8985977465683035
1.3889945375150967;0.6747700413501604
0.6507977102039395;0.741371794183065;0.16458650999880908
2.8186445829744535;0.10311680568164748
0.4538837556152385;0.8153788413892803;0.37471140949556364
2.5662797718356525;0.15843486505377563
0.763404560661223;0.6397721576567839;0.09644550606992948
3.981155417249003;2.2247329831177557e-5
0.3711466939516299;0.34289825672929203;0.8641792167143406
0.7501100074229269;1.2857543503393718
0.3611454783828467;0.45612584445700377;0.8139655053270178
0.6424460736587151;1.4363367214158067
0.8475429981912003;0.4150961070524815;0.5019649431700354
0.026388726210429054;3.3766044394145225
0.4352004268426998;0.6590649614416573;0.6206154395737357
0.09942141200629796;2.8381749681656157
0.5823388805610602;0.789364862901916;0.20377590435680726
3.426621260303973;0.02216718421817638
0.4549538887550022;0.7256724697381982;0.5162154857880267
0.31040362630533397;2.081848484316394
0.6812444101172821;0.684856422828528;0.26036033105450107
0.38592268643359157;1.90101564935203
0.7247442273235026;0.12532141078682224;0.6794526658075065
1.5711656309445277;0.5573197921584524
0.827642238330009;0.11864912214225518;0.5491749088778273
2.0036451642117266;0.3416382207871934
0.8288910522898805;0.5415792255962468;0.16710267029318873
2.0599831934996335;0.31892657507179084
0.5757309955635064;0.7703079980411651;0.30138069379490856
1.348633484414408;0.7034062832292467
0.7972318606519677;0.5946858398629451;0.10581398523953138
3.194728816689533;0.04520707974568844
0.836875003606363;0.443654913496451;0.5327305104588822
0.015520386856110882;3.517197008217526
0.7956829428389145;0.14358144495605835;0.589111567296831
1.1021617511094155;0.9028060841349392
0.9194734408932206;0.3154024877794837;0.3217055164291916
2.1058079547470907;0.3012470518059
0.4997811709014265;0.2864018904586003;0.8292570463251074
0.04504125979648507;3.1961242104072287
0.7475276214699627;0.6024155586221959;0.280949805983243
0.05258077895354939;3.135360814464774
0.3010523254561579;0.34883326710244195;0.953120669298348
2.944225634808066;0.08072724426923993
0.6004774677839747;0.21788133656876274;0.7693952755576747
0.18214309396218953;2.475014070310189
0.35109596581899155;0.2062435029438767;0.9882598586003314
3.4902277708213645;0.017367252041301507
0.578971044225909;0.7760773792245192;0.2707352910179326
1.8250352783965544;0.4212806157249717
0.8374109530325397;0.5224628984218828;0.1606668023807406
1.5895423680498517;0.546460186605886
0.6114941138415343;0.7529067633751865;0.264901187755328
1.3675223020260818;0.6898779341399008
0.44339815530247234;0.17322234463244066;0.9617610310575359
2.828809340834331;0.1011835000678206
0.3053060433826453;0.3825886526880009;0.9094931182646145
2.6082323052734857;0.14822325850150989
0.5313844030952414;0.2461019180560443;0.8110693496794861
0.16070397327363314;2.557187970117403
0.7095888662889137;0.0928815580257754;0.7121912762390188
2.983545735051105;0.07436837730310172
0.8500953518511395;0.4162198507990728;0.49496043375574883
0.04577407680483479;3.1899789910060456
0.9235784232564532;0.2306274075489753;0.4048565727714695
2.278138738680183;0.24073699464468043
0.8936683065818948;0.4222093923255958;0.15340924312239992
2.7141225559257403;0.12428485725577648
0.8639208568850668;0.40655445118721883;0.39662477622694425
0.19369391045853762;2.433267096490799
0.592044450746119;0.7137334898808834;0.39510061200543933
0.05764186444651344;3.097293057426785
0.7548632771120038;0.645656777891816;0.11770495778278524
2.9824237080735405;0.07454564537030199
0.8568644737283522;0.40006490700943126;0.47636210161299086
0.07082810475244218;3.0062861018051303
0.9335194376631317;0.2959967213244363;0.20710618149716464
3.5063114412602157;0.016252492215592107
0.5125308155513911;0.7314911312011977;0.46015571100577274
0.14263051042148045;2.6319723205109744
0.7757218423087082;0.5482199266124169;0.31345473999999746
0.000485327231815552;4.088605902065669
0.7728041407461176;0.6263719134930306;0.19730656968930205
3.354744879619863;0.02835981780951561
0.36379338118342386;0.20132933345686121;1.1218411943627962
3.3355651429426363;0.03015329369812019
0.632531523759642;0.23854171874571492;0.7392270696929214
0.017389433129086158;3.4899134336131095
0.5425173585758802;0.2113478200439142;0.8203152754621097
0.5075709541398122;1.657810391173689
0.7156692422446244;0.11269442931503194;0.6897975042348158
2.060936441782577;0.3185516524706284
0.6743887673438363;0.7047492836723768;0.2804840440949088
0.9936088386752977;1.006411650322963
0.8685939346027519;0.2233334937332726;0.45028838033187674
0.5337569398561437;1.6114101025183338
0.4965331382934261;0.7050704913660373;0.5187986231706129
0.03700225372249524;3.2675634585217828
0.89823692488258;0.3989284929472351;0.18561187741705604
2.0590285633068834;0.319302349199617
0.7872218673910845;0.15413069269833826;0.6006322125887482
0.8434067990803843;1.1699195205824515
0.7325102857971525;0.6635707900751036;0.15245622277353968
1.990136221337261;0.3472487032844533
0.8232209104802712;0.1072286328624388;0.5601857084239882
2.35512442744844;0.21655856568764595
0.3910886575728072;0.29380871134448644;0.8732609339779711
0.7882766879349863;1.2368787931673808
0.9145089061693339;0.3230692405479292;0.3459018227830556
1.7576259003779326;0.45460653344677626
0.4804726638804284;0.7699440280848928;0.4308602902130992
0.7807861698416189;1.2463019475729862
0.6904958600370573;0.21703561294648788;0.6955572541692111
0.05850965522061676;3.0909588898703597
0.7837226911940518;0.1344391295711716;0.6127784638523537
1.2878199506710541;0.7485337500953659
0.3441071325772588;0.2839064473005764;0.9032058126125241
1.8862721943157517;0.39260719642481484
0.49122615245101386;0.6779788588030234;0.6040343291655171
0.0011156359829034383;3.8675110861859188
0.8200398329922457;0.07800935924421668;0.5728277655770894
3.5726577078250563;0.01206756384813916
0.7585585116367067;0.13976363601999175;0.6384155771988892
1.112713738926851;0.8933038485713741
0.8662296092676909;0.44990587473685845;0.23376918021927887
0.8514334929960732;1.1605073371461392
0.7022159450871711;0.08304974749054019;0.7156979052121532
3.577870178174403;0.011766633364138634
0.7668105043446867;0.6151069227666288;0.20310183956790884
1.038625913620599;0.9621059985546141
0.4369257639027647;0.32732975062398106;0.8566226361884455
0.12376000030595721;2.7165784182436723
0.6074367410395853;0.7727368211684064;0.22214860014738638
3.108610678513953;0.05610964297888202
0.47426829821956423;0.750520812740781;0.4608512794978046
0.46651343008368423;1.734441893439933
