100
2
0.42833779526540483;0.835296035066602;0.35542600117928685
3.997790828389648;3.0511171158372023e-7
0.7757840561604366;0.07386737793915082;0.6300433191589406
3.636221429786336;0.008669864796337466
0.3131440290730312;0.23847349685968972;1.255406814702635
3.751891751030868;0.003971512896386029
0.2805664759773617;0.40307717615610444;0.8750557699670481
3.994918530134513;1.6148593950206528e-6
0.8268573439473429;0.5558141110648059;0.08603143828423805
3.9738705832655024;4.2811595986437353e-5
0.9415785443787223;0.22777512762771224;0.2484874561644751
3.9741005182475933;4.2060225010381035e-5
0.3416608005156572;0.2095595061648374;1.126567413157634
3.6435904024300148;0.008313954332000002
0.44976102179298133;0.1978633756493045;1.0273946383998291
1.7600512260962904;0.45337433584372416
0.31847428444618897;0.22278999525658982;1.2323842565458034
3.975755728746412;3.684829791715464e-5
0.2981653998132882;0.2744583510345114;1.1640999446483091
3.727484333948356;0.004806732029854563
0.8867178562923471;0.43980024715142174;0.1425209477385021
2.7960534796461958;0.10749192469739408
0.8717579108144661;0.45951089198910694;0.1805471862693051
1.7656505058585685;0.4505392094004128
0.5727123902142393;0.7814304259813921;0.24775814459220385
2.0203321856433942;0.3347965934327265
0.294426805158056;0.5327961538758105;0.793432651611744
3.1720312858723774;0.047952357761176394
0.4847014907795382;0.2804618368849178;0.8416606449337332
0.11344748342448215;2.766168843056531
0.3910860226684389;0.8144647896751697;0.42861058244302563
3.345047432478264;0.029259100408218133
0.4200648512760695;0.2141397980781823;0.9722122217149339
1.728484265833987;0.46961097839457655
0.36636991252061385;0.7680393321780102;0.5397089625537792
2.446234946297387;0.1900572681333315
0.5073326065066712;0.7424290666014902;0.5010798631879759
0.2542380262516347;2.237357162138398
0.7929663079846483;0.5936996577239407;0.1500718798685503
2.0886789289952286;0.30777390781354025
0.6359257669417042;0.10404034589769152;0.8946264342176939
3.2268802034085384;0.041472542423908194
0.7848309098197321;0.08350559822500696;0.6226185214901968
3.1511675723466994;0.05055624954165582
0.3988565173330919;0.6966762552103603;0.606289418443615
0.6559306009478653;1.4163488972142113
0.34353939954445234;0.3576192310780915;0.897054407499905
1.2909279981892403;0.7461675016363312
0.38434689672391525;0.18244284635215327;1.1616403181917583
3.6517708973374665;0.007927992266780514
0.3309267965662724;0.48998233314508055;0.8064904319850911
1.4473724541743922;0.6351007175836295
0.8406492565075482;0.4256640386828153;0.3354350321378682
0.008459911636848727;3.6405487998318646
0.8187781430815553;0.5255147936034605;0.3767966832274318
0.37818698494310343;1.918310614250939
0.2847532495439303;0.5169469485577874;0.8116570238768499
3.739542535805964;0.00438380615500588
0.7956682114493256;0.23378228444549715;0.5664391732502002
0.04061683078867276;3.234472121311048
0.8673054421337408;0.42257996790470326;0.44297543156176583
0.40787264112257454;1.8532763407335693
0.614533229887564;0.14046245770211835;0.7816065179818388
1.7895904607028532;0.4385674397053121
0.8576548989431239;0.4745230728753886;0.2575464004002462
1.0338135902152354;0.9667486235047493
0.9224742066527647;0.32788341340543586;0.25239762692618345
2.7128800783915645;0.12455090824037723
0.7027912445223782;0.22477712597968458;0.675481576224249
0.02495044206484541;3.393122084805117
0.47212972527099833;0.8128765202632545;0.37049547292296947
2.4078226321791214;0.20095851937095208
0.38305025263023834;0.3201219970105084;0.9103094463197366
0.6925360115360475;1.363786068302588
0.5599823986056167;0.14868252831943793;0.8317221350352658
2.0880197660743463;0.3080270102666419
0.810063571259218;0.5775085064713869;0.13652481271445016
3.2837784493465856;0.03529894054300692
0.45975655202406296;0.17143461220521933;0.9999137257314417
2.6126528910122095;0.14717175994428627
0.3055113859627959;0.559704003111788;0.7773656071876166
2.641798949777493;0.1403542490636672
0.6824865843388064;0.09372817487827385;0.7289736733889873
3.1988886451027407;0.04471375755324419
0.5277038530452625;0.16041254135134472;0.8620733312111494
2.03187667011058;0.330120210757964
0.9213853698354718;0.3464725979200854;0.1763816632818817
3.2218247103594173;0.04204787777258008
0.41824774713572993;0.7231015563072725;0.5546606592554011
0.6284727002410019;1.457421895877245
0.5923764291575109;0.13418664635927685;0.8558614455121023
2.3010206286739505;0.23337445748176333
0.5443499180660473;0.12271273287633934;0.9534118193402092
3.6852949973764346;0.006446128045631468
0.4987474042067738;0.7602438146736759;0.41775433771164705
0.5299368871938999;1.618066320856447
0.36163007799629754;0.7801038666297482;0.515196272661226
2.908829220108739;0.08671316116193856
0.4103804308552021;0.7464836826302649;0.5316606646105086
1.040694543618807;0.9601170479815887
0.6533925980360479;0.6855946112100759;0.47620465155683944
0.06434344977675067;3.049703022616463
0.7145497641858815;0.6745902747606977;0.23585006114337065
1.3121900556102917;0.7301554758886734
0.45876104468129014;0.7952209006348835;0.40069645444847135
1.6233823003874295;0.5269014747393165
0.8491464192530781;0.2656086900526228;0.4591023459115169
0.09756993193925832;2.848122489656017
0.43925940627836935;0.7576360176784026;0.48315692093115226
0.8455278463957283;1.167424321162697
0.6434724142994888;0.19842543583121633;0.7509871771817869
0.2689061554977571;2.194659668706924
0.4879756043692011;0.3111587472968672;0.821554933315076
0.01197863726439947;3.5741907934057657
0.856656219089676;0.2653338942054753;0.4432062664823047
0.1464264418902088;2.6157981165795405
0.7582535611190622;0.6436315901487254;0.11350359277320028
3.3948502269684786;0.02480249092933829
0.597383890083757;0.11449798503244105;0.9256426712719485
3.2263676735712155;0.041530669356057405
0.3546106189369791;0.8032327617483173;0.585392551356942
3.9218975981701827;0.0003850171839653192
0.8113719283224117;0.5492035456609141;0.21431078271190607
0.7346738508691949;1.3061491515404708
0.44524415300817455;0.3422545829217831;0.8274175458990447
0.049109963930368566;3.1626792430695123
0.8781563295670882;0.3844070691102483;0.31808036413102464
0.40945375833099945;1.8499108043456611
0.7387057379535859;0.6053977492624901;0.29636467812798495
0.01462500366466066;3.530889478160723
0.5362848888138388;0.1276345774747256;0.9959726009732358
3.5386439886773715;0.014130461622087904
0.5144692696079087;0.7431343282665634;0.48933838398505636
0.2515154759679321;2.245462731026535
0.35361805620686904;0.665051680027069;0.664204750508079
1.3632964599913906;0.692884983487179
0.7245482563318023;0.19404866950907707;0.6957499466905401
0.20438091634194352;2.3960406105722867
0.7277958549039825;0.6132375656296457;0.36413559640216187
0.004332564961111053;3.7410436753782483
0.7533431778459231;0.6488329929972082;0.133480416662924
3.3077189937047584;0.03286477528387415
0.7468135075397161;0.6555904512503415;0.1954293873583225
3.1970949467846896;0.0449261044995025
0.6030884529173844;0.7161861438822914;0.3753438949992035
0.11012903118043448;2.7827012557866273
0.2949505021895841;0.40083240085029603;0.874834457119797
3.1066957788619742;0.056367243127516155
0.5294457216235128;0.7883443834116285;0.31691886884467313
1.4880685716062931;0.6086119270913847
0.8790013576487944;0.37402974224397434;0.2962546440095861
0.3699579832457991;1.9369911252855874
0.3789887045351561;0.5705307039877264;0.7576159579833524
0.4134881706520247;1.8413663363618222
0.3476492040275925;0.1968504978237558;1.2407606289919708
3.967149517881818;6.772552465104244e-5
0.8237749061017101;0.5058036254995425;0.2696980665893353
0.19682654782334671;2.4222210240030395
0.9358899756997691;0.29296021007430895;0.21550975668309086
3.8235963411476446;0.0019889962112910734
0.8398444626631554;0.2516298378254048;0.4814773272764722
0.09885618772714926;2.8412000329557476
0.3737813000461449;0.27027012803444256;1.016929668451905
1.3751861421262739;0.6844529079697649
0.6602227880817907;0.7090266055518286;0.2851779324433275
0.6782777120813357;1.3839730216646506
0.8319018539589201;0.49899329441269585;0.4064245911572263
0.3197019162284317;2.058014347253683
0.7643481559377558;0.6372524719006006;0.1074581494644428
3.5668348706008937;0.012408490682012056
0.934898833156257;0.3032642160594454;0.2738067396377451
3.9618648662521694;9.132890292434752e-5
0.55144394241348;0.11987851380342085;0.930586880699765
3.7243798556007173;0.004918884159027533
0.4529688999655341;0.18593358538637594;0.9348172638533632
2.126389666734017;0.2935314764687787
0.7728544065401517;0.6248296939867775;0.22888344487538198
3.0201015679529095;0.06872579856405048
0.8937908826925587;0.3091059789800169;0.32558580597418657
0.6080964501629725;1.4888748801863285
0.39483615265468774;0.22787149168731774;0.9437553519712069
1.7991192505868911;0.43386920894015923
0.37329169637296516;0.7111136788254363;0.6312768351810668
1.2913419539897533;0.745852842371945
0.9147073411079627;0.30239493350564317;0.28381880300039264
1.5835393737119927;0.5499889389401423
0.8285464658646927;0.2501071328333673;0.5120228460310247
0.06096026181637867;3.0733549818274253
0.5343335761515642;0.1630646432859459;0.8555758479562291
1.8407147390498932;0.4137970296315634
0.7093181558186313;0.19153759314195193;0.6994488222834611
0.23614795403931377;2.2923456840979957
0.6553428960935974;0.1739935593239945;0.7385444828761075
0.5973170670664774;1.505865454463809
0.7350958908186316;0.6563438739032097;0.29770798619663225
1.4994250472251007;0.6013845455957387
0.6761081879905876;0.20511771217525573;0.7096798674860817
0.14536451053977537;2.620296587909309
0.6401556315489341;0.15230491307866342;0.7615174965714571
1.1848125711512318;0.8308487290391147
