200
4
0.0
63.57007995138577;-15.20502521506553;-2490.667270162563
73.29674900731966;42803.99324645935;1928.2839869278655
1.9983695028490667;449.878694163581;-192.42277154291585
0.0
63.61710413120504;-15.211184008353825;-2497.9808815190463
73.29336240568745;42803.523348729395;1928.539322928279
1.9990370859699793;449.85108872600387;-192.3367894982764
0.0
63.702801725731454;-15.251675805705919;-2517.2548254921244
73.28092104563632;42818.885924629925;1929.4732144308396
1.9998030644928966;449.48343681928503;-192.26424248894207
0.0
63.72154000577574;-15.227806946812152;-2521.581811034405
73.28224454950531;42800.54980651763;1928.8413862917214
1.9994704065588869;449.4116285102333;-192.16919951062465
0.0
63.9806051702603;-15.332650560961826;-2547.313612874171
73.26107486427122;42861.384422217416;1933.0447239793875
1.9995182827942872;449.0685388024801;-191.88448337377042
0.0
63.999906080278016;-15.340304264305578;-2550.885225654207
73.25944308211037;42865.11623760347;1933.3337429367193
1.9995366554402667;448.8624071183284;-191.8507707787953
0.0
64.00240807751642;-15.340679631288411;-2550.9202614450032
73.25940774383952;42865.58902390205;1933.3592805742214
1.9994646075375753;448.83744212776816;-191.84668435448515
0.0
63.948343022634454;-15.30416196864455;-2546.6179175909388
73.26889923047396;42831.12953498097;1931.4044394618388
1.9990800391553432;449.38014186191856;-191.843598495836
0.0
63.958147401263055;-15.304206995697635;-2546.7851344981063
73.26881542619952;42830.90996574125;1931.4178587464621
1.9989324168218212;449.32867378697665;-191.82976742987302
0.0
64.05322016584331;-15.337212654214683;-2555.2591859204827
73.25678757653192;42879.08089652006;1934.1682990982226
1.9994214796216223;449.0336841826876;-191.77451746340844
0.0
64.77010727661583;-15.361664867547931;-2557.625091884004
73.25640706239108;42886.90098146504;1934.715326656948
1.999404224804573;448.75052055289854;-191.71778149453823
0.0
64.78005525712747;-15.361203909517412;-2559.6438446709417
73.25638935180649;42892.13341308503;1934.9583558667844
1.9998376646036709;448.69134265021086;-191.6820129909566
0.0
64.81016659582839;-15.366691404934885;-2560.871573685281
73.25640010169194;42889.82109002624;1934.925302386812
1.9995000041033635;448.7332640855763;-191.6818696958785
0.0
64.81348315415399;-15.367018403322248;-2561.0593758775526
73.25639485675775;42889.67521952415;1934.9324552619116
1.999559125248852;448.7306451204832;-191.68157463353526
0.0
64.08132467678988;-15.341218157181823;-2569.304426288257
73.25726624381046;42867.45198315506;1934.3409444270637
1.998930092982498;449.2654284408683;-191.56291068777864
0.0
64.4297804678059;-15.263800433796744;-2578.787750263212
73.2552329140497;42891.450503235785;1937.4655284387543
1.999799105133528;445.304055551401;-190.83974586361919
0.0
64.44059611739145;-15.255376411491648;-2578.828238003836
73.25514343759171;42893.010530847394;1937.6554206620056
1.9997805530772774;445.2331826777239;-190.80340379278067
0.0
64.45408286664826;-15.275637325763963;-2578.862073485196
73.25505214771788;42908.176858683684;1938.4184044614667
1.9998204316406023;445.1897623983154;-190.79959837851496
0.0
64.45799299583041;-15.294289293186697;-2578.7015290228087
73.25495570637618;42928.858239500114;1939.4953750614773
1.999698659697583;445.04570951578165;-190.76675196371153
0.0
64.8345100116867;-15.234979464811165;-2580.972954198831
73.25490975374419;43109.141476608245;1952.1607605630106
1.9997612404939014;432.85904974488284;-189.58733211227678
0.0
64.83594712486365;-15.239766225982828;-2580.719548981551
73.25458237681376;43110.560836297525;1952.2414832267402
1.9997249921582363;432.8301077110039;-189.58569251931513
0.0
64.83809874729053;-15.241091237465788;-2580.634286296343
73.25457336895381;43111.624147111295;1952.3085010740265
1.9997137582602844;432.84237092099454;-189.5805715696528
0.0
64.8417934130751;-15.23632917925582;-2581.049322043827
73.25450966635157;43113.13792547999;1952.4061656140398
1.99968536536499;432.81915804952155;-189.56995839347402
0.0
64.86503703357951;-15.241799912970537;-2582.1141390673833
73.25380718806431;43117.460479666945;1952.7798575381728
1.999922094349406;432.74231596286046;-189.51939505211152
0.0
64.8871515450888;-15.236843604192526;-2588.159111329324
73.25380484208578;43126.395777915335;1953.546885636142
1.9999457312693936;432.7354014449673;-189.40678281483787
0.0
64.89379334963547;-15.239639529434005;-2587.9508772693503
73.25379845651786;43129.19181021178;1953.7346100485709
1.9999735557342202;432.72682962604136;-189.38942063872716
0.0
65.0317689428627;-15.22900434290937;-2589.5448575799373
73.25350005194166;43181.882469562195;1957.1644940794306
1.9992581664341842;431.2394548332166;-189.06615246163614
0.0
65.51935696774515;-15.162050267329152;-2593.481449845783
73.25111301854115;43345.99735498126;1969.210985368276
1.9999515302658806;419.38177841936346;-187.75123336431835
0.0
65.52336274894041;-15.162303852560761;-2593.6236791078077
73.251114930029;43345.96458289269;1969.2141006289805
1.9999510975981143;419.3793827612132;-187.75044959436764
0.0
63.63238615742483;-15.206570112268055;-2503.5376442596316
73.28632294109268;42808.09318263448;1928.6576552366614
1.9998367777635768;449.8826805163294;-192.36969223585953
0.0
63.852642385033896;-15.251036458589972;-2542.5607426212296
73.27328999102151;42800.656026851284;1929.6307663919958
1.999579533344194;449.4191719910558;-191.93314225942495
0.0
63.852642385033896;-15.251036458589972;-2542.5607426212296
73.27328999102151;42800.656026851284;1929.6307663919958
1.999579533344194;449.4191719910558;-191.93314225942495
0.0
63.852642385033896;-15.251036458589972;-2542.5607426212296
73.27328999102151;42800.656026851284;1929.6307663919958
1.999579533344194;449.4191719910558;-191.93314225942495
0.0
63.852642385033896;-15.251036458589972;-2542.5607426212296
73.27328999102151;42800.656026851284;1929.6307663919958
1.999579533344194;449.4191719910558;-191.93314225942495
0.0
63.852642385033896;-15.251036458589972;-2542.5607426212296
73.27328999102151;42800.656026851284;1929.6307663919958
1.999579533344194;449.4191719910558;-191.93314225942495
0.0
63.852642385033896;-15.251036458589972;-2542.5607426212296
73.27328999102151;42800.656026851284;1929.6307663919958
1.999579533344194;449.4191719910558;-191.93314225942495
0.0
63.852642385033896;-15.251036458589972;-2542.5607426212296
73.27328999102151;42800.656026851284;1929.6307663919958
1.999579533344194;449.4191719910558;-191.93314225942495
0.0
63.852642385033896;-15.251036458589972;-2542.5607426212296
73.27328999102151;42800.656026851284;1929.6307663919958
1.999579533344194;449.4191719910558;-191.93314225942495
0.0
63.852642385033896;-15.251036458589972;-2542.5607426212296
73.27328999102151;42800.656026851284;1929.6307663919958
1.999579533344194;449.4191719910558;-191.93314225942495
0.0
63.934560162185456;-15.296304093331774;-2546.8694783067417
73.27210048828303;42818.840629602026;1930.861510800717
1.9996620062504344;449.380758685595;-191.83275395157779
0.0
64.00662601270413;-15.340489759308735;-2553.830270626819
73.26008150215173;42863.012828420775;1933.392322109667
1.999581896921036;449.0640640427621;-191.80175312477874
0.0
63.950255844222134;-15.295388899331588;-2549.88335977501
73.26987972375376;42815.934360337815;1930.8694291228792
1.999419168721326;449.4884636379952;-191.79845332435923
0.0
63.959889446505535;-15.295718693503646;-2549.9213615534964
73.26921189293785;42816.37886706229;1930.8856721701432
1.9993894970310997;449.4500962378411;-191.79580790352102
0.0
63.959889446505535;-15.295718693503646;-2549.9213615534964
73.26921189293785;42816.37886706229;1930.8856721701432
1.9993894970310997;449.4500962378411;-191.79580790352102
0.0
63.959889446505535;-15.295718693503646;-2549.9213615534964
73.26921189293785;42816.37886706229;1930.8856721701432
1.9993894970310997;449.4500962378411;-191.79580790352102
0.0
64.05472437848616;-15.342145124647633;-2561.8871249229423
73.25720612946944;42868.47179636448;1933.7737067163246
1.9996876232810852;449.05028033875175;-191.71883981836376
0.0
64.07391268283439;-15.342889228524697;-2562.0083368773426
73.25642137243464;42872.88015459508;1934.2295434034318
1.9995106138468237;448.9403318843173;-191.6652149800259
0.0
64.07553658365752;-15.343372895766219;-2562.262021398972
73.25641905417875;42873.19903610886;1934.259163253345
1.9995723268824304;448.9336198778901;-191.6606109302257
0.0
64.07777434454243;-15.345119862997745;-2563.5807174383845
73.25645133545626;42872.70822797902;1934.273401874035
1.999837925110662;448.9273336117883;-191.64896717973102
0.0
64.08091890963784;-15.341988043491432;-2568.2223006692143
73.25695885597624;42868.45662215156;1934.3237763247337
1.9991594778009685;449.3349318236449;-191.58280621515863
0.0
64.47586733648387;-15.296440201045277;-2578.6770648141874
73.25496722089107;42925.54451513153;1939.387312328966
1.999894439536544;445.2195320928816;-190.75143281921137
0.0
64.47586733648387;-15.296440201045277;-2578.6770648141874
73.25496722089107;42925.54451513153;1939.387312328966
1.999894439536544;445.2195320928816;-190.75143281921137
0.0
64.47586733648387;-15.296440201045277;-2578.6770648141874
73.25496722089107;42925.54451513153;1939.387312328966
1.999894439536544;445.2195320928816;-190.75143281921137
0.0
64.47829327161203;-15.296334450282533;-2579.3768156519154
73.25495959662595;42926.34044585763;1939.4398971331614
1.9999383024282344;445.2134614458725;-190.74690064217285
0.0
64.88642223326458;-15.23583926415416;-2588.016520927539
73.25380703961598;43126.21987834548;1953.527855212094
1.9999361021545126;432.7426093394993;-189.41028195501
0.0
65.51305710061925;-15.158954417945665;-2593.702863278761
73.25114289124689;43343.67898080616;1969.099998300205
1.9999974843807924;419.4464693126429;-187.7505292184694
0.0
65.46171653222673;-15.151378333041986;-2592.396233283264
73.25121885843892;43343.31459690749;1969.0558669022837
1.999966579520017;419.4207760055297;-187.74926772781333
0.0
64.06596255421937;-15.346418914854583;-2561.0358285258976
73.25666495170243;42875.18160894916;1934.2083248333267
1.9999871181367082;449.06847975361205;-191.70082372153232
0.0
64.07615127862618;-15.344854389132669;-2563.3268955125877
73.25645364591568;42872.38936205207;1934.2437770096878
1.9997762026648267;448.9340509733866;-191.6535730380536
0.0
64.09447186002897;-15.319091558892353;-2571.6259774016066
73.25727632590304;42854.83699527261;1933.900906791355
1.999451974771103;449.36177734194416;-191.49970253584706
0.0
64.10079542881559;-15.299758225069636;-2571.769909637335
73.2574179593561;42845.590680727866;1933.5468953778843
1.9996720238121202;449.32795710897256;-191.46379043720074
0.0
64.47595696517389;-15.294602551813528;-2578.869781848041
73.25496828440954;42924.69672243063;1939.3513492183197
1.9999061507686042;445.2297003135905;-190.74965632733495
0.0
65.51371822846205;-15.158503301194527;-2593.7434169883495
73.25115300035846;43343.53168447729;1969.0984526490142
1.9999973773819613;419.4634930523281;-187.74880476741072
0.0
65.51381202373835;-15.15829831828767;-2593.785741990383
73.25115999694033;43343.42024182736;1969.095364357839
1.9999924749046198;419.4643462433043;-187.7480395843219
0.0
64.16733993173496;-15.328439151886906;-2575.682443508431
73.25632588815304;42893.90371926877;1936.1302010765532
1.9994854270363493;449.6971054804873;-191.3321845718306
0.0
64.16733993173496;-15.328439151886906;-2575.682443508431
73.25632588815304;42893.90371926877;1936.1302010765532
1.9994854270363493;449.6971054804873;-191.3321845718306
0.0
64.16733993173496;-15.328439151886906;-2575.682443508431
73.25632588815304;42893.90371926877;1936.1302010765532
1.9994854270363493;449.6971054804873;-191.3321845718306
0.0
64.16733993173496;-15.328439151886906;-2575.682443508431
73.25632588815304;42893.90371926877;1936.1302010765532
1.9994854270363493;449.6971054804873;-191.3321845718306
0.0
64.16733993173496;-15.328439151886906;-2575.682443508431
73.25632588815304;42893.90371926877;1936.1302010765532
1.9994854270363493;449.6971054804873;-191.3321845718306
0.0
64.47905743081486;-15.296332221042197;-2579.4215927898467
73.25495999498081;42925.62451756076;1939.408351479023
1.999949522787939;445.25790734746556;-190.74575557238546
0.0
65.46245984664208;-15.149735425416127;-2592.6083107409117
73.2513885430844;43342.42554515589;1969.0267865455182
1.9999980717683044;419.5337669657932;-187.74441847061604
0.0
63.71231226063117;-15.235613015379315;-2520.379839465835
73.28329036347888;42809.753183399574;1929.3157126899323
1.9995740524073609;449.41886781111754;-192.16920811822243
0.0
63.71007947062827;-15.226158449729644;-2523.0553030869105
73.29033459937158;42806.11682817613;1929.6157433130284
1.9988331532529011;449.51677246185443;-192.02289230585592
0.0
63.8510626558277;-15.251020166605295;-2542.508919723604
73.27342775333423;42800.89344376374;1929.6415316302819
1.9993565777836355;449.4560729716911;-191.93317982164365
0.0
63.98243638507699;-15.340942060760103;-2550.789977302514
73.26119399920645;42866.46759972643;1933.3880171257624
1.9993435301979996;448.81648575568363;-191.84590059133123
0.0
63.93912864396912;-15.299104770807062;-2548.949702777111
73.27094142017727;42818.880669269354;1930.9444420526468
1.999303379579097;449.4220146303442;-191.80926633660843
0.0
63.93912864396912;-15.299104770807062;-2548.949702777111
73.27094142017727;42818.880669269354;1930.9444420526468
1.999303379579097;449.4220146303442;-191.80926633660843
0.0
63.93912864396912;-15.299104770807062;-2548.949702777111
73.27094142017727;42818.880669269354;1930.9444420526468
1.999303379579097;449.4220146303442;-191.80926633660843
0.0
64.04000675551224;-15.344477949144244;-2554.496518731833
73.25747838098698;42873.555061570325;1933.8597697780294
1.9991510771056222;449.0729260395996;-191.78388242718233
0.0
64.78442951742318;-15.362811480215365;-2561.1616629997975
73.25643796375897;42890.07980529089;1934.882027883648
1.9993218042052916;448.7696977418468;-191.70087309352328
0.0
64.06705962402032;-15.34101669067786;-2566.7669913147492
73.25766062670645;42869.63836734366;1934.3244843397542
1.9990434708276064;449.2594219094076;-191.6046662780027
0.0
64.06845760610263;-15.33639866089756;-2567.824728795762
73.25757302546016;42869.19694115587;1934.3402796332089
1.9988888952498596;449.273637770833;-191.5953610058922
0.0
64.46063900877114;-15.294446711920944;-2578.7981568954015
73.25495603824379;42930.273623889174;1939.5579969638625
1.9997465141253312;445.1073408768959;-190.76952765384382
0.0
64.86956062876978;-15.242040676248228;-2582.457162278105
73.25386642242579;43118.41735899604;1952.8491716334463
1.9998768734108656;432.73667832430607;-189.5112653877914
0.0
64.86231136230347;-15.240646073216732;-2584.1502728203263
73.25412404279001;43117.92438021397;1952.8614236664243
1.9999292659673555;432.7256911570254;-189.49839977897804
0.0
65.07824975466052;-15.222660678323072;-2590.1971809237416
73.25375096822992;43193.58068067974;1958.0417867082551
1.9987110975552598;431.013665508985;-188.9840059742432
0.0
65.4670259919402;-15.15532093460564;-2592.6274631628203
73.25123000942948;43344.96220987567;1969.1346540905772
1.9999679093635598;419.42817066730527;-187.75061081809312
0.0
65.52516271019404;-15.163245158623063;-2593.6743513197116
73.25111927144953;43346.74792995914;1969.261829742675
1.999952435608372;419.3856895652874;-187.74707449864428
0.0
63.938851343814946;-15.293389638977068;-2548.2402182592646
73.27137146786487;42818.967040995914;1930.9203966827022
1.9994353408615417;449.46586605589056;-191.8036056716387
0.0
64.06255272404982;-15.343384245663227;-2559.3203104097825
73.25723783068833;42873.41139583022;1934.0374753032165
1.999547599619714;449.1471032095193;-191.71638074766474
0.0
64.05631338376614;-15.342854045201696;-2563.256357955366
73.25731822558892;42870.411989093496;1933.9421240784375
1.9996801491737002;448.9941892638519;-191.70179068662276
0.0
64.0686814444558;-15.343795983435783;-2561.5551364424105
73.25662343871117;42875.38427220414;1934.271472689808
1.9995487900253337;448.9813132064012;-191.68792957087388
0.0
64.07728335520827;-15.345014221712095;-2563.7310836233
73.25646438939188;42872.810792786804;1934.2884447330594
1.9997849181614875;448.93487020238075;-191.64646738291424
0.0
64.09071131759505;-15.323607275804013;-2570.8438987015834
73.25795380965064;42856.27730123213;1933.9316818631858
1.999241767618631;449.32973951054834;-191.51509975581857
0.0
64.10244667921701;-15.33864594233553;-2570.8061696954383
73.25706862641731;42872.65252579933;1934.7424318995563
1.999239420022513;449.38877518961243;-191.50754698213902
0.0
64.10606674133383;-15.336079139188183;-2572.2415411017764
73.25727010759059;42868.55296040617;1934.615425838434
1.9989385490428595;449.59996115504504;-191.48060826392404
0.0
64.47797200246175;-15.296323348509915;-2579.37540336771
73.25495992705552;42926.48850859066;1939.4458944324215
1.9999372389717378;445.2444388359251;-190.74730173544043
0.0
64.8796484519774;-15.232476815724743;-2587.6792497630886
73.25386259836007;43124.237664395594;1953.374761653439
1.9999371720202073;432.7510712145593;-189.42925318459086
0.0
64.87995701304435;-15.232335805787407;-2587.801308247577
73.2538537935457;43124.29382654147;1953.3820759771002
1.999936795702754;432.7467054992798;-189.42771913124827
0.0
64.8850727810486;-15.234669355479966;-2587.6917539530264
73.25382956170203;43125.70601220944;1953.4868887533435
1.9999415483151644;432.7343494376334;-189.4156293046678
0.0
64.88512710304991;-15.234749932764709;-2587.7051691957904
73.2538288567859;43125.70193282117;1953.4874747021936
1.9999361804110685;432.7362742986053;-189.41536716017916
0.0
64.8864765159032;-15.235919799728245;-2588.029936198196
73.2538092643959;43126.21580210606;1953.5284413845993
1.9999307371534971;432.74453458212594;-189.41001978943135
0.0
65.04118825835302;-15.219638582908814;-2590.1898658299356
73.253784267326;43192.646258241715;1958.007397870987
1.9991944393333567;431.5589246788977;-188.97137581357165
0.0
65.0841901128695;-15.219521025930213;-2590.3710427390765
73.25368325293735;43199.52492009492;1958.355669499674
1.9989571216308002;431.33192465599996;-188.92462088634755
0.0
64.10330198317833;-15.322939338931727;-2572.2510105459987
73.25766774082712;42858.86008170063;1934.1607651675251
1.9998530443481437;449.35697173263014;-191.47891378612172
0.0
64.19245012069734;-15.326984791117633;-2578.6263298636427
73.25640101456172;42893.4144498209;1936.0429665269305
1.999432105936392;449.6750193129395;-191.3059414833342
0.0
64.88593528736592;-15.235431261240048;-2587.8272763276964
73.25381788311589;43125.961880016046;1953.5089872283604
1.99994077000811;432.74434926912716;-189.41239989071826
0.0
64.8860022567027;-15.235483273604277;-2587.846664999541
73.25381644601998;43125.971185912014;1953.510322728901
1.999939317142242;432.7443997241271;-189.41210442109747
0.0
63.82248800400176;-15.272648925566978;-2525.725796520765
73.27387325397983;42834.74367779065;1930.573906664923
1.9996989858813499;449.48392187115616;-192.12309423354017
0.0
63.82226629514062;-15.25122397504863;-2542.150309492898
73.2757442587606;42802.54002779914;1929.7099664706404
1.9999824241454578;449.3579171136133;-191.93708700835344
0.0
63.82226629514062;-15.25122397504863;-2542.150309492898
73.2757442587606;42802.54002779914;1929.7099664706404
1.9999824241454578;449.3579171136133;-191.93708700835344
0.0
63.82226629514062;-15.25122397504863;-2542.150309492898
73.2757442587606;42802.54002779914;1929.7099664706404
1.9999824241454578;449.3579171136133;-191.93708700835344
0.0
63.81890136619522;-15.251076752901946;-2542.0947023162303
73.27607492536177;42802.46169673921;1929.70932037704
1.9999590498594986;449.3627033148909;-191.93684787070183
0.0
63.97472155061169;-15.350634102734197;-2543.387748915304
73.26188403699929;42880.4129794281;1933.6283347884362
1.9999401352689545;448.97580565481684;-191.92653860207272
0.0
63.935596398324265;-15.293350615184188;-2548.0764325677023
73.2712653787163;42825.36709234334;1931.2436326473307
1.9995077207337433;449.4563787593328;-191.79978985136
0.0
64.08431820809076;-15.342432789138506;-2569.7789669139975
73.25781243205223;42865.49283060596;1934.284480435273
1.9993120574839058;449.3635363134071;-191.5509020562263
0.0
64.11952993444783;-15.339251522537266;-2571.0416538930863
73.25703699803223;42884.544415307086;1935.1820953892916
1.9996366988825358;449.19672055846615;-191.48036559370786
0.0
64.16736772765003;-15.323299947082742;-2576.139206167552
73.25650974737256;42888.58000615624;1935.8344212294733
1.998437560924491;449.7813032673522;-191.33813996294032
0.0
64.46706605681737;-15.29405050831127;-2578.9563474719353
73.25506553694689;42934.3836731265;1939.7861116043373
1.9998256752251518;445.1649012496782;-190.7610861378115
0.0
64.863089076519;-15.241424512374323;-2583.387341075921
73.2541659489405;43118.71755782436;1952.8942198803868
1.9999328755652497;432.7292089809889;-189.50034231919676
0.0
64.86506629173326;-15.241288859869746;-2583.985590894484
73.25411645679736;43119.020539121215;1952.9332153557857
1.9999183559495861;432.75085259825784;-189.4922146176803
0.0
64.86760264800517;-15.241262622361331;-2584.3911736740824
73.25401410009451;43119.75098171721;1952.9897248613113
1.9998720394719658;432.7494361977169;-189.48535286376625
0.0
64.87812196523966;-15.241901672446886;-2583.140505920165
73.25387438034214;43120.70761115142;1953.039056962531
1.999872201410721;432.725587039561;-189.48527612869015
0.0
64.88394020379637;-15.240210913275945;-2586.6643325941986
73.25385665738648;43125.341849111974;1953.439285181756
1.9999190183300966;432.72477675272256;-189.42574528185594
0.0
64.88747679981965;-15.238225188183165;-2587.430325958868
73.25383421284792;43126.580888614524;1953.5451865457082
1.999993077207246;432.72072736939987;-189.4103640494346
0.0
64.88747679981965;-15.238225188183165;-2587.430325958868
73.25383421284792;43126.580888614524;1953.5451865457082
1.999993077207246;432.72072736939987;-189.4103640494346
0.0
64.88747679981965;-15.238225188183165;-2587.430325958868
73.25383421284792;43126.580888614524;1953.5451865457082
1.999993077207246;432.72072736939987;-189.4103640494346
0.0
65.09495468848682;-15.220197613385638;-2592.3869436376813
73.25381691082194;43200.28409871062;1958.6298853867113
1.9998714511173554;430.9223991026806;-188.90371852859116
0.0
63.985619576935356;-15.326300779643773;-2552.5047168455526
73.26194392481486;42871.16976937598;1933.8231500134568
1.999979847392437;449.0070033424786;-191.7730116601711
0.0
63.99642958899636;-15.32651078201573;-2551.2890062641686
73.26189173399308;42877.913032111916;1934.1940460974124
1.9999824571944964;448.9939321032657;-191.75667300800745
0.0
64.54014419778015;-15.300061609229614;-2579.60362586279
73.25500247461994;42956.71084292608;1941.3468810261597
1.999975425532571;445.333728283622;-190.60329588468147
0.0
64.87833394264902;-15.231556485792384;-2587.6422015324683
73.25387050105918;43123.9459694006;1953.3494871798548
1.9999676663851338;432.7352007751134;-189.43296062134223
0.0
64.88498359512916;-15.23456127524425;-2587.5859107530414
73.25383570089058;43125.76237309942;1953.4869670951637
1.9999359544518323;432.7367598635527;-189.41652042984364
0.0
64.88798325976941;-15.239998148563007;-2587.6126024222085
73.25382123446487;43126.750376113436;1953.5609045894464
1.9999506209576092;432.7322484831095;-189.40786359423876
0.0
63.76083125089906;-15.26358761232044;-2523.419567471488
73.2782956539867;42819.20078844366;1929.7627950584408
1.9994212996374243;449.2097104602689;-192.17527901245873
0.0
63.790093224947015;-15.256435926797344;-2541.5998350490277
73.27926815871109;42809.66398741671;1930.0439923599852
1.9992131357040792;449.7697281186455;-191.92751660840435
0.0
63.79766004418628;-15.2517206391094;-2541.8708473118954
73.27939011570548;42806.230500384714;1929.9268189672378
1.9992329125198607;449.7409780090139;-191.91040731762388
0.0
63.8705549722667;-15.334880772877241;-2545.4339136634617
73.27364311145392;42867.589351258124;1933.227715133284
1.9996491322409118;449.0760456238932;-191.89758449369404
0.0
63.85970375391539;-15.33482182304184;-2545.5385945099556
73.27403997321272;42867.56390242845;1933.2349345299485
1.999592396059884;449.1027188547058;-191.8899897590413
0.0
63.75446681776632;-15.23170528796694;-2533.4478130493126
73.28738599646344;42805.13394404486;1929.9593314082429
1.997937789093526;449.7494099762819;-191.88988593999068
0.0
64.08088562303716;-15.335288439341982;-2568.070563713282
73.25796422764482;42867.52076259228;1934.3107033553506
1.998968761659015;449.442470505139;-191.5684740829953
0.0
64.49381853032618;-15.290882967891893;-2580.4372090661477
73.25524211256372;42940.64294992012;1940.4006678780456
1.99997268641995;446.3516104697975;-190.65641818695696
0.0
64.84076617091209;-15.235854573722904;-2581.2650489673456
73.2550523451957;43111.38167770016;1952.3116707435806
1.999729763372539;432.8611722343913;-189.57030241973948
0.0
64.86526565693227;-15.241297953272726;-2583.918733163168
73.25449252761616;43119.168711710845;1952.9408844863708
1.9999359657601696;432.76544152951584;-189.49206038237634
0.0
64.86867697748721;-15.24103072798153;-2584.4689988232485
73.25404818475297;43120.12295787458;1953.0225032912138
1.9999026318795505;432.7245583873452;-189.4803318377647
0.0
64.87225252547866;-15.239371405384828;-2585.263909426134
73.25400434113598;43121.1962776817;1953.1195221139683
1.999934988266393;432.7227441602495;-189.46527941076633
0.0
64.87406829417773;-15.240629471748111;-2585.357073630189
73.2539875263666;43121.94476233708;1953.1718247319957
1.9999288806806896;432.72323299756255;-189.45995803137427
0.0
63.76880825774551;-15.26496080983056;-2523.1604639345337
73.27787475481902;42832.91179499648;1930.5194019904343
1.9998365829067175;449.5594004236975;-192.14542887082234
0.0
63.82546572679756;-15.27372141525309;-2523.2756475312794
73.28109208710674;42814.99064963502;1929.742721106809
1.9995937588446409;449.54955125146614;-192.10508839698258
0.0
63.766910126416505;-15.260890175303885;-2534.486822506451
73.2799335910744;42811.76797148484;1929.840197794814
1.9997907745183903;449.3821166829592;-192.0307122326917
0.0
63.780407499153256;-15.262428352582141;-2535.9794187664916
73.27898252757105;42813.134729001365;1929.9745275071969
1.9998071286860701;449.37473667237674;-192.00969490908014
0.0
64.15544070884023;-15.309598642955022;-2576.6926729236066
73.25658458976524;42889.637269485116;1935.9192392026227
1.9994956248827402;449.8252387898088;-191.34599916409073
0.0
64.16802358410288;-15.333503083869884;-2576.63817963742
73.25652218436375;42892.73270787906;1936.0889702910988
1.9990594829332105;449.7295164920179;-191.3269230901719
0.0
64.87145278276923;-15.240674653449425;-2585.06828602354
73.25403967596641;43121.15696157065;1953.1094195296446
1.9999083178058996;432.7270314340994;-189.4679657932299
0.0
64.87935831279262;-15.236204519755985;-2586.9337125083375
73.25391019098848;43123.7841431635;1953.3363536029178
1.9999576053248453;432.7262048773959;-189.43473023265477
0.0
64.87914141112391;-15.235665874360032;-2587.1569881333467
73.25389915341124;43123.74956873511;1953.33760242805
1.9999500063742777;432.72590423886106;-189.4337496732214
0.0
64.8744630404199;-15.228798084767385;-2586.8999417129658
73.25393946651339;43122.07888736484;1953.2142387347901
1.9999413180161703;432.73960472116556;-189.4478377840818
0.0
64.87515573835024;-15.229805027931675;-2587.0411534786454
73.25393249758937;43122.259204724585;1953.2334802336306
1.9999500684457485;432.73243362153784;-189.44433763044418
0.0
64.87865584196659;-15.238257314991031;-2586.6292856886644
73.25393030414433;43123.27947667564;1953.2995104482436
1.999950614256529;432.73096729569363;-189.43884143099464
0.0
64.87896334480632;-15.23801863008306;-2586.668144796957
73.25392636562647;43123.42402905922;1953.309766781318
1.9999550075602992;432.7294117419435;-189.43776244985094
0.0
64.88402739026147;-15.236039575721584;-2587.549543971061
73.25388563640008;43125.57354708729;1953.473628488181
1.9999320899463753;432.7425054579006;-189.41780348687263
0.0
64.88824698929577;-15.240941265946756;-2587.7851587919868
73.25383368563975;43126.77038682299;1953.5671325215785
1.9999542809438386;432.7332922480833;-189.40610506678638
0.0
63.76894664030993;-15.268748266445378;-2512.442815319194
73.28282266756197;42820.89741512121;1929.7653991949746
1.9991335452628862;449.57613549963;-192.20232016163715
0.0
63.785160517733225;-15.271535403099389;-2514.479748551188
73.2816601612423;42820.93940803823;1929.8472645821585
1.9987747616717306;449.6173230869904;-192.1792198074068
0.0
63.88647937593171;-15.335142848298094;-2545.295650583597
73.27543952173943;42868.47228145434;1933.2565226048534
1.9995291293985156;449.05641686023364;-191.89682932877645
0.0
63.724815887058185;-15.231903042333172;-2533.034576269496
73.28985049063488;42807.03467975535;1930.038638398963
1.998340048923385;449.6882038383767;-191.89410997098364
0.0
64.07568862430907;-15.335217856858332;-2568.2330753271026
73.25796932013515;42868.13337318728;1934.3247541709093
1.9989130994846545;449.3469562324264;-191.57516911980807
0.0
64.24525768447222;-15.351431214642233;-2551.810009599711
73.25726919315059;42968.42775131073;1939.872078485689
1.9994839916488834;448.1844901038204;-191.38280635674607
0.0
64.86943824129649;-15.240908759825873;-2584.660017205245
73.25405364535168;43120.44571471306;1953.0495757557903
1.9999043273282657;432.7246220568038;-189.47647079873445
0.0
64.87600546480118;-15.240669664756817;-2585.8647784203977
73.25396811367284;43122.598136099106;1953.2299001348508
1.999918217067359;432.7440563411856;-189.45110287115088
0.0
64.87602765782228;-15.240678854767824;-2586.168064497631
73.25397137215879;43122.51401876922;1953.2331309617366
1.9999080716213131;432.74627290492145;-189.44859709138422
0.0
64.87605948103908;-15.23510185150267;-2586.40184593209
73.25395928892833;43122.78517740924;1953.2520945606927
1.9999552348577525;432.72626794550433;-189.4466685101592
0.0
64.87709564369733;-15.23620555331092;-2586.699153447161
73.25393662671036;43123.083912568065;1953.2803912812321
1.999953380908812;432.7267527173164;-189.44206099465745
0.0
64.88316157160621;-15.23601884833128;-2586.95697950745
73.253903720187;43125.48331172375;1953.4501131309107
1.9999341392852175;432.74187495042764;-189.4242599982213
0.0
63.68386133807946;-15.253504016451213;-2516.6739892415344
73.28347091425701;42825.10346929745;1929.7862254958382
1.999520487238574;449.59298556876735;-192.24817755462578
0.0
64.43361727032388;-15.349773007256616;-2554.5326713495156
73.25977908716511;42897.49138596229;1935.354216460036
1.9995588952938732;448.6187931593008;-191.65169590765257
0.0
64.87718647482639;-15.237103516105336;-2586.238601088865
73.25396225335982;43123.31302480639;1953.2838936585981
1.999952744354783;432.72941976098934;-189.44461966016084
0.0
64.8851857630562;-15.236633359178553;-2586.757798422094
73.25392137524032;43126.84518213962;1953.5305367344251
1.9999381992768097;432.7647570316972;-189.41945866998174
0.0
64.15031092182375;-15.338059244689596;-2573.2186297043527
73.25849575554133;42883.751044564684;1935.4518000254686
1.9996443911761987;449.21338813144206;-191.37162052886742
0.0
63.64228291266424;-15.25159541624648;-2519.8171049474054
73.29158460446065;42831.956518446896;1930.5006094720184
1.9996188028198132;449.59544772000805;-192.1222210364619
0.0
64.12407770547026;-15.33143534327537;-2574.841565973766
73.25982172742034;42896.81685635269;1936.2604463709056
1.9993729421234847;448.7070918870465;-191.32545066008498
0.0
64.02048533679773;-15.325110083273241;-2558.1653370268377
73.2822645735417;42930.70665170846;1937.6456878797342
1.9988979777002183;449.70458777570605;-191.35882012305893
0.0
65.47577120798758;-15.163059001303557;-2592.3495594366764
73.25110987658334;43348.477817470375;1969.2704873707526
1.9999539393061074;419.3917951482608;-187.76250104073583
0.0
64.86387719763889;-15.241417396744971;-2582.927682573539
73.2538728883595;43117.38876358279;1952.7967515073829
1.9999123170360853;432.74552832771167;-189.51213784351683
0.0
63.638479413155494;-15.204153977107955;-2502.8915051892845
73.2865876257093;42804.334261771706;1928.486667140167
1.99933314499922;449.58061210533964;-192.36692724137365
0.0
65.47577120798758;-15.163059001303557;-2592.3495594366764
73.25110987658334;43348.477817470375;1969.2704873707526
1.9999539393061074;419.3917951482608;-187.76250104073583
0.0
64.88030561514158;-15.364060214300272;-2559.983350113514
73.25633194705951;42891.441444779295;1934.945040939379
1.999541702369504;448.6501782392467;-191.67984115982466
0.0
65.3646017032414;-15.18087806129325;-2590.6723360267943
73.25190663884479;43294.05884151927;1965.4705180209842
1.9995076031784629;422.801757743561;-188.15107724250998
0.0
63.9176746447204;-15.29781657826347;-2526.1633342711953
73.2623007160953;42853.87015242322;1931.9147666630154
1.9995479029873586;448.8837786796928;-192.13952991909858
0.0
63.9087200262394;-15.27118815056322;-2543.5172639276548
73.26923504536384;42815.07554699112;1930.4230924512042
1.9993500861251094;449.4602390494149;-191.9102518962318
0.0
64.5308594222457;-15.30139696202052;-2576.616936936447
73.25486424357356;42945.84532311807;1940.6691330111196
1.999931809788505;444.909650889949;-190.64485194408903
0.0
64.88689107434672;-15.235899293419221;-2587.9866472144804
73.25380534532736;43126.375387153974;1953.5406384273247
1.9999474899885636;432.7335739643806;-189.4085417844397
0.0
64.39983513175659;-15.25383286453138;-2576.099387451617
73.25535171449239;42883.44033700745;1936.8921361581872
1.9998068099813382;445.40313965678587;-190.8981648358006
0.0
64.82814287918553;-15.230803950847513;-2579.8920097686832
73.25469241916161;43107.003420786714;1951.9855845619531
1.999754139847681;432.8418678472473;-189.61096263409468
0.0
64.0851123887951;-15.340792761316608;-2569.2712976698863
73.2572421782954;42867.13878787846;1934.3226272354136
1.9989029928270823;449.3034675086538;-191.5647361223984
0.0
64.00870780271985;-15.335349920791142;-2552.7480809615304
73.25984563988692;42863.88718678006;1933.3124727175855
1.9992868214298911;448.83709798584874;-191.8316321591865
0.0
64.40655460663342;-15.282953789969033;-2574.8900971019807
73.25520660728216;42902.47777617267;1937.7532530181575
1.9999016111905283;445.3114361485246;-190.92042550411148
0.0
64.04971677976476;-15.341416690713878;-2546.39889499381
73.25802054080027;42876.865333760994;1933.7397940811716
1.9998419763108077;448.732172008554;-191.83962001214684
0.0
64.46111474048666;-15.293628096339846;-2578.7482360080753
73.25495301879283;42929.12349670609;1939.5081193377055
1.9997563498999793;445.09787461867546;-190.76765688151335
0.0
65.47069599047133;-15.164247687740604;-2591.3997227454934
73.25109460199927;43349.25903333542;1969.2561436594353
1.9999820826012744;419.3722281679869;-187.77840168459102
