200
4
0.0
63.756040990296036;-15.3706752382554;-2469.7191250504097
73.24920712984458;42926.03334653335;1928.2771051749435
1.9997110917641068;449.997008183685;-193.34529669120866
0.0
63.7584809472798;-15.373577196911773;-2471.0880188620386
73.24915527333492;42926.582407892965;1928.349570758945
1.999738573324935;449.994473276774;-193.33076927085614
0.0
63.14828351437676;-15.281828673470583;-2454.847832181603
73.31224011626468;42903.61138989096;1927.048707263066
1.9990920428695669;449.7181417657301;-193.3274618520832
0.0
63.162512604544375;-15.289474492831083;-2460.467176415191
73.31146317554867;42902.782823419315;1927.178186460771
1.9991155114347332;449.69391643623385;-193.2711899589448
0.0
63.31160499184544;-15.310894227316744;-2476.7313334741602
73.29991052182852;42897.37627347937;1927.4688539699537
1.9990347398037422;449.9763916441849;-193.12415923547604
0.0
63.31160499184544;-15.310894227316744;-2476.7313334741602
73.29991052182852;42897.37627347937;1927.4688539699537
1.9990347398037422;449.9763916441849;-193.12415923547604
0.0
63.31160499184544;-15.310894227316744;-2476.7313334741602
73.29991052182852;42897.37627347937;1927.4688539699537
1.9990347398037422;449.9763916441849;-193.12415923547604
0.0
63.31160499184544;-15.310894227316744;-2476.7313334741602
73.29991052182852;42897.37627347937;1927.4688539699537
1.9990347398037422;449.9763916441849;-193.12415923547604
0.0
63.31160499184544;-15.310894227316744;-2476.7313334741602
73.29991052182852;42897.37627347937;1927.4688539699537
1.9990347398037422;449.9763916441849;-193.12415923547604
0.0
63.316475804967595;-15.310679715043333;-2477.0744270868677
73.30012695335549;42896.49260900259;1927.4461860274873
1.9990139134969054;449.97983597011597;-193.12180653200207
0.0
63.51903377940847;-15.322505318045755;-2487.77495817678
73.29244551657682;42900.283193414056;1928.1302074164053
1.9989030815460527;449.9053014090441;-192.9880074816294
0.0
63.88622743764574;-15.41662177479486;-2495.9478081808456
73.24591600021184;42960.45176845969;1931.1453392265857
1.9998975378435586;449.64461432515276;-192.9353817986535
0.0
63.7651187867526;-15.375151074755514;-2471.5401255150696
73.24912808770092;42930.563470906396;1928.5753941717649
1.9998082853845345;449.96434733802937;-193.312429760776
0.0
63.76927101793396;-15.375318519512433;-2471.822737866439
73.2489706353347;42930.857721648565;1928.6133002218594
1.999797140404965;449.97932264219713;-193.3054492909992
0.0
63.781339201142394;-15.378050315635265;-2477.9569408667758
73.2484681173682;42926.72954558808;1928.6136362815878
1.9996999138651201;449.99294767835755;-193.2432492748783
0.0
63.79904288232833;-15.394686062704327;-2480.7828603234666
73.24788968146221;42937.94574292581;1929.267441872353
1.9998371417762901;449.96134244494556;-193.19814486800692
0.0
63.819565998095236;-15.39580163119143;-2486.703916620932
73.24669001770015;42933.704309862784;1929.298446678952
1.999774552101726;449.99119565488274;-193.13254296779766
0.0
63.30261633155764;-15.310239148122859;-2475.8147421981694
73.2988538161789;42899.70934997944;1927.5304754829829
1.9991609567644666;449.96431139069114;-193.1278036874237
0.0
63.307472461148784;-15.310024548117143;-2476.158798736175
73.29907016666336;42898.82351279323;1927.507743095289
1.9991401289803186;449.9677611502806;-193.12544183644155
0.0
63.26681665648029;-15.3039642976433;-2475.8034750706297
73.30248885494801;42896.53716512094;1927.3962959585747
1.999245862416521;449.87224052892736;-193.1191929211012
0.0
63.88697265062223;-15.421902912984557;-2495.8945680635106
73.24599133225657;42957.942834019;1930.948190516787
1.9999443340629937;449.74701775844676;-192.96335778441724
0.0
63.882455797268555;-15.422637587226756;-2495.7055618856875
73.24597740120029;42960.687221534434;1931.0782436688087
1.9999373369535507;449.7370354945239;-192.96252548078795
0.0
63.939840882027234;-15.423653393659018;-2495.728743414145
73.24595364159245;42961.59331720903;1931.137642220288
1.9999731995751495;449.72445009419596;-192.95997862132802
0.0
63.86879407263125;-15.403497901212477;-2497.1644203566775
73.24609183890819;42943.95310214975;1930.3391124361617
1.999921562505178;449.84245363253126;-192.94867314514434
0.0
63.86879407263125;-15.403497901212477;-2497.1644203566775
73.24609183890819;42943.95310214975;1930.3391124361617
1.999921562505178;449.84245363253126;-192.94867314514434
0.0
63.86879407263125;-15.403497901212477;-2497.1644203566775
73.24609183890819;42943.95310214975;1930.3391124361617
1.999921562505178;449.84245363253126;-192.94867314514434
0.0
63.85907533102931;-15.364477310428862;-2502.0821381134674
73.2485063055145;42916.54714866514;1929.4337172638436
1.9994922824422572;449.8413160135384;-192.86041518327573
0.0
63.9333449819667;-15.346601227294563;-2516.5722679133232
73.2472060678123;42908.47948030354;1929.8898216502878
1.9998055005729576;449.77185355133906;-192.6063189086401
0.0
63.970127417092456;-15.357843525361268;-2520.664097161946
73.24711811600855;42921.92398676888;1930.818391060707
1.9995497292076265;449.734028045616;-192.51671015356666
0.0
63.79667782297874;-15.38314470267852;-2483.3795311985464
73.24820965940042;42928.069308751794;1928.895126820193
1.9997936394067712;449.9987081879857;-193.17080658547798
0.0
63.798019282652476;-15.38430491183526;-2483.3183266941023
73.24816714155193;42929.442712313954;1928.9611311058995
1.9998212102734263;449.9910132642471;-193.1692920662586
0.0
63.803309186817906;-15.39669487382151;-2484.090968607444
73.24770285952862;42935.39764794643;1929.2935498809352
1.9998305737384836;449.9893672586217;-193.16304271125426
0.0
63.80342745477169;-15.388022558474622;-2485.6605190568807
73.24801786727178;42930.43986916338;1929.0743768726381
1.9998173835966144;449.9780067462805;-193.14315297237764
0.0
63.80427939092135;-15.389296421874535;-2486.216276138411
73.24799498052602;42930.578916304396;1929.103036199206
1.9998153419371427;449.97871983223024;-193.1373380586329
0.0
63.82142019763482;-15.397135461484535;-2486.8381408824443
73.24654064537435;42934.51556384128;1929.3412226258185
1.9997630427888842;449.9981796856388;-193.13090933837697
0.0
63.83169211951661;-15.397464477716756;-2489.4851718252025
73.24646052016078;42935.488922443044;1929.516481203812
1.9997504905006134;449.9921728415475;-193.08762270525355
0.0
63.833116873103954;-15.397827519150487;-2489.8469201266334
73.2464293141901;42935.73640632081;1929.5442025229345
1.9997539651367888;449.99213904372317;-193.08218878476416
0.0
63.353155302741236;-15.31006408666128;-2480.094983686021
73.29404705629986;42894.713320233575;1927.5500612950154
1.9993795106781425;449.9063606913613;-193.07886542033776
0.0
63.358958529093115;-15.310260931804782;-2480.6557100408077
73.29383711181399;42894.882903608006;1927.576230337828
1.999421325969653;449.90052466102736;-193.071093854891
0.0
63.37593655255632;-15.30929983484369;-2481.8955054634885
73.29275064539883;42896.74878220912;1927.7172085903223
1.99976527166436;449.8959683068234;-193.044278285774
0.0
63.41646704979219;-15.31774271433942;-2483.1290979618834
73.28885727463586;42903.23990798554;1928.1014223156806
1.9992284666175284;449.9926987402133;-193.0223036870844
0.0
63.88161964811937;-15.367380374544274;-2505.1591808649137
73.24758122521237;42913.79485190773;1929.4915517699712
1.9992783445087536;449.92882026557635;-192.82634955012335
0.0
63.8809710768127;-15.36624881044775;-2505.890212607454
73.24766156710378;42911.7678632625;1929.4499750531172
1.9992485590799771;449.947503634052;-192.81748435111584
0.0
63.76708379369037;-15.326814332809796;-2508.671536561149
73.26006024386952;42896.49150760954;1928.9417823679078
1.9995405772698374;449.8898864698977;-192.71170034242314
0.0
63.93119689118446;-15.341607468053493;-2516.743784602429
73.24723769264179;42905.918551186915;1929.7617700944916
1.999962597550371;449.794839452586;-192.60445062835072
0.0
63.93632361897645;-15.342623021876427;-2518.5066680318605
73.24717962158965;42907.1242316224;1929.8956856187517
1.9998318899479235;449.8876341302758;-192.5784341940515
0.0
63.93178406572757;-15.32608790405269;-2518.5219117294546
73.24867472874253;42898.874333455075;1929.5341824655136
1.9998473599906024;449.8758763488096;-192.55710160735768
0.0
63.93218091008635;-15.327712926418352;-2519.62085048207
73.24852788018188;42899.5347096406;1929.6041325749575
1.9998440783933156;449.8780361264277;-192.54610608719813
0.0
63.9471704366862;-15.33900146577366;-2520.5761228277943
73.24724696312602;42904.906886627454;1929.894729333541
1.999945049784498;449.81109003745775;-192.54304889321992
0.0
63.9471704366862;-15.33900146577366;-2520.5761228277943
73.24724696312602;42904.906886627454;1929.894729333541
1.999945049784498;449.81109003745775;-192.54304889321992
0.0
63.9471704366862;-15.33900146577366;-2520.5761228277943
73.24724696312602;42904.906886627454;1929.894729333541
1.999945049784498;449.81109003745775;-192.54304889321992
0.0
63.9471704366862;-15.33900146577366;-2520.5761228277943
73.24724696312602;42904.906886627454;1929.894729333541
1.999945049784498;449.81109003745775;-192.54304889321992
0.0
63.9471704366862;-15.33900146577366;-2520.5761228277943
73.24724696312602;42904.906886627454;1929.894729333541
1.999945049784498;449.81109003745775;-192.54304889321992
0.0
63.9471704366862;-15.33900146577366;-2520.5761228277943
73.24724696312602;42904.906886627454;1929.894729333541
1.999945049784498;449.81109003745775;-192.54304889321992
0.0
63.9471704366862;-15.33900146577366;-2520.5761228277943
73.24724696312602;42904.906886627454;1929.894729333541
1.999945049784498;449.81109003745775;-192.54304889321992
0.0
63.9471704366862;-15.33900146577366;-2520.5761228277943
73.24724696312602;42904.906886627454;1929.894729333541
1.999945049784498;449.81109003745775;-192.54304889321992
0.0
63.9471704366862;-15.33900146577366;-2520.5761228277943
73.24724696312602;42904.906886627454;1929.894729333541
1.999945049784498;449.81109003745775;-192.54304889321992
0.0
63.9471704366862;-15.33900146577366;-2520.5761228277943
73.24724696312602;42904.906886627454;1929.894729333541
1.999945049784498;449.81109003745775;-192.54304889321992
0.0
63.9471704366862;-15.33900146577366;-2520.5761228277943
73.24724696312602;42904.906886627454;1929.894729333541
1.999945049784498;449.81109003745775;-192.54304889321992
0.0
63.9471704366862;-15.33900146577366;-2520.5761228277943
73.24724696312602;42904.906886627454;1929.894729333541
1.999945049784498;449.81109003745775;-192.54304889321992
0.0
63.9471704366862;-15.33900146577366;-2520.5761228277943
73.24724696312602;42904.906886627454;1929.894729333541
1.999945049784498;449.81109003745775;-192.54304889321992
0.0
63.9471704366862;-15.33900146577366;-2520.5761228277943
73.24724696312602;42904.906886627454;1929.894729333541
1.999945049784498;449.81109003745775;-192.54304889321992
0.0
63.9471704366862;-15.33900146577366;-2520.5761228277943
73.24724696312602;42904.906886627454;1929.894729333541
1.999945049784498;449.81109003745775;-192.54304889321992
0.0
63.9471704366862;-15.33900146577366;-2520.5761228277943
73.24724696312602;42904.906886627454;1929.894729333541
1.999945049784498;449.81109003745775;-192.54304889321992
0.0
63.9471704366862;-15.33900146577366;-2520.5761228277943
73.24724696312602;42904.906886627454;1929.894729333541
1.999945049784498;449.81109003745775;-192.54304889321992
0.0
63.9471704366862;-15.33900146577366;-2520.5761228277943
73.24724696312602;42904.906886627454;1929.894729333541
1.999945049784498;449.81109003745775;-192.54304889321992
0.0
63.9471704366862;-15.33900146577366;-2520.5761228277943
73.24724696312602;42904.906886627454;1929.894729333541
1.999945049784498;449.81109003745775;-192.54304889321992
0.0
63.9471704366862;-15.33900146577366;-2520.5761228277943
73.24724696312602;42904.906886627454;1929.894729333541
1.999945049784498;449.81109003745775;-192.54304889321992
0.0
63.9471704366862;-15.33900146577366;-2520.5761228277943
73.24724696312602;42904.906886627454;1929.894729333541
1.999945049784498;449.81109003745775;-192.54304889321992
0.0
63.9471704366862;-15.33900146577366;-2520.5761228277943
73.24724696312602;42904.906886627454;1929.894729333541
1.999945049784498;449.81109003745775;-192.54304889321992
0.0
63.9471704366862;-15.33900146577366;-2520.5761228277943
73.24724696312602;42904.906886627454;1929.894729333541
1.999945049784498;449.81109003745775;-192.54304889321992
0.0
63.9471704366862;-15.33900146577366;-2520.5761228277943
73.24724696312602;42904.906886627454;1929.894729333541
1.999945049784498;449.81109003745775;-192.54304889321992
0.0
63.9471704366862;-15.33900146577366;-2520.5761228277943
73.24724696312602;42904.906886627454;1929.894729333541
1.999945049784498;449.81109003745775;-192.54304889321992
0.0
63.9471704366862;-15.33900146577366;-2520.5761228277943
73.24724696312602;42904.906886627454;1929.894729333541
1.999945049784498;449.81109003745775;-192.54304889321992
0.0
63.9471704366862;-15.33900146577366;-2520.5761228277943
73.24724696312602;42904.906886627454;1929.894729333541
1.999945049784498;449.81109003745775;-192.54304889321992
0.0
63.947667490833645;-15.337891615893913;-2520.701901812152
73.24724932583398;42904.362744329635;1929.8759779806585
1.9999388954948618;449.8138261838829;-192.54045268840136
0.0
63.9741239781604;-15.35609654196573;-2520.8329959900357
73.24709335665054;42922.119123378776;1930.854010260061
1.999577763758533;449.73495165264916;-192.51079378757706
0.0
63.800475502033436;-15.38542606098202;-2484.2615526872196
73.2481074809698;42929.57385435706;1929.0040247398638
1.999821616587852;449.9931044410494;-193.15773729189826
0.0
63.80055548141827;-15.385953942041429;-2484.827860540407
73.24811008671986;42929.035280280186;1928.993853791232
1.9998270413874302;449.9921949933968;-193.15322349785697
0.0
63.80385551403404;-15.388546792909972;-2485.92706840714
73.24800855647953;42930.46130077079;1929.0861459307346
1.999817862812291;449.97873646901195;-193.14034070002197
0.0
63.80560327356628;-15.389150821495708;-2486.6506072950306
73.24796963122887;42930.36123441189;1929.1097388254407
1.9998175505328188;449.9799018440992;-193.13156280836662
0.0
63.83686590469988;-15.400513147314443;-2491.0871384024554
73.24630621928466;42935.90750522175;1929.5820201180743
1.9997348599933986;449.9888899011118;-193.071804735568
0.0
63.838289173751946;-15.400876345076838;-2491.4491560254514
73.2463046914203;42936.15511985805;1929.6097601633228
1.999738339114556;449.98885706559554;-193.06636685683765
0.0
63.787293703179294;-15.350581519288124;-2488.9126233444767
73.25129544768481;42906.04478425496;1928.364181992832
1.9994700587131253;449.92827526791126;-193.061890718069
0.0
63.856474253324585;-15.414895229399658;-2493.1807037503013
73.24610937855503;42948.21376305025;1930.2904128438608
1.9999369024400049;449.90447259469835;-193.0324511492818
0.0
63.857132759988964;-15.406175296527593;-2496.166610239757
73.24612881090559;42941.47481090335;1930.1271680216084
1.9998908863792018;449.9193483819757;-192.9831246625556
0.0
63.871858510085225;-15.390181582948996;-2499.9923392356727
73.24621220282775;42932.69714458839;1929.902397852351
1.9998066184983994;449.9060694491486;-192.91835678211686
0.0
63.82940708102955;-15.362562927637619;-2498.6858827711453
73.2501633455016;42913.22522764994;1929.1360453093125
1.9994120376235733;449.9572404817904;-192.91653385760804
0.0
63.88530170430261;-15.369791687757646;-2508.022209174795
73.24755996944155;42914.60526440961;1929.6509204568001
1.9993414828388194;449.9551100391073;-192.78476058679416
0.0
63.8890028493807;-15.361655622643456;-2508.0346451608307
73.2475092455154;42916.69791440719;1929.7470234134316
1.999268248165163;449.9702685476867;-192.76296989650356
0.0
63.7655801364298;-15.326757106243877;-2508.227832543818
73.26018298081719;42896.375914543845;1928.919995139968
1.9995119118464244;449.9191490163159;-192.71720152926346
0.0
63.76604413112593;-15.323708586125274;-2508.308311931171
73.26022558022746;42895.04439300851;1928.865056372202
1.9995247083693866;449.9053358015077;-192.71356284030006
0.0
63.76604413112593;-15.323708586125274;-2508.308311931171
73.26022558022746;42895.04439300851;1928.865056372202
1.9995247083693866;449.9053358015077;-192.71356284030006
0.0
63.76604413112593;-15.323708586125274;-2508.308311931171
73.26022558022746;42895.04439300851;1928.865056372202
1.9995247083693866;449.9053358015077;-192.71356284030006
0.0
63.802837484523955;-15.33259964894256;-2510.660822674522
73.25756632644956;42900.7398665685;1929.3326307488412
1.9993000145811277;449.95427839634334;-192.67478588445528
0.0
63.802837484523955;-15.33259964894256;-2510.660822674522
73.25756632644956;42900.7398665685;1929.3326307488412
1.9993000145811277;449.95427839634334;-192.67478588445528
0.0
63.802837484523955;-15.33259964894256;-2510.660822674522
73.25756632644956;42900.7398665685;1929.3326307488412
1.9993000145811277;449.95427839634334;-192.67478588445528
0.0
63.926307652421734;-15.351849128516404;-2515.673830662595
73.24712003112856;42911.227672179;1929.9433268027499
1.9999479781309426;449.8926795961313;-192.62911422270778
0.0
63.93252282738619;-15.346509134263432;-2517.5929588579734
73.24723597010053;42907.828198926996;1929.8740375274074
1.9999682045716982;449.7960734407356;-192.59784412889599
0.0
63.94794445924034;-15.346503363192719;-2520.6515172028267
73.2471760141302;42909.31298057016;1930.0915933155688
1.9999071716295764;449.8874994345189;-192.54591101701934
0.0
63.81790298124998;-15.392878407544929;-2489.5539363728612
73.24768531674556;42933.052842787576;1929.3702151671996
1.9998344171115625;449.9849697436306;-193.08689599076078
0.0
63.83573390782671;-15.397747850630699;-2491.547540499796
73.24649791578393;42934.90674181276;1929.5931854823846
1.9998212164195992;449.9398296670561;-193.05637164361724
0.0
63.85428466816179;-15.399424540015577;-2496.7318409780605
73.24627952615846;42936.28637495691;1929.8565262914258
1.999817797521328;449.9648195286005;-192.98346970903313
0.0
63.85724959426447;-15.399730757102557;-2496.9308987378513
73.2462943337801;42935.8679962053;1929.8376218819908
1.9998028211011891;449.9686571411182;-192.98337670235384
0.0
63.8700090596953;-15.384970524746048;-2500.676745230736
73.24645370941825;42928.61940998258;1929.76296728728
1.9998794844026335;449.918869843313;-192.90694086449014
0.0
63.8704093137928;-15.385525550908909;-2501.033089812639
73.24645078676767;42928.50182186568;1929.7730419088095
1.9998777218562733;449.91962204381406;-192.90321182793946
0.0
63.64982540856882;-15.331542071667231;-2497.2126852388324
73.26772565385802;42897.858649482245;1928.49740903883
1.9998235712944297;449.9289697859327;-192.88446398780584
0.0
63.804882008462066;-15.344592851218591;-2503.1225077937133
73.25378645211653;42903.06681657698;1928.8709110541354
1.9994815796815275;449.9992391222176;-192.83892346362774
0.0
63.853523761260625;-15.359507973691526;-2507.2347153741134
73.24982438939792;42910.28965475096;1929.3825350963132
1.9995518897645215;449.96473467793385;-192.79209569504903
0.0
63.763739679090115;-15.318464747679526;-2508.9793222768694
73.26073178062013;42891.483581036795;1928.7483857417083
1.9994770031992377;449.9897032641375;-192.6998112961093
0.0
63.7652086299132;-15.318963040286038;-2509.3430095675235
73.26059094178868;42891.73830426885;1928.7737706817388
1.9994929349901827;449.97424956660757;-192.69570722028618
0.0
63.78805466464434;-15.321255984613838;-2508.997312277722
73.2587328694637;42895.22310400746;1928.9670161852232
1.999639743877154;449.9571818282654;-192.68245514989272
0.0
63.853806325651306;-15.401029614871184;-2496.258243577067
73.24620137342805;42936.99669749938;1929.8983392342009
1.999980003890522;449.9865104583859;-192.98803044777287
0.0
63.85456737280147;-15.40146431285142;-2496.1060693430477
73.24616494978305;42937.899420481685;1929.9425622774015
1.9999865718541838;449.96130433518044;-192.98713639656785
0.0
63.85524796991793;-15.40201945833937;-2496.2618656958125
73.24615765960667;42938.24754172284;1929.9662049148264
1.9999627856486375;449.9525357305959;-192.98482365462252
0.0
63.85885870072118;-15.407239643592968;-2496.3842188033746
73.24612880978421;42942.158339745445;1930.1627215395467
1.999921198106662;449.94627627765544;-192.98018674214285
0.0
63.876701465087024;-15.391027932860393;-2499.698653636398
73.24620208815267;42933.75598656942;1929.9135925209832
1.9999201139258678;449.98738348915776;-192.92010561144355
0.0
63.86403723126281;-15.381430137856922;-2500.0300656339946
73.24668497886572;42925.01059956403;1929.5788218844693
1.999850154886208;449.96437853560025;-192.91928238296288
0.0
63.864571451627384;-15.383286124065364;-2500.6315692016883
73.24661158518995;42926.13353932695;1929.648103227126
1.9998322458531141;449.9656524196988;-192.91305134276615
0.0
63.871436867393804;-15.381574918624942;-2501.2316560748145
73.24648795053962;42926.170502622066;1929.6850131954789
1.999875274839372;449.95575913119234;-192.8983726143774
0.0
63.863643524575714;-15.376339911411664;-2500.919449321992
73.24743972092809;42924.20709267523;1929.59320430419
1.99996093075981;449.94257485255406;-192.89398650067693
0.0
63.868639235625395;-15.379851435260633;-2501.8387419472747
73.24676304080583;42924.91465041722;1929.6299616006913
1.999809346407991;449.9785912573005;-192.89213798395988
0.0
63.67430427330041;-15.324306221687056;-2505.973836135621
73.26754288741603;42892.24171286557;1928.5897859006245
1.9998770111204096;449.93056535816737;-192.75836214773935
0.0
63.68591790779642;-15.326998072038693;-2507.0325683412166
73.26734249756726;42893.85959885116;1928.6934797246113
1.9998394473416594;449.9478916644583;-192.74579674463456
0.0
63.86496158560821;-15.384745499650979;-2500.7542490881283
73.24659190850821;42926.50082154763;1929.646734578828
1.9998525084251686;449.97656499641585;-192.91450671613921
0.0
63.664600225599045;-15.327638743757458;-2500.6162280494746
73.26920837650404;42891.563039304645;1928.329617822499
1.9999434685474446;449.95777631800115;-192.83477454474968
0.0
63.775690164506486;-15.379033063819564;-2475.845450453873
73.2486053819023;42928.70431440887;1928.6233341595746
1.99968350771459;449.9977347867231;-193.26890061418433
0.0
63.78574687797281;-15.386733322398584;-2476.694597296991
73.24821379235132;42934.457837925474;1928.9405173389373
1.999807928295127;449.980752848318;-193.25195101049033
0.0
63.77915974573401;-15.379293787328844;-2477.4895978384357
73.24854190626147;42927.52303122226;1928.636927192059
1.999671923210711;449.9982127006145;-193.24914205538357
0.0
63.777021721313076;-15.377812630214489;-2479.323131241258
73.24907311137062;42927.322131789304;1928.6206493428708
1.9998730964745912;449.9427814127534;-193.22800142118453
0.0
63.3773585409269;-15.355572647574265;-2473.6154019841574
73.28881748113241;42919.50685062302;1928.3638466610587
1.9995992572250834;449.9629485029663;-193.2120373598946
0.0
63.8010997646518;-15.395245383847362;-2480.8078724747443
73.24782502937968;42940.12299149389;1929.351445161218
1.9997631332765797;449.9454121298712;-193.19444163636226
0.0
63.692772952035526;-15.347505662789507;-2479.0630415302
73.25951208315679;42919.566847940536;1928.456467055485
1.9996065953440496;449.88620854358464;-193.15959729929995
0.0
63.26582654356984;-15.306258200788056;-2475.499355586536
73.30249800866238;42897.853709568684;1927.4419182899724
1.9992390861905422;449.9085621806654;-193.12463969244104
0.0
63.26610081029828;-15.306394823125071;-2475.5808146518457
73.30249203242283;42897.90649431535;1927.4480146162673
1.9992034285298366;449.960649805987;-193.12353659622894
0.0
63.27158296368145;-15.306454426340537;-2476.057133259346
73.30207590561398;42898.026040327226;1927.4681496709334
1.9992808734478549;449.90277886313095;-193.11688669831395
0.0
63.79415678138174;-15.359210157547952;-2490.3048129346453
73.25208540468057;42920.14281194886;1928.9690662784676
1.9997150461310034;449.87536226867826;-193.0248393648618
0.0
63.87457361756424;-15.421820737093766;-2495.485219381341
73.2459915428436;42960.02664298728;1931.0397698149513
1.9999088562858267;449.7458778210696;-192.96670495699212
0.0
63.93596365187225;-15.423582532012535;-2495.747441507373
73.245953750694;42961.596355978545;1931.1385190389005
1.9999734795144146;449.7214206945416;-192.95973460073876
0.0
63.92318303128729;-15.422731539399468;-2495.3232806789497
73.24593213444825;42964.27631904989;1931.275995198216
1.9999559620526424;449.72030168224154;-192.95399277132458
0.0
64.07389336794526;-15.424876363030002;-2497.507183569503
73.24593362484406;42960.61345687096;1931.1752126138417
1.9999919186993875;449.6751342064776;-192.93218090787315
0.0
64.07389336794526;-15.424876363030002;-2497.507183569503
73.24593362484406;42960.61345687096;1931.1752126138417
1.9999919186993875;449.6751342064776;-192.93218090787315
0.0
64.07389336794526;-15.424876363030002;-2497.507183569503
73.24593362484406;42960.61345687096;1931.1752126138417
1.9999919186993875;449.6751342064776;-192.93218090787315
0.0
64.07389336794526;-15.424876363030002;-2497.507183569503
73.24593362484406;42960.61345687096;1931.1752126138417
1.9999919186993875;449.6751342064776;-192.93218090787315
0.0
64.07389336794526;-15.424876363030002;-2497.507183569503
73.24593362484406;42960.61345687096;1931.1752126138417
1.9999919186993875;449.6751342064776;-192.93218090787315
0.0
63.83272204822892;-15.37015645579546;-2498.50989128097
73.24958935973874;42919.83029938918;1929.4351909871327
1.9997110316531093;449.82930721964067;-192.92412631470012
0.0
63.8494221887672;-15.370817346344129;-2501.0547587664973
73.24861498153858;42918.853487953565;1929.4788290259144
1.9995645488883933;449.87462593797466;-192.88826201028414
0.0
63.85053079535695;-15.369626562080619;-2501.1099255233707
73.2485737522716;42919.58950225939;1929.5153508517126
1.9995381678334052;449.875501545501;-192.88599070384277
0.0
63.93106727298841;-15.42223844497194;-2499.8008342628214
73.24592424436082;42963.85623785939;1931.49902738328
1.999963350622251;449.7032371992876;-192.8757305221837
0.0
63.88362004748419;-15.367669212658289;-2507.1123107999506
73.2475339921485;42918.3036503481;1929.7594937658625
1.9995309425524892;449.89015546386605;-192.78563515061762
0.0
63.8973100175683;-15.362496328582848;-2509.847940995646
73.24734218491197;42916.215226519;1929.828139139974
1.9994703419189581;449.8914510345808;-192.73535617899176
0.0
63.79643691645703;-15.393036722861941;-2482.4493333131268
73.24798040166972;42933.457257670365;1929.1430840499665
1.999822289700897;449.98856709407977;-193.184421815984
0.0
63.80327373206136;-15.396054178206313;-2482.998289301358
73.24793842653054;42938.067314436215;1929.349239301451
1.999791613855474;449.98973374317063;-193.16997865840483
0.0
63.798023431045024;-15.384180949076608;-2484.5353659276143
73.24830764348535;42928.170306182365;1928.941319086876
1.9998147200290806;449.9798923268393;-193.15640416787087
0.0
63.80103252597946;-15.388057196833792;-2485.588756772082
73.24816923197872;42930.14892815134;1929.0532901567924
1.9998333561013808;449.97279813030895;-193.1455820588359
0.0
63.80470709388818;-15.389820689236302;-2486.482902421811
73.247985665725;42930.60044936346;1929.1148115063527
1.9998157990376961;449.9794445656808;-193.13452536354993
0.0
63.80375148898408;-15.387816081828653;-2486.516693797071
73.2481190922603;42929.549274176745;1929.066939045129
1.9998296455888132;449.97250099277903;-193.13319275067687
0.0
63.72869483733342;-15.353568123669627;-2484.6082810025787
73.25651581610526;42915.55536500207;1928.5461639128407
1.9995486167632666;449.9401566327015;-193.1033036376318
0.0
63.288696838751015;-15.30941861125196;-2479.1294912376534
73.30075037906252;42897.06499325426;1927.5242533088692
1.9996071022312905;449.8983382289432;-193.08614457706256
0.0
63.288696838751015;-15.30941861125196;-2479.1294912376534
73.30075037906252;42897.06499325426;1927.5242533088692
1.9996071022312905;449.8983382289432;-193.08614457706256
0.0
63.288696838751015;-15.30941861125196;-2479.1294912376534
73.30075037906252;42897.06499325426;1927.5242533088692
1.9996071022312905;449.8983382289432;-193.08614457706256
0.0
63.36827653612741;-15.30918376696544;-2480.697032332664
73.30394153074211;42896.31193953544;1927.6857856545669
1.9998526677717534;449.89138199570834;-193.0581722497118
0.0
63.405586490930496;-15.319594852960295;-2482.7860408586616
73.2903480037225;42906.21494286135;1928.2498596795806
1.9993357329571384;449.9265519296768;-193.01862160901845
0.0
63.87756298441179;-15.422534147798725;-2495.694582247939
73.24599205394313;42959.92444464323;1931.0344215593009
1.999919888867992;449.74756402866683;-192.966524254231
0.0
63.86443696025362;-15.367937604402483;-2504.755605498336
73.24838202433024;42915.25149512674;1929.532180712162
1.9993138565753232;449.9176947553111;-192.8281398155166
0.0
63.889898748739725;-15.367163431404459;-2508.6955896005165
73.2473372167215;42917.13779159526;1929.7862927619735
1.9994442391335898;449.90761103114835;-192.76369410222767
0.0
63.89683969360277;-15.361907410154448;-2509.5305967305885
73.24735775629394;42916.08082121079;1929.8088286660072
1.9994293747029404;449.90983888102693;-192.73895459321724
0.0
63.75140979425358;-15.3260232540662;-2508.1194455839495
73.26225930622887;42899.79495392555;1929.1206739866918
1.999483600818435;449.9026531315029;-192.69666297941683
0.0
63.8267363329429;-15.396407389872921;-2488.956212114984
73.24688217418014;42935.42754153329;1929.4947097810866
1.9997568655951221;449.99150990906224;-193.09259560975235
0.0
63.827446285039045;-15.394518279526565;-2490.5994436743536
73.24697777274947;42933.93172494815;1929.4361045080436
1.99985043699987;449.9539343941738;-193.07499343738473
0.0
63.37035680074577;-15.315352088456986;-2481.0996875164265
73.29289029686605;42899.42912676246;1927.780094303376
1.9997912223651995;449.90858662078244;-193.06308618738754
0.0
63.36977801230306;-15.314754575624496;-2481.1165414260226
73.29304325984108;42899.22657192555;1927.7712743057727
1.9996914353624933;449.96170989510426;-193.06151669528305
0.0
63.743458819336816;-15.36344765706172;-2488.7207113843947
73.25614117048167;42921.05360012249;1928.9650122291155
1.9995595835129418;449.9735488584414;-193.04788031275814
0.0
63.71160797945144;-15.35079777028762;-2488.18062845887
73.25936741573929;42915.093992422386;1928.6884153732567
1.9995958415371355;449.9462892779332;-193.0420589834835
0.0
63.862856047727355;-15.415668589324005;-2493.055611075542
73.24612139514215;42954.67860517741;1930.5507205942063
1.9999393647321266;449.9039858974088;-193.038635434801
0.0
63.86901075121621;-15.405186183609288;-2499.216866676119
73.24632859835425;42943.74776985892;1930.416761272644
1.9999206597953088;449.8735240043166;-192.92222371188848
0.0
63.8123467945072;-15.363119767686232;-2498.2815525467217
73.25179635989058;42914.68611536308;1929.176806992692
1.9994397245130695;449.9472675665547;-192.91833188760413
0.0
63.616937791579964;-15.330484160087234;-2497.0890386780316
73.27303350090425;42894.99572400123;1928.3651265013089
1.999949421040507;449.8678098499515;-192.88766465996235
0.0
63.663783015738034;-15.344017149732045;-2499.5924834008692
73.27116832904193;42900.78425321605;1928.7019769761766
1.9994105703821052;449.9596448591635;-192.86944452866598
0.0
63.66116055524597;-15.338298621964645;-2499.586286197213
73.26769894669685;42900.87389107698;1928.7323036844232
1.9997896760672722;449.9212688652094;-192.853996765471
0.0
63.931907904658345;-15.34547113362155;-2517.151157130596
73.24723823955082;42907.86789734388;1929.8671365212854
1.9999595606966865;449.79102996820103;-192.60076529787133
0.0
63.9454149939891;-15.343165629272214;-2520.3005307767967
73.24724862540509;42906.17222931906;1929.9276497833034
1.9999567081696163;449.81753432705847;-192.55268088142554
0.0
63.944967804413544;-15.343096412462888;-2520.336915574373
73.24728455270876;42906.01269865609;1929.9215910522146
1.9999280939586264;449.83429662877194;-192.55174097167455
0.0
63.9478189188708;-15.339800593635763;-2520.5206283104526
73.24727593489082;42906.16845712381;1929.9621122406445
1.99994392383878;449.82697558131457;-192.54100856715468
0.0
63.837184268451345;-15.39964737590639;-2492.212164616584
73.24646161560844;42935.697879333275;1929.6574820690935
1.9998217435031045;449.94553177693234;-193.0478522863173
0.0
63.82867772949846;-15.360538714478155;-2502.069821657317
73.25148401245373;42913.74761051296;1929.3118085409287
1.9994227450292645;449.96329516408883;-192.8574155949547
0.0
63.903709682359974;-15.378050452131001;-2502.9269452260737
73.24647941618512;42930.0376361443;1930.0806550203815
1.999923275510318;449.94488483958463;-192.82251766342858
0.0
63.79351688785035;-15.331566422281979;-2511.935216901331
73.25876389150693;42900.73067760864;1929.2896999583772
1.9998051397768561;449.9359584302984;-192.6610043289428
0.0
63.92783623661932;-15.355402337710654;-2516.3905760514795
73.24713332176977;42912.62546914118;1930.0319965784468
1.9999254226474679;449.9031059047329;-192.62262068527582
0.0
63.93685601162416;-15.344805998988642;-2518.29722965613
73.24718580723716;42908.15300485666;1929.9384811806244
1.9998625942007298;449.9163576452682;-192.58162730160868
0.0
63.94491634290376;-15.344274741770194;-2520.174730296948
73.24724626268984;42906.71592431898;1929.9463841084653
1.999962862690532;449.81479823038916;-192.55527538755092
0.0
63.94636889010913;-15.347222038993179;-2520.2382810423937
73.24718043995502;42908.272091720304;1930.0247551993314
1.9999256665655876;449.88571962626065;-192.55496338863978
0.0
63.834788111504594;-15.396053450421219;-2492.7248571914233
73.24675903014602;42934.35320172463;1929.536918175345
1.9999244234262046;449.959367555366;-193.046711208323
0.0
63.858441498793866;-15.389555042078054;-2499.7637920508027
73.24660306061688;42928.05871510827;1929.674449575702
1.9998643039997417;449.99498638842374;-192.93587634897804
0.0
63.80164237206454;-15.400221234207496;-2482.859879898513
73.24766547915793;42944.44668699465;1929.6303392993243
1.999828676251102;449.9668368718539;-193.18302334871606
0.0
63.73125523853908;-15.358906351940613;-2486.8728264817287
73.25816250179294;42925.72727140245;1929.1336984807363
1.9991255302274518;449.72002581873005;-193.0426905158192
0.0
63.45632138421676;-15.338456315910042;-2477.337388324485
73.2983965569425;42906.17755399339;1927.9539161202933
1.999341056780258;449.8250807383407;-193.15750763428412
0.0
63.76987771038662;-15.377874894636832;-2471.9749266214826
73.2489354549468;42932.285562103694;1928.6881797071248
1.999801044558144;449.9745509253513;-193.30386062614727
0.0
63.774341420382335;-15.377181866339576;-2474.0811713243083
73.24884003762647;42930.628567905485;1928.6997526624066
1.9997572006101942;449.98722547969857;-193.27769006857528
0.0
63.79548711384038;-15.382333139800137;-2482.707519780091
73.24852216793084;42929.32914085274;1928.969603406546
1.9997965948349719;449.9596376118167;-193.16983633042778
