200
4
0.0
63.72973027806095;-15.371911267581684;-2491.3816538008996
73.2517487508259;42890.368539132236;1928.8365245609727
1.9999204817356875;449.94369494569395;-192.9959390357876
0.0
63.72698757595589;-15.359575558490242;-2491.4078842350873
73.2518334540737;42882.34275973621;1928.44248534124
1.9998846265064156;449.96760243351093;-192.99412896240116
0.0
63.72881241383879;-15.35618484285896;-2491.608753336594
73.25187150001874;42879.32684532356;1928.303786172579
1.9999027495109696;449.95253855575857;-192.99232157066356
0.0
62.83347674461606;-15.279137650605216;-2480.8115893489144
73.33726940524205;42857.193613238844;1926.9827643651402
1.9996750184505987;449.9783012352477;-192.98195809627944
0.0
62.850957932349466;-15.280814700191415;-2482.1933914887027
73.33508402792306;42857.941281597115;1927.0665779184158
1.999469562999231;449.9785960539506;-192.9707915689176
0.0
62.85188613336517;-15.280814690047587;-2482.227958484844
73.33498890505656;42857.908102025765;1927.066758984778
1.999459692097532;449.97510978722914;-192.97040134895394
0.0
62.87026607900853;-15.283250548604611;-2484.3927612379457
73.33295491311804;42858.25242243408;1927.16439392332
1.9994510174059226;449.92924329641016;-192.94947708721688
0.0
63.77404716681382;-15.407749517014642;-2493.9318619437136
73.25024200561694;42918.42854663131;1930.2940670164296
1.9999921529771736;449.68526337975095;-192.93456515500256
0.0
63.789161135565344;-15.408321642463765;-2499.106638945986
73.25011458099017;42920.62095473708;1930.5702027802254
1.9999763090218345;449.5979519777694;-192.87649972196468
0.0
63.70993441502097;-15.352202542054107;-2500.6857858246963
73.25479543992174;42869.972709435;1928.5352001430529
1.9996670970358694;449.90398350364245;-192.86681917138412
0.0
63.76639213941184;-15.394709333892992;-2504.0681747021563
73.2503928828495;42896.4371173353;1929.5195321893798
1.999932259601882;449.8523869253149;-192.85493392032777
0.0
63.768047291011946;-15.397274642706261;-2504.814696118598
73.25035942245758;42897.544169421286;1929.5985440790587
1.999949597322216;449.84192661745044;-192.8464585926808
0.0
63.80760559347365;-15.405422085218754;-2508.1845698164657
73.24997170318166;42913.120688529096;1930.605071750329
1.999904107128588;449.4999179816124;-192.73495104870122
0.0
63.79798486665904;-15.376215502737201;-2514.842773721031
73.25056893695744;42884.17012343486;1929.4705643840434
1.999664682365225;449.8429221051065;-192.69441082828973
0.0
63.81944148270474;-15.397420879249513;-2511.455247615079
73.25011098353434;42909.756844353826;1930.6332694386742
1.9998467479248274;449.5473248402581;-192.67740214568488
0.0
63.4979478281634;-15.299694203687805;-2512.9958747688656
73.27885578218972;42844.16614019893;1927.8007840472867
1.9993484121242746;449.955758781483;-192.64097518859285
0.0
63.50151488556707;-15.299529981287343;-2513.2054482948406
73.27928287022785;42843.92180791379;1927.7953399166777
1.9993288410552958;449.9608145474371;-192.63896482615553
0.0
63.51594861115358;-15.299518802504084;-2513.4881081794683
73.27934458394824;42843.51417594055;1927.7906434233514
1.999348172143729;449.95459421349653;-192.63785131568872
0.0
63.7979221735327;-15.359565569072936;-2518.7810231998824
73.25174222607052;42874.37017175208;1929.355487621822
1.999541031682345;449.8801864160638;-192.6180364646022
0.0
63.80026121630931;-15.356087354860472;-2519.053833496259
73.25183558708105;42871.396326067435;1929.2364673903676
1.9993317087502045;449.81302411433234;-192.61196535515785
0.0
63.81904413870529;-15.360430550234847;-2522.4155950397976
73.25069867239598;42878.56633096828;1929.598784345791
1.9998316555536269;449.7708665599238;-192.55884364347008
0.0
63.83307988603107;-15.361165779611847;-2524.4139284429034
73.2505618787979;42880.71129544117;1929.7700324705563
1.9998421697304198;449.71494239385794;-192.52449200690174
0.0
63.86411664019324;-15.39656322715995;-2521.8677216113742
73.2499263712478;42918.026956920694;1931.5815646564745
1.9998274474999649;449.317005209684;-192.49266718674374
0.0
63.829873477978786;-15.34614091917595;-2529.056786097301
73.25192770710481;42863.66828503899;1929.2686006252359
1.9998196589684698;449.7900958716831;-192.47653260991137
0.0
62.85539892703805;-15.281126993665872;-2482.776930239279
73.33510627370211;42857.262627003765;1927.0616557115204
1.9996831863665023;449.9812417849658;-192.96110040747175
0.0
62.87089408636084;-15.283539835554569;-2484.653362345356
73.33291910222962;42858.23325266976;1927.1743186390877
1.999475222290611;449.9352345195076;-192.94644829419707
0.0
62.90428491439716;-15.28465112184658;-2486.4604530532506
73.32974491921841;42857.15290437625;1927.1978715787332
1.999646647094143;449.9316088023439;-192.9282583953813
0.0
63.77646110008928;-15.390342223649691;-2509.250996142312
73.25046789946124;42891.31766907852;1929.5075137675365
1.9999344593376696;449.8874984762122;-192.7866667401336
0.0
63.7826885087036;-15.394658296221989;-2510.9505229621345
73.25041536225436;42893.09999325248;1929.6039705075334
1.9999717116913458;449.8594983083841;-192.77129006295496
0.0
63.391207436065415;-15.303304930483868;-2507.7765209783383
73.28640317113883;42846.24187868806;1927.6091906172605
1.9994747655103577;449.9962534936992;-192.71615330859566
0.0
63.77218909470984;-15.351992561761238;-2513.305167223637
73.25260062510633;42870.71822265927;1928.958144588344
1.9999471124381167;449.71427299643676;-192.6923796828715
0.0
63.79949305124512;-15.385279829596902;-2515.9413400676904
73.2505156596839;42886.901931830325;1929.6308049225229
1.9997592671174709;449.92004301903563;-192.68884458989575
0.0
63.421809912229726;-15.296325028254898;-2509.6165602510846
73.28243687961218;42846.21034431989;1927.7451791433687
1.999940956195219;449.7931454108593;-192.66948332757136
0.0
63.84493956345458;-15.4007834336031;-2514.30141308353
73.25001971309972;42907.94985330135;1930.6523749051696
1.999992348705359;449.6063522699731;-192.6512466799985
0.0
63.478748664193006;-15.297863019773411;-2512.3542839487277
73.2770400987974;42844.512570152285;1927.7793966724798
1.9994603823749646;449.9490494721531;-192.64336816478513
0.0
63.48172319534548;-15.297799747006355;-2512.3947537776944
73.27676562551397;42844.527747264394;1927.7844414108226
1.9994541838426454;449.9388591407589;-192.6426946323287
0.0
63.81845927989922;-15.366061209032367;-2520.7101725282237
73.2506048925132;42881.50608032806;1929.6134763973862
1.9998558820925105;449.7417356273268;-192.59076189280535
0.0
63.83322388272591;-15.364316353205123;-2521.9494867018516
73.25048095643876;42885.24860568611;1929.8996215325133
1.9998505254023726;449.71625762476486;-192.55040941448362
0.0
63.820753833759824;-15.357560438927157;-2524.9194636891384
73.25096270603814;42875.619560653206;1929.5816977813427
1.9997756557452435;449.8375300345627;-192.52513754918874
0.0
63.822115824542735;-15.33847034127642;-2525.846898384033
73.2520616563085;42861.14160985136;1929.027280080285
1.999847272604065;449.7495556567824;-192.51331913301138
0.0
63.84087104940437;-15.367170792892377;-2526.331199970502
73.25037707318282;42883.960391512584;1929.9947116426438
1.999886403711809;449.70523809673114;-192.49995119550908
0.0
63.827707467873964;-15.334944141656567;-2528.7811614258617
73.25196148580959;42859.94540154811;1929.1049179484853
1.9999828252346885;449.6814497069734;-192.46496627027838
0.0
63.78041130061902;-15.313051101020687;-2528.59516944578
73.2553167792532;42847.61360268299;1928.5633780800922
1.9997551442139694;449.8930934452893;-192.45281953826142
0.0
63.8045978307238;-15.31370235761041;-2531.0612640584213
73.25391142219975;42848.3863025605;1928.716364081967
1.9996612955791797;449.86398935217034;-192.4144482805339
0.0
62.90559704330366;-15.284984949686505;-2486.4282144917483
73.32959936954907;42858.085347244494;1927.2379627947867
1.9996661719737816;449.98335714998274;-192.9265982937754
0.0
62.90617047321559;-15.285293207247472;-2486.6225811517975
73.32955498193664;42858.1947286257;1927.2456708803682
1.9995842378694098;449.98456743344457;-192.92515926196768
0.0
63.028497025868376;-15.289805963429968;-2493.6648555846673
73.31799256444411;42853.56602224668;1927.3294747153307
1.9999247303280945;449.9666855070089;-192.85481076370104
0.0
63.113264952318794;-15.29298775093025;-2498.341409868779
73.30958041015961;42850.99374161541;1927.4087463255717
1.9998620552938016;449.9574521115249;-192.80664651422586
0.0
63.79042962963449;-15.389158307799814;-2512.519898218696
73.25050426459262;42887.834987914655;1929.3999809028214
1.9999717030057609;449.9245449203633;-192.75696576889877
0.0
63.77967242129694;-15.383746258132852;-2513.5537938447546
73.25089478149287;42886.07231821285;1929.4174977416492
1.999972785719164;449.92271158184525;-192.72966393198465
0.0
63.77964465473115;-15.36528563272403;-2514.6491638287907
73.25119794411559;42875.17289774648;1928.9706464023493
1.9999462450812562;449.9514517295303;-192.7082104650086
0.0
63.394422599467205;-15.301775864826686;-2508.275841967452
73.28413694054126;42845.98221728351;1927.6478652925034
1.9995023931868157;449.9958524786349;-192.70455483542537
0.0
63.77024171536455;-15.34804371386995;-2514.794935847717
73.25278725235518;42863.56877391838;1928.778067151551
1.9999596516139537;449.88845133940976;-192.67635999638907
0.0
63.66823455787136;-15.297559530488083;-2517.1520224345327
73.2607230881122;42840.09341989787;1927.8141477551144
1.999610360659269;449.9763887280849;-192.59221486628635
0.0
63.6693304357334;-15.301762239440452;-2518.1431171827076
73.2613839388115;42839.45831953977;1927.8666727253317
1.9996669727873686;449.95649811399886;-192.5860024240394
0.0
63.6693304357334;-15.301762239440452;-2518.1431171827076
73.2613839388115;42839.45831953977;1927.8666727253317
1.9996669727873686;449.95649811399886;-192.5860024240394
0.0
63.6693304357334;-15.301762239440452;-2518.1431171827076
73.2613839388115;42839.45831953977;1927.8666727253317
1.9996669727873686;449.95649811399886;-192.5860024240394
0.0
63.834669553776706;-15.37644132752339;-2520.931643033278
73.25033606132268;42895.669799136194;1930.2939932204463
1.9999973419477284;449.6713466792231;-192.56545984132754
0.0
63.813747215212956;-15.338280806849241;-2525.928473020225
73.25207216911299;42860.618822938704;1929.0104733775188
1.9998522247122605;449.7722925284772;-192.51299396201924
0.0
63.77944702163005;-15.311133895827119;-2528.4193246468544
73.25541200618225;42847.32933664053;1928.5527883596249
1.999820999870578;449.8987516468191;-192.45179679308515
0.0
63.78144678317437;-15.31337773272917;-2528.942804963293
73.25528154456866;42848.3851057988;1928.6177244285984
1.9997817053792706;449.8769604966849;-192.44666680829036
0.0
62.98490996968598;-15.288391973848102;-2491.3137977097044
73.3218492271741;42855.11861132954;1927.3051354168006
1.9996176238926278;449.99879420668805;-192.87797370062847
0.0
63.047189307239776;-15.290922573987961;-2494.9868498281644
73.31574264965231;42852.80742563658;1927.3319480984394
1.999636525072312;449.9958546433369;-192.84254643717256
0.0
63.047189307239776;-15.290922573987961;-2494.9868498281644
73.31574264965231;42852.80742563658;1927.3319480984394
1.999636525072312;449.9958546433369;-192.84254643717256
0.0
63.047189307239776;-15.290922573987961;-2494.9868498281644
73.31574264965231;42852.80742563658;1927.3319480984394
1.999636525072312;449.9958546433369;-192.84254643717256
0.0
63.047189307239776;-15.290922573987961;-2494.9868498281644
73.31574264965231;42852.80742563658;1927.3319480984394
1.999636525072312;449.9958546433369;-192.84254643717256
0.0
63.047189307239776;-15.290922573987961;-2494.9868498281644
73.31574264965231;42852.80742563658;1927.3319480984394
1.999636525072312;449.9958546433369;-192.84254643717256
0.0
63.047189307239776;-15.290922573987961;-2494.9868498281644
73.31574264965231;42852.80742563658;1927.3319480984394
1.999636525072312;449.9958546433369;-192.84254643717256
0.0
63.047189307239776;-15.290922573987961;-2494.9868498281644
73.31574264965231;42852.80742563658;1927.3319480984394
1.999636525072312;449.9958546433369;-192.84254643717256
0.0
63.047189307239776;-15.290922573987961;-2494.9868498281644
73.31574264965231;42852.80742563658;1927.3319480984394
1.999636525072312;449.9958546433369;-192.84254643717256
0.0
63.047189307239776;-15.290922573987961;-2494.9868498281644
73.31574264965231;42852.80742563658;1927.3319480984394
1.999636525072312;449.9958546433369;-192.84254643717256
0.0
63.047189307239776;-15.290922573987961;-2494.9868498281644
73.31574264965231;42852.80742563658;1927.3319480984394
1.999636525072312;449.9958546433369;-192.84254643717256
0.0
63.047189307239776;-15.290922573987961;-2494.9868498281644
73.31574264965231;42852.80742563658;1927.3319480984394
1.999636525072312;449.9958546433369;-192.84254643717256
0.0
63.047189307239776;-15.290922573987961;-2494.9868498281644
73.31574264965231;42852.80742563658;1927.3319480984394
1.999636525072312;449.9958546433369;-192.84254643717256
0.0
63.047189307239776;-15.290922573987961;-2494.9868498281644
73.31574264965231;42852.80742563658;1927.3319480984394
1.999636525072312;449.9958546433369;-192.84254643717256
0.0
63.047189307239776;-15.290922573987961;-2494.9868498281644
73.31574264965231;42852.80742563658;1927.3319480984394
1.999636525072312;449.9958546433369;-192.84254643717256
0.0
63.047189307239776;-15.290922573987961;-2494.9868498281644
73.31574264965231;42852.80742563658;1927.3319480984394
1.999636525072312;449.9958546433369;-192.84254643717256
0.0
63.05688935399827;-15.290973444180096;-2495.3239492755165
73.31484787003082;42852.63593228402;1927.3433104202984
1.9997497358484555;449.9864510612968;-192.83849465011758
0.0
63.07352343611896;-15.291781154242502;-2496.3417954119923
73.31327331899297;42852.30703671251;1927.370119034313
1.9996074371604151;449.99080405148044;-192.8271205702927
0.0
63.77301211627847;-15.36173245761816;-2511.5314752927584
73.25155411068332;42876.17482549243;1928.9288495897083
1.9999544121669641;449.9594082592542;-192.73773039464413
0.0
63.510191334107596;-15.307397720022967;-2509.0407600511976
73.2866086541534;42845.757730055724;1927.709207157136
1.9997653372029447;449.9856784505676;-192.7058093747847
0.0
63.788091818110665;-15.36836721497978;-2517.353288428955
73.25098741818445;42876.28718842529;1929.1291357063212
1.9999492006357378;449.95376965947065;-192.67258784543074
0.0
63.840375551757354;-15.350540115696493;-2525.679971143713
73.25062363726299;42876.15414155601;1929.6011702653361
1.9998824948879252;449.78776363068744;-192.49696461305544
0.0
63.855176212065395;-15.351427948566842;-2535.8446338795056
73.25137983568928;42872.949560831534;1930.0429753854473
1.9997822698441186;449.9754602978204;-192.34827225223384
0.0
63.21666160215247;-15.29533818863176;-2503.2679357665934
73.30016160627544;42847.932822449795;1927.4659828410947
1.9998921339560796;449.99522064327647;-192.75729501875378
0.0
63.457564226361406;-15.309028012281805;-2508.2578834538303
73.28751688539121;42845.1774992171;1927.5705944314361
1.9997141698885215;449.99516998129525;-192.7311356910421
0.0
63.44624845745975;-15.307257234705993;-2507.547753421943
73.28659338815577;42846.58405284518;1927.5976762847922
1.9996672184103663;449.9996895047043;-192.73027907243306
0.0
63.77621128455129;-15.349538200474734;-2519.534773361716
73.25387499904652;42859.86381646139;1928.8421150138877
1.9999834657664883;449.95654150373963;-192.62125229488962
0.0
63.856387734616156;-15.322861389682211;-2540.1527051768808
73.25141657895392;42854.20619923558;1929.4130708576545
1.999803970493317;449.98921257314913;-192.28152770171522
0.0
63.87428272783466;-15.323607910626576;-2540.2433072813596
73.2513847822578;42856.33268381018;1929.5574909052668
1.999788021352311;449.9886485995547;-192.2688352592192
0.0
63.86978693580125;-15.323558369657773;-2541.0402407695406
73.25139447847577;42854.716095838485;1929.48007211713
1.9997864173460653;449.9912871674598;-192.26785520643
0.0
62.82936326860132;-15.279127722328015;-2480.6410101716574
73.33762829238542;42857.48871563304;1926.9885622388056
1.9996972392307735;449.98366350176775;-192.98391655394803
0.0
62.84775427207303;-15.280818567498086;-2482.057223436587
73.33534738582836;42858.209681647546;1927.072842400996
1.9994819246306152;449.98048139183186;-192.97236996707
0.0
62.856102202111735;-15.28172191959256;-2483.264225931437
73.33522786826924;42857.41300430687;1927.0890969079505
1.9995532553969395;449.9753718351914;-192.95381769977152
0.0
62.902888099278336;-15.284664866580856;-2486.4014478010563
73.32987606425992;42857.23591794573;1927.1979298503575
1.9995491871460236;449.9410461097991;-192.9289229488206
0.0
63.774314858381125;-15.406473425709585;-2494.0209363888484
73.25030881637181;42918.839808829565;1930.345587311951
1.9999766136318051;449.605721873798;-192.9278086145681
0.0
63.76234069316184;-15.395841544066526;-2503.0478991117084
73.25052358394296;42897.24664303182;1929.5174315923796
1.9999661340737234;449.8480064432135;-192.86947362644517
0.0
63.76436845762199;-15.400721730264785;-2503.7883778193086
73.25045203860408;42899.22433485122;1929.630717574957
1.9999426692765758;449.84664933016364;-192.86365184946513
0.0
63.76995310985668;-15.398910365937077;-2505.415071127436
73.25039820471437;42898.226219920885;1929.645719016868
1.9999362984077365;449.8571387484685;-192.83992962866824
0.0
63.77399768525928;-15.401706678755374;-2505.9890070368
73.2503832205082;42899.59623089378;1929.7284690527965
1.9999579182177247;449.84355703662055;-192.83383169023523
0.0
63.77220575823434;-15.39790454785009;-2505.888591451878
73.25042602614127;42897.79582252572;1929.636876878637
1.999924311938437;449.89009257931383;-192.83282896205722
0.0
63.77168358531639;-15.397750143684698;-2506.0507393883404
73.25040178366294;42897.444505909705;1929.6398748062172
1.9999229196227937;449.85597660316023;-192.83042660360954
0.0
63.096043196738805;-15.293176044332931;-2498.0063448544365
73.31562681636397;42851.803698331416;1927.4300963620133
1.9998877117650564;449.9355075205313;-192.8080769541145
0.0
63.806199543212216;-15.412140009929534;-2506.152937059355
73.25000786687775;42919.86469388538;1930.8428016928324
1.9999812720032129;449.59126648591825;-192.76660510498132
0.0
63.8078641758798;-15.412152230205157;-2506.4850160764604
73.25000860882574;42919.69344192267;1930.845326052392
1.9999681158248657;449.5803952044201;-192.76294481619237
0.0
63.35689045271429;-15.302645502182447;-2505.0804108055418
73.29447957664833;42848.266356700886;1927.5834647809338
1.999877835836708;449.9146969549578;-192.74481506690168
0.0
63.81555217648328;-15.412206318257908;-2507.8459695561364
73.25000912159014;42918.611726573385;1930.846033489884
1.9999510991299947;449.56433097825413;-192.74453719714634
0.0
63.81551066848779;-15.411973466418972;-2507.7750575420537
73.25000635743339;42918.649249342154;1930.8477890279578
1.999964431735691;449.56233304512045;-192.74418887429295
0.0
63.80492636633673;-15.406129229599422;-2507.350563613876
73.25001237995491;42914.5526506189;1930.6558017911095
1.999895809249295;449.5269011323504;-192.74393511989456
0.0
63.798664097861995;-15.37645222709397;-2514.9598590787805
73.25057147325231;42884.2802700928;1929.4773697712353
1.9996841521372823;449.8574947295485;-192.69295239233526
0.0
63.48085627670225;-15.303324222461347;-2511.2668318020055
73.27651881816058;42846.656971119286;1927.8249408548684
1.9994172759897053;449.91583320901833;-192.6650506488627
0.0
63.48085627670225;-15.303324222461347;-2511.2668318020055
73.27651881816058;42846.656971119286;1927.8249408548684
1.9994172759897053;449.91583320901833;-192.6650506488627
0.0
63.48085627670225;-15.303324222461347;-2511.2668318020055
73.27651881816058;42846.656971119286;1927.8249408548684
1.9994172759897053;449.91583320901833;-192.6650506488627
0.0
63.62992015595267;-15.311540568318765;-2514.7572260193483
73.26234484328674;42845.97523150423;1928.0193835931461
1.9989817712936149;449.96700090911423;-192.63530288133487
0.0
63.81864855604149;-15.347350652252029;-2524.5534576444975
73.25180302441802;42873.12541963308;1929.4473431674512
1.9998359631772902;449.7567720758462;-192.5158549854139
0.0
63.840022436465574;-15.349353677062181;-2525.539737526151
73.25141246474062;42874.63491355823;1929.520799299696
1.9997810722518832;449.7941480264421;-192.50156157774464
0.0
63.8466305052007;-15.370822878660135;-2526.186878106769
73.25052529493396;42888.744506671996;1930.2216845028809
1.999776208129529;449.7721139284853;-192.49214268639057
0.0
63.80208639330859;-15.313062567914006;-2530.2530758556245
73.25400556455531;42849.28240356653;1928.7241677605573
1.9996065600239372;449.87168650706553;-192.42042026314297
0.0
62.90557372998161;-15.284938692912718;-2486.375268395732
73.32966199405462;42858.14796012571;1927.2379666786735
1.9996504953883667;449.98510645202697;-192.92662906375725
0.0
63.76844315380454;-15.398147685819975;-2504.1675623689166
73.25039109595618;42899.27094202746;1929.6522924762953
1.9999949321681445;449.8934124369891;-192.85182323720534
0.0
63.76844315380454;-15.398147685819975;-2504.1675623689166
73.25039109595618;42899.27094202746;1929.6522924762953
1.9999949321681445;449.8934124369891;-192.85182323720534
0.0
63.76844315380454;-15.398147685819975;-2504.1675623689166
73.25039109595618;42899.27094202746;1929.6522924762953
1.9999949321681445;449.8934124369891;-192.85182323720534
0.0
63.04762246434007;-15.29094637401212;-2495.0128007733774
73.31576219240783;42852.90367175491;1927.3386948247398
1.9996390676909057;449.99040985835524;-192.84176217902655
0.0
63.76925919451154;-15.400003535046256;-2505.31038492069
73.25038813247625;42898.875191795465;1929.67524033037
1.9999604352433709;449.8534416747965;-192.8415702085713
0.0
63.051277219169584;-15.291143485472393;-2495.217031742304
73.31539755075868;42853.04441355124;1927.3573346293476
1.9996443036862894;449.98130847653727;-192.83845521417334
0.0
63.051822630215625;-15.29118562166917;-2495.2965541227763
73.31554558447786;42853.02625872931;1927.3696567547584
1.9998626141745788;449.9597086422171;-192.8377082519896
0.0
63.07360148162769;-15.291797970278218;-2496.367808015464
73.31329290596084;42852.40006177231;1927.3767281464818
1.999609966902578;449.98535682540404;-192.82632999668166
0.0
63.77414670931501;-15.40284966182809;-2506.676765696857
73.25038126650703;42900.2163267484;1929.7883240138665
1.999959250317961;449.8472086804904;-192.82413953949995
0.0
63.11936264738921;-15.295203601677477;-2497.9075693830573
73.31225954394127;42852.007372288026;1927.4147475687444
1.9998284723437196;449.94441066603736;-192.81685215084866
0.0
63.1147341762952;-15.294392080083767;-2498.019377723282
73.3120550906428;42851.97853794786;1927.4203840812174
1.999838904996877;449.94218631385064;-192.8127462484651
0.0
63.779609818581136;-15.391342563845093;-2509.882508600257
73.25050957627812;42891.97339315352;1929.5610530469855
1.9999263363447632;449.9246162298141;-192.7779233113801
0.0
63.80766581683042;-15.412172923583814;-2506.4679233269826
73.2500088630628;42919.66815281475;1930.8455942171456
1.9999691691975547;449.58524254469404;-192.76240930996335
0.0
63.81631579353969;-15.411833111935296;-2508.5049075506267
73.25000547435857;42918.638540520835;1930.8779126136062
1.9999761588599951;449.5606271361421;-192.7343161233335
0.0
63.77723652760421;-15.376791380969818;-2513.2647730554486
73.25115252598118;42882.77112138479;1929.2470647633206
1.9999058306819562;449.90634735759943;-192.72961488084323
0.0
63.81795637883744;-15.411846229662302;-2509.1693322018923
73.24999238268757;42920.01450766341;1930.9756473314626
1.9999821785730982;449.5533350843607;-192.72455310073056
0.0
63.81974583214635;-15.411752097340628;-2509.7249289728634
73.24999180857637;42920.1619811671;1931.0029919082012
1.9999861710628823;449.55055963237504;-192.71806774217612
0.0
63.819697562013005;-15.411519174106703;-2509.6536750089977
73.24998904512533;42920.20026682966;1931.0047829810394
1.9999995037931004;449.54856112976927;-192.71771960929496
0.0
63.38674688971727;-15.304769402282906;-2507.58016288123
73.29061804632249;42847.87400940879;1927.6735792771713
1.99959716034186;449.9420199465601;-192.71706332195188
0.0
63.8209009977423;-15.41199980967923;-2510.2440909773895
73.24999120015285;42920.13075946182;1931.0270901787344
1.9999751089197062;449.54940346292807;-192.70997440195913
0.0
63.80171726188099;-15.381247382744224;-2516.9958463920725
73.25057108490188;42884.70670835726;1929.526957032309
1.9998837441271031;449.90614803622304;-192.67867949528565
0.0
63.48053904402332;-15.298535840536893;-2512.35490733692
73.2768524438242;42844.80035988259;1927.7924930156582
1.9994276703966658;449.9566336357075;-192.64411137845738
0.0
63.48056233978887;-15.29838783544182;-2512.3627414789953
73.27685400740278;42844.71316879349;1927.788940973721
1.9994271520499023;449.9561178648473;-192.6439260732364
0.0
63.478072279743856;-15.297871218453428;-2512.343873989279
73.27710831368195;42844.563414159704;1927.7815261508617
1.9994570683935202;449.9489172230062;-192.6433017671936
0.0
63.66949061222894;-15.307247619485906;-2520.19416607228
73.26159010300182;42841.763223655216;1928.0505051049536
1.9997914905534937;449.9082952581667;-192.5625297296079
0.0
63.82803914245597;-15.335908617237953;-2528.6460204648324
73.2520172990038;42860.97078456799;1929.121564724657
1.9997290518816406;449.8943906533607;-192.46666812495636
0.0
63.779577951873335;-15.313138503151226;-2528.5866925897667
73.25531903471578;42847.80217175124;1928.5709570619242
1.9997576376067792;449.8939628886413;-192.45345110851724
0.0
63.78061240287291;-15.313465092800143;-2528.934282391505
73.25528380437478;42848.57374558339;1928.6253080600814
1.9997841965859118;449.87783004834426;-192.44729790301633
0.0
63.78246334931389;-15.318739720698895;-2529.3618428282466
73.2551654110125;42850.47784518032;1928.7221074550203
1.9999385210317284;449.86581265998467;-192.44624764350894
0.0
63.770583242329266;-15.310332154598003;-2528.4873689014503
73.25651478416525;42847.73927715891;1928.6619827658242
1.999850128667774;449.8725038071322;-192.43784231924565
0.0
63.772875104541484;-15.401681391481365;-2506.919583341333
73.25038284118669;42898.7953168876;1929.7407321156988
1.9999797876346652;449.85822473170487;-192.82235704506283
0.0
63.774920331563365;-15.394659494022395;-2508.5353848880854
73.25048411684948;42893.6632189402;1929.5856578094695
1.9999599946119737;449.920202387571;-192.799363765993
0.0
63.774920331563365;-15.394659494022395;-2508.5353848880854
73.25048411684948;42893.6632189402;1929.5856578094695
1.9999599946119737;449.920202387571;-192.799363765993
0.0
63.774920331563365;-15.394659494022395;-2508.5353848880854
73.25048411684948;42893.6632189402;1929.5856578094695
1.9999599946119737;449.920202387571;-192.799363765993
0.0
63.114786060787736;-15.293594533613504;-2498.9319952244277
73.30960386908318;42851.29042988845;1927.4451930208002
1.9998723574406143;449.9947918211171;-192.79905028228728
0.0
63.174637016880936;-15.295427902150179;-2501.5009984358294
73.30815047578689;42849.87675251245;1927.484387440583
1.9999552430313585;449.97327701582935;-192.77288810231644
0.0
63.16960407645775;-15.294467105802836;-2501.265220646315
73.3066893787345;42850.409359268575;1927.5047630031656
1.9999218729044188;449.964950568921;-192.77250925928715
0.0
63.76762211686526;-15.369921460267026;-2510.9975772565954
73.25153474678845;42878.61520412192;1929.0462966386306
1.9999037606981784;449.94945946537473;-192.75465281056495
0.0
63.816507474145794;-15.41182922850314;-2508.521295327198
73.2500061428687;42918.39283119858;1930.8689700904165
1.9999775895412264;449.5615624018065;-192.73329733410523
0.0
63.62725711619387;-15.301435307927013;-2516.708558453015
73.26336038439129;42840.410187725116;1927.8278107916967
1.9996076919782213;449.9568801511302;-192.60378324186863
0.0
63.7851855385389;-15.39234470642411;-2511.311044684112
73.25050406810408;42892.5513038508;1929.6543238376382
1.9999625686494824;449.92847416803016;-192.7570588188802
0.0
63.84433227875166;-15.400993924072528;-2514.206781108545
73.25002641918678;42908.19166807565;1930.6530672769568
1.9999922774900012;449.61275283777957;-192.6536245726474
0.0
63.87716746250608;-15.326224351861207;-2536.9632608766096
73.25141249524518;42865.52874799478;1929.976646110363
1.9998406321467608;449.9759282482082;-192.27830013988466
0.0
62.760845716066164;-15.278487680643156;-2478.1084128951175
73.34353528855262;42860.16508389045;1927.0094740486518
1.999663231895197;449.9241892493016;-193.01548634061828
0.0
62.87107218668382;-15.28467353493481;-2485.3153234630786
73.33308861370764;42858.98042319493;1927.2291833580052
1.9993857770733199;449.99794334578445;-192.9368209859585
0.0
62.87405864335922;-15.284616915817182;-2485.4553706329093
73.33287920639474;42858.98413782804;1927.2412498101567
1.999453501320317;449.98304560752325;-192.9343613813569
0.0
63.052771004045795;-15.291407917818345;-2495.094638126809
73.31555156600369;42854.120316157896;1927.4240755777412
1.9999434869964339;449.88864061450744;-192.8357594009766
0.0
63.80140686195156;-15.412196893485568;-2503.858685378344
73.25013944878037;42918.708887654866;1930.700402786808
1.999956916623455;449.57899729616673;-192.79558090101295
0.0
63.8073070853315;-15.412040791803719;-2506.8248973789127
73.250022800593;42920.21552227374;1930.8869581001215
1.9999115766121265;449.60445011141604;-192.75756871324182
0.0
63.813668707453516;-15.410957917296548;-2507.870678895176
73.25002013960595;42920.95532255465;1930.957101779762
1.99993399720554;449.5667202341409;-192.74402538159802
0.0
63.82215002994394;-15.404197224913021;-2513.211627467932
73.25009477482998;42912.49102684624;1930.8149891679338
1.9998301494129282;449.53250319597163;-192.65867699197221
0.0
63.54964186462602;-15.305440858030595;-2513.2329636552454
73.27858488479526;42844.867638116986;1927.8340657830615
1.9995324623063953;449.9750609723183;-192.6490889942854
0.0
63.82933642631057;-15.401269302703565;-2513.557687729985
73.25025064570372;42910.40075525955;1930.7572722874963
1.9998123010864273;449.5639297371164;-192.64891865033093
0.0
63.829882124198896;-15.401057544447514;-2513.6501604844134
73.25026656846258;42910.16596776528;1930.7569262714758
1.999812126182969;449.5574717927099;-192.64653634744084
0.0
63.4937535339774;-15.299593825898253;-2512.6562980371095
73.27564757574198;42845.3596295393;1927.847348788682
1.9997427607490221;449.9137783298025;-192.63902207330028
0.0
63.64125159257402;-15.313701855221463;-2515.8046955094524
73.26357577808429;42846.883537246234;1928.1235922204644
1.9988948090603347;449.91782336417805;-192.62197395668346
0.0
63.67748056663519;-15.318987298189507;-2517.3742518935387
73.26215039212082;42851.796577824505;1928.3948562154364
1.999267630834644;449.78258764524315;-192.59498790584533
0.0
62.78796062182788;-15.279855721489888;-2479.635708332962
73.34169171594777;42860.21537483677;1927.0642169293887
1.9996697277976863;449.94094268016045;-192.99208981597985
0.0
63.77877756098846;-15.387463323875686;-2511.7543822483553
73.25062296782424;42888.2961900582;1929.4871823765443
1.9999235543888418;449.921866567474;-192.7528267020384
0.0
63.84264612687474;-15.39023146420098;-2519.5469694964404
73.25048390513224;42904.154415827026;1930.7097022440296
1.9998853479662584;449.8205325528813;-192.57989233470258
0.0
63.81438374961122;-15.364288013150553;-2520.229756512218
73.2511390407255;42884.37433235518;1929.7711986117993
1.9999788295756635;449.7275359421182;-192.57873241774925
0.0
63.86438257672042;-15.411029409434608;-2521.389355067743
73.25002694605388;42912.081076139446;1931.1165558585908
1.9999741750339664;449.5972288456318;-192.56033540404098
0.0
63.78826665930951;-15.323670408627391;-2526.718216463145
73.25420355956639;42854.14769066185;1928.7986649925429
1.9996117539301155;449.99547237425026;-192.48249572289393
0.0
63.830203600711776;-15.339548896577382;-2529.4557404247316
73.25205292437975;42861.44906663407;1929.1731098900784
1.999783929973525;449.8866974694318;-192.4632304896179
0.0
63.786038696908044;-15.322907467600379;-2529.3115110407193
73.25478877911144;42852.58519570109;1928.817807350891
1.999788027180081;449.88394777014776;-192.44949204533103
0.0
62.906844532602605;-15.288327044324179;-2488.64875393439
73.33019142870917;42859.39688558844;1927.375442020365
1.9996709622945419;449.98930473862083;-192.89629583078343
0.0
63.78661228176196;-15.393144159349713;-2511.8704980808498
73.25050675858809;42892.72915389018;1929.6824858209914
1.9999711085412715;449.9269271462807;-192.7504554716457
0.0
63.35170542042104;-15.303489759267073;-2503.365398899745
73.29528550305822;42853.7910761194;1927.7949942275657
1.9998039342386058;449.9879709900808;-192.74576526840875
0.0
63.7828532211657;-15.32063218906377;-2529.4966568605514
73.25511656369734;42851.29869627869;1928.7624040995418
1.9999604191912759;449.8623562529177;-192.44615808392842
0.0
62.77088812446588;-15.279444063073221;-2478.85805140504
73.34436976847033;42860.64238083783;1927.0550279242004
1.999689511956825;449.9161814994672;-193.00745861884394
0.0
62.87851123375187;-15.285404738539182;-2486.1166480344277
73.34172778457832;42859.10704681488;1927.27150426232
1.9997313989132786;449.8922896204365;-192.92714922204956
0.0
63.41946452368339;-15.29742806686262;-2509.158125352545
73.28266920296598;42852.23067678692;1927.9970226803705
1.9995234259831807;449.90760304695795;-192.65549078782593
0.0
63.86089476973343;-15.410956757151087;-2519.576638985438
73.25002985724193;42914.44372075022;1931.1421678894976
1.9999267809909749;449.5875615648411;-192.5905088878727
0.0
63.83557066111275;-15.384335539052294;-2521.918089136786
73.25060353772759;42893.88259357566;1930.275631877473
1.9992437538297234;449.8482793949087;-192.56994180986283
0.0
63.794885729366776;-15.3356045043868;-2527.012383686691
73.25432367088554;42859.796519902666;1929.0607902594193
1.9997345756248128;449.77631619994173;-192.48278363878285
0.0
63.794643058650024;-15.33227721473194;-2526.526377649682
73.25531666470673;42858.84639744604;1929.0175527984716
1.9997477483038928;449.7728484459385;-192.48168291411054
0.0
63.78055782762771;-15.397237215754853;-2510.628682661592
73.25051352552272;42894.531342733564;1929.69973153091
1.9999368171836864;449.9407616699384;-192.77290913706688
0.0
63.34458793037454;-15.295610536075536;-2506.4373776360853
73.29036683286955;42853.76040932778;1927.9607778930879
1.999984025903879;449.9260239472544;-192.682308532383
0.0
63.57549418767845;-15.306121885750931;-2516.5143056396873
73.27814126722748;42848.70074977786;1928.217422596054
1.999529457426821;449.93340925398405;-192.58405162506614
0.0
63.80488275500962;-15.350880247406542;-2523.7652163626185
73.25346032683628;42878.756193301786;1929.732537469717
1.9998216216709386;449.85810094640544;-192.50954453585237
0.0
63.85639522014438;-15.37755816350482;-2528.6469921697962
73.25051137783424;42893.136117971684;1930.5908892815098
1.9997757727973033;449.7753247607809;-192.45148818046096
