200
4
0.0
63.434967239700605;-15.535149885865154;-2323.7946265439236
73.276637596364;43000.571427578005;1930.6419847700788
1.999624476780687;449.94038894192204;-194.65115262642286
0.0
63.578791413065645;-15.580572097620685;-2330.5349383670377
73.26434567506944;43008.64847377595;1931.148395453919
1.9995129940113963;449.80610417088224;-194.60749251580015
0.0
63.591960213670106;-15.592107449598561;-2331.6282328312423
73.26352590319397;43016.954833052936;1931.6033447904006
1.9991747593850746;449.74104789699885;-194.59039706545602
0.0
63.591960213670106;-15.592107449598561;-2331.6282328312423
73.26352590319397;43016.954833052936;1931.6033447904006
1.9991747593850746;449.74104789699885;-194.59039706545602
0.0
63.591960213670106;-15.592107449598561;-2331.6282328312423
73.26352590319397;43016.954833052936;1931.6033447904006
1.9991747593850746;449.74104789699885;-194.59039706545602
0.0
63.591960213670106;-15.592107449598561;-2331.6282328312423
73.26352590319397;43016.954833052936;1931.6033447904006
1.9991747593850746;449.74104789699885;-194.59039706545602
0.0
63.591960213670106;-15.592107449598561;-2331.6282328312423
73.26352590319397;43016.954833052936;1931.6033447904006
1.9991747593850746;449.74104789699885;-194.59039706545602
0.0
63.592158465578684;-15.592340634747991;-2332.0651381350094
73.26373951110587;43016.748330104354;1931.614528702806
1.9990347621041349;449.93722859058107;-194.58278746120072
0.0
63.61384960307408;-15.594775145084075;-2333.5756926198665
73.26281207090712;43022.253861199635;1931.9900569996528
1.9997041635211545;449.61463491656076;-194.54758814445304
0.0
63.381917260155255;-15.52518973182645;-2332.101105266304
73.28418877281844;42991.562007569235;1930.6208440852881
1.9984438613076212;449.96831254262725;-194.5254556092232
0.0
64.47500113111816;-15.600645126165459;-2337.930863082567
73.26320825215119;43007.21460067401;1931.6556286989419
1.9987104080762084;449.9285310489479;-194.4841303338373
0.0
64.47500113111816;-15.600645126165459;-2337.930863082567
73.26320825215119;43007.21460067401;1931.6556286989419
1.9987104080762084;449.9285310489479;-194.4841303338373
0.0
64.47500113111816;-15.600645126165459;-2337.930863082567
73.26320825215119;43007.21460067401;1931.6556286989419
1.9987104080762084;449.9285310489479;-194.4841303338373
0.0
63.52512034183391;-15.566353903578872;-2341.585732239573
73.27107433234352;43000.89398158613;1931.2632083442977
1.9986189158320642;449.9164747074334;-194.47468036400775
0.0
63.54000436460397;-15.566093338078302;-2343.8533182091214
73.27074357193385;43001.10459929535;1931.3854377184982
1.9986525011984206;449.85466851848173;-194.43641991086142
0.0
63.574202685262065;-15.565134872850622;-2344.837182450264
73.26793716648957;43000.42454842789;1931.3960531601651
1.9985453352011087;449.8150114015268;-194.42321719899982
0.0
63.634343814974656;-15.572977414356039;-2344.3871644616015
73.26376791744495;43005.22978434108;1931.766817317652
1.9971398635302453;449.92570116904517;-194.40158074896019
0.0
63.13219567896644;-15.42472842177732;-2317.100123376155
73.31439744139624;42969.86029328197;1930.1711471237732
1.9985131266345035;449.8428611993186;-194.38419503436705
0.0
63.13349888616886;-15.414158147929315;-2319.324900769191
73.31529627387933;42963.895925246106;1929.9927117969953
1.9981847416243161;449.8870020020464;-194.34411789798784
0.0
63.13423255407711;-15.41486112752683;-2319.3781110272344
73.315235748649;42964.60507939053;1930.028384134407
1.9982603517515887;449.87748163880184;-194.34359210400817
0.0
63.135904460936;-15.415081735133915;-2319.4417232076116
73.31515332755616;42964.85459780405;1930.0388447647497
1.9982906751706186;449.8646747690609;-194.3434326818867
0.0
64.84837239776994;-15.571940127819175;-2349.163685861181
73.26388803320707;42995.059480904696;1931.429288814642
1.9977070718014565;449.7589198440289;-194.32947777142502
0.0
64.84837239776994;-15.571940127819175;-2349.163685861181
73.26388803320707;42995.059480904696;1931.429288814642
1.9977070718014565;449.7589198440289;-194.32947777142502
0.0
64.84837239776994;-15.571940127819175;-2349.163685861181
73.26388803320707;42995.059480904696;1931.429288814642
1.9977070718014565;449.7589198440289;-194.32947777142502
0.0
64.84837239776994;-15.571940127819175;-2349.163685861181
73.26388803320707;42995.059480904696;1931.429288814642
1.9977070718014565;449.7589198440289;-194.32947777142502
0.0
64.84837239776994;-15.571940127819175;-2349.163685861181
73.26388803320707;42995.059480904696;1931.429288814642
1.9977070718014565;449.7589198440289;-194.32947777142502
0.0
64.39096212854768;-15.593024310001942;-2348.839565116762
73.26273236824778;43012.67418694175;1932.2676248653045
1.9987962363584824;449.729750488858;-194.3155519240039
0.0
63.24558839360735;-15.45218668836035;-2331.3039172178646
73.30383350013467;42971.05864368663;1930.6128250785853
1.9957041387279282;449.82674254181336;-194.29078866516954
0.0
63.23857742347014;-15.444530957151189;-2329.989021319552
73.30557313255075;42966.0582837485;1930.2967793920138
1.9958861187308239;449.65796848427385;-194.28815361018232
0.0
63.2491305903203;-15.444216773805008;-2331.443789688117
73.3038569440822;42967.752144170816;1930.4893209223383
1.9952443330480718;449.808656537935;-194.27892547855464
0.0
63.30770054665158;-15.474488723531218;-2334.6336744526566
73.30234891623421;42979.125945422355;1931.1185559238024
1.99744931302216;449.4003613241744;-194.25772680657673
0.0
63.267183695751974;-15.463930543649358;-2335.827164110463
73.30306714794706;42972.03806082454;1930.7975105706307
1.9959339468484973;449.6052608461989;-194.24019899642857
0.0
66.9474110819033;-15.65603153078853;-2351.409931496364
73.26147750465375;43046.288669976;1933.8197320837094
1.9993558940936837;448.34665611666315;-194.2264236580416
0.0
66.318269582066;-15.6469087840318;-2350.265783658218
73.2614485449148;43051.61881322339;1934.2083647413358
1.9992824536490332;448.5520086752152;-194.2077977448327
0.0
73.03326447227155;-15.799303816641089;-2347.3181446873677
73.26079875514635;43102.69994412128;1936.5508297952629
1.9999296237276043;447.52417603326586;-194.17061124824855
0.0
74.58422787666458;-15.817842072088437;-2350.419048209765
73.26115389031195;43084.21255143386;1935.631182624845
1.9995331748442462;447.7247038483604;-194.1494724632169
0.0
74.21359343703931;-15.815142822480965;-2350.3774239772415
73.26096164663494;43084.778620924684;1935.648130588671
1.9995138510686612;447.4583622629053;-194.1464020868883
0.0
74.23220207240568;-15.815197729314338;-2350.1921974807724
73.26087417784852;43085.38344613527;1935.6709321600965
1.999963394529448;447.33180855329584;-194.14562379327145
0.0
72.6754936352301;-15.771054178177627;-2350.3944081033137
73.26124476634783;43079.91122742154;1935.5759228115326
1.9993279791439322;447.4242523631309;-194.12006969904698
0.0
75.05444694391144;-15.830686149418066;-2350.164839355212
73.26084063273453;43090.05113499061;1935.9649614115083
1.999851433679072;447.17094577545186;-194.1094080651452
0.0
69.38530873877063;-15.727501384653852;-2340.333698246132
73.26036628147212;43137.16754424588;1938.4466005252227
1.9997298267482086;447.4196161787293;-194.10842652369126
0.0
72.73343828487675;-15.76087412943859;-2350.3945091900596
73.26127926246582;43075.87719592604;1935.41659079069
1.9992445684477342;447.5562243002458;-194.106137406309
0.0
73.10275216200344;-15.722829274019114;-2350.6323848775583
73.26128848404403;43058.360242191455;1934.6998301355532
1.9993348936323907;447.34575210895366;-194.05548134481893
0.0
63.43705358829434;-15.426876079997486;-2355.178451814191
73.29351653963559;42961.9582067905;1931.1611752382873
1.9970204874909792;449.3438391187212;-193.94516822184573
0.0
63.534345125786;-15.45135114474738;-2369.306247962013
73.28833604026094;42964.12390833428;1931.7318466259278
1.998477134936025;449.24168730609335;-193.77895918006482
0.0
63.594728428817874;-15.596370462431402;-2331.6137113446475
73.26313336956011;43018.568842254535;1931.656363315928
1.999713371130598;449.8931092251341;-194.5956490119472
0.0
63.368925954339126;-15.520514125006233;-2327.596816260873
73.28704552450772;42990.6650993839;1930.3936529227365
1.9995266477524498;449.8155445010074;-194.58083481902543
0.0
64.54816392566504;-15.609160076594225;-2337.428027918468
73.26292810229899;43011.80785300099;1931.8667524396565
1.9990657497406472;449.9486542073981;-194.50127628621172
0.0
63.46125155503116;-15.519405430843193;-2339.2455487050447
73.27904863528084;42985.92706432446;1930.6478023427755
1.999857806286621;449.7094498431973;-194.42778485221564
0.0
63.63936593472739;-15.569739217028669;-2345.5653141518355
73.26388052763294;43002.60965007286;1931.6825266212031
1.997510226371219;449.9334877619106;-194.38292429098715
0.0
63.141231613292184;-15.418435575695293;-2320.004698644803
73.31454982975657;42966.301610200586;1930.1301175789094
1.998591819308366;449.86172833759593;-194.33969045163255
0.0
63.13697268346247;-15.417940726560095;-2322.5665539592756
73.31510140408659;42963.66997179367;1930.095853395918
1.9982801622444382;449.93303637164934;-194.3180606798906
0.0
63.149227527060376;-15.421534934880972;-2322.3533676332927
73.31443034352368;42967.15122454631;1930.2572305467106
1.9986938195878141;449.85251027874864;-194.31062721853758
0.0
66.65647737622412;-15.648883493477197;-2352.667254947615
73.26169274404025;43042.154010717495;1933.9006268376236
1.9998864670314473;448.79541097730504;-194.19973733697933
0.0
69.59354018141732;-15.680080009273048;-2351.6938259954813
73.26172849012163;43039.20833067428;1933.7920388969337
1.9998523617556576;448.63333176177923;-194.1356748288554
0.0
69.38174137084046;-15.7288343191933;-2339.1965141413507
73.26036828284828;43137.76543978828;1938.4314469215085
1.9999741433689204;447.6818930153809;-194.12151047304778
0.0
63.770720258845046;-15.53776729186766;-2350.9151030201283
73.26187991967466;43011.99068459141;1932.6950407107795
1.9996406457878324;448.62243256364377;-194.1179986018763
0.0
64.20020920940465;-15.549051112875244;-2350.8273885223184
73.261801940145;43014.3667533113;1932.8056979418436
1.999709757213501;448.51407453421103;-194.11678635599867
0.0
71.04315632953382;-15.757542250987095;-2349.2041133829525
73.26061020325832;43114.630208008515;1937.3705425022124
1.9999359375485077;447.43126502968005;-194.10893439088437
0.0
65.39720117100879;-15.602758152224983;-2351.2813809617014
73.26152258511743;43043.56803901012;1934.2350631928755
1.9998909436497874;448.4835193618985;-194.10220811104915
0.0
71.08634820003616;-15.753161951287899;-2349.5331238855047
73.26059024400324;43115.08901504118;1937.424191911507
1.9998605729123742;447.40277493049973;-194.0980270639953
0.0
71.08634820003616;-15.753161951287899;-2349.5331238855047
73.26059024400324;43115.08901504118;1937.424191911507
1.9998605729123742;447.40277493049973;-194.0980270639953
0.0
71.08634820003616;-15.753161951287899;-2349.5331238855047
73.26059024400324;43115.08901504118;1937.424191911507
1.9998605729123742;447.40277493049973;-194.0980270639953
0.0
63.22648907830949;-15.426243836461275;-2341.416175601552
73.31037313254976;42959.48995610258;1930.6342254357833
1.9985054330934013;449.81337061309733;-194.09681953642317
0.0
63.15273406808744;-15.422627850615818;-2341.403085123634
73.31814980306007;42957.90741710506;1930.5308529683364
1.999533833011397;449.7028577598211;-194.08349622526597
0.0
63.23214752773933;-15.422736073745218;-2341.942722365565
73.31079474132177;42957.93495941983;1930.6183399867925
1.9992455861307334;449.66907754783654;-194.07179374835457
0.0
63.23238986347659;-15.423156091704293;-2341.9177720341886
73.31079025346095;42958.31092829895;1930.6374906498172
1.9993873854319957;449.6312826390908;-194.07157627763013
0.0
63.23243920310507;-15.422840702781171;-2341.941378758423
73.31079126109853;42958.12111435336;1930.629009233187
1.9991969346384817;449.6746708719901;-194.07117071993332
0.0
63.22332235170437;-15.420134903461692;-2343.458837064592
73.3118046572045;42956.207114451354;1930.5538238531697
1.9983829342368424;449.6592117715323;-194.05960518982815
0.0
63.22332235170437;-15.420134903461692;-2343.458837064592
73.3118046572045;42956.207114451354;1930.5538238531697
1.9983829342368424;449.6592117715323;-194.05960518982815
0.0
63.22332235170437;-15.420134903461692;-2343.458837064592
73.3118046572045;42956.207114451354;1930.5538238531697
1.9983829342368424;449.6592117715323;-194.05960518982815
0.0
63.22332235170437;-15.420134903461692;-2343.458837064592
73.3118046572045;42956.207114451354;1930.5538238531697
1.9983829342368424;449.6592117715323;-194.05960518982815
0.0
63.22332235170437;-15.420134903461692;-2343.458837064592
73.3118046572045;42956.207114451354;1930.5538238531697
1.9983829342368424;449.6592117715323;-194.05960518982815
0.0
63.3079732106796;-15.434634651285492;-2344.7803643484067
73.30378642769718;42959.27471353227;1930.7724837989658
1.9978689951375037;449.74684698188975;-194.0527333873273
0.0
68.94024336210069;-15.723022025137144;-2348.917321280234
73.2607561619343;43112.90152531119;1937.4819409320128
1.9994557445848165;447.428738264458;-194.03921397216598
0.0
66.69864845589667;-15.593099649274231;-2360.4248377409804
73.26290764178879;43008.30552230998;1933.0137966584916
1.9993019207309874;449.33155007349944;-193.9844516661178
0.0
66.55692373145696;-15.59309061422646;-2360.400937247543
73.26288545648298;43008.438942154695;1933.0244230688338
1.999292880759174;449.3158769290088;-193.98244337154185
0.0
66.86537200766686;-15.602445375449534;-2360.8824053327376
73.26250939136426;43011.91861367355;1933.21134770485
1.999321781421423;448.9798461028491;-193.970009748234
0.0
66.86537200766686;-15.602445375449534;-2360.8824053327376
73.26250939136426;43011.91861367355;1933.21134770485
1.999321781421423;448.9798461028491;-193.970009748234
0.0
66.86537200766686;-15.602445375449534;-2360.8824053327376
73.26250939136426;43011.91861367355;1933.21134770485
1.999321781421423;448.9798461028491;-193.970009748234
0.0
63.48480244813048;-15.43416293825812;-2363.112212611687
73.29168945451185;42959.76651081747;1931.3578276024798
1.9977928957085338;449.34940478983196;-193.84067022846526
0.0
63.14218728079745;-15.418584240135928;-2320.2731921061973
73.3145308715623;42966.3156952288;1930.1409509872553
1.9986036464835568;449.87113404987844;-194.33630480251082
0.0
63.255721521074896;-15.428534796068165;-2343.6251080237507
73.30757962248848;42957.57409147423;1930.6464308826703
1.9975773488658148;449.98636011863175;-194.07930920013283
0.0
63.2313967505092;-15.418231938925238;-2343.946064786286
73.31128555896122;42956.390970453715;1930.588593223538
1.9985530985681013;449.7136737001108;-194.04881019808874
0.0
63.23087657678991;-15.41782916356647;-2344.0787497947645
73.31137555835298;42955.49186569661;1930.5556600600898
1.9984227734125348;449.7222498840621;-194.04728416247718
0.0
66.53095873863934;-15.606735147202064;-2360.352547639224
73.26265990882692;43011.7224889313;1933.012204322215
1.9998915291877248;449.23389085745043;-194.0371294694845
0.0
69.38580222900698;-15.726278787019288;-2347.1064146274157
73.26050353487223;43135.124576069225;1938.5542294578795
1.9997043025917867;447.50824738481793;-194.03678142039982
0.0
68.89289841825985;-15.722631755803206;-2349.2193179874753
73.26076942646323;43112.63215211046;1937.4881085921636
1.999644215249037;447.4719061179219;-194.0340814408083
0.0
63.67528131291646;-15.514391105876696;-2360.3546627201463
73.26965565032195;42973.873248827644;1931.761354873496
1.998125748675485;449.80582707682265;-194.00676739964894
0.0
63.67719179212614;-15.5242404847043;-2361.9665862010497
73.26939786029651;42974.992603114;1931.8051231127668
1.9980153216944236;449.79049738847743;-194.00536985474125
0.0
63.32646953091467;-15.443571433316228;-2349.4357450247717
73.30277971066472;42962.8235879337;1931.1026756832562
1.9989119584888846;449.66251937201264;-194.00485200689414
0.0
63.79440752782651;-15.52432258286774;-2374.634915129184
73.2636857815113;42982.45570785906;1932.7800172388688
1.9994363718865396;449.6506983229646;-193.82656733349552
0.0
63.78018656831362;-15.51813258596794;-2378.214098008264
73.26474857619311;42978.308980324626;1932.7120258206844
1.9987267059200124;449.46872493898246;-193.78084347491242
0.0
63.126429878199154;-15.410723405147467;-2328.233640826694
73.32305721638595;42963.5369370289;1930.3697322875
1.9987652269729594;449.92494952112037;-194.2144848126407
0.0
63.586500946024124;-15.50048092553335;-2359.694010738249
73.27770461197672;42969.4728905205;1931.485090274881
1.9999752022497364;449.8728405398768;-194.00361623298778
0.0
63.689054967694766;-15.530644386478478;-2363.0106792896154
73.26903417350393;42979.488279476915;1932.0766417820062
1.999390395537047;449.84637174592814;-193.98285331488805
0.0
63.78773855403437;-15.516746431923123;-2378.7192558647766
73.26395263026946;42978.47594211114;1932.7544950090398
1.999273217968003;449.5975586759595;-193.77022254945877
0.0
63.79447246977791;-15.503235193351907;-2379.6069410463756
73.26582034581561;42970.76593563101;1932.4894901704065
1.998245083406791;449.9829430917043;-193.7312716767123
0.0
63.78977131508094;-15.502363550543823;-2379.613538597666
73.2659540131355;42970.444571713975;1932.4714724929038
1.9980683276229214;449.98852927178115;-193.73107140458183
0.0
63.821527501780636;-15.493429617504297;-2382.243446862463
73.26666521652298;42964.99932844528;1932.3299903044726
1.9994657822124247;449.7180407958301;-193.69454390209796
0.0
63.34915829363476;-15.5324343070571;-2323.0743307759967
73.28464453940526;43002.080388602975;1930.6338559774188
1.9990908479427014;449.96537676981694;-194.6558007093581
0.0
63.59367571076454;-15.593486939314024;-2332.411765642101
73.2636349685001;43017.731467877435;1931.6725170634827
1.9989782103015865;449.79098539299747;-194.57924175172545
0.0
63.60365636678165;-15.593521212028396;-2334.3965748200712
73.26341757101066;43018.84757333016;1931.8326717255427
1.9992723069805167;449.76253257964515;-194.54799148370213
0.0
63.60365636678165;-15.593521212028396;-2334.3965748200712
73.26341757101066;43018.84757333016;1931.8326717255427
1.9992723069805167;449.76253257964515;-194.54799148370213
0.0
63.60365636678165;-15.593521212028396;-2334.3965748200712
73.26341757101066;43018.84757333016;1931.8326717255427
1.9992723069805167;449.76253257964515;-194.54799148370213
0.0
64.0962515177254;-15.594370545618807;-2336.186626207971
73.26294790539626;43026.05331165997;1932.2850997058074
1.999049208425956;449.7393473961852;-194.49877283885857
0.0
64.49920228911284;-15.606097138392299;-2336.670450155811
73.26313436414267;43013.50798796295;1931.9366867134497
1.9989410843517847;449.9875386369111;-194.48997942441693
0.0
63.42415085148807;-15.53204135504962;-2337.1132495859524
73.28088460205932;42990.41678020664;1930.705721754843
1.999470791881025;449.6624359717875;-194.48018103816753
0.0
64.81092572674778;-15.610631404181298;-2340.732704950064
73.2632339255947;43010.43153902813;1931.9086829040318
1.9981997360700645;449.8418958063957;-194.44642002375903
0.0
63.12137002581272;-15.423908271327289;-2317.499111084949
73.3146788331517;42973.028967590035;1930.2897909736848
1.998542274170401;449.8216448081454;-194.395459131941
0.0
65.0102992850055;-15.58582105139453;-2349.5442407887413
73.26393285301732;42999.11346358459;1931.602368767166
1.9978294476015988;449.7489659399885;-194.33527858957663
0.0
63.6775344395645;-15.583633098934852;-2348.913383220858
73.26292070525895;43015.30280394382;1932.4175508842145
1.998862784749611;449.66622175525384;-194.31103965165954
0.0
63.6775344395645;-15.583633098934852;-2348.913383220858
73.26292070525895;43015.30280394382;1932.4175508842145
1.998862784749611;449.66622175525384;-194.31103965165954
0.0
63.6775344395645;-15.583633098934852;-2348.913383220858
73.26292070525895;43015.30280394382;1932.4175508842145
1.998862784749611;449.66622175525384;-194.31103965165954
0.0
63.6775344395645;-15.583633098934852;-2348.913383220858
73.26292070525895;43015.30280394382;1932.4175508842145
1.998862784749611;449.66622175525384;-194.31103965165954
0.0
63.6775344395645;-15.583633098934852;-2348.913383220858
73.26292070525895;43015.30280394382;1932.4175508842145
1.998862784749611;449.66622175525384;-194.31103965165954
0.0
63.677954658721255;-15.5838276077465;-2348.7550744769587
73.26287848024259;43016.0985251427;1932.4484969529813
1.999328683476603;449.6074680649273;-194.31086441580916
0.0
63.25428748894838;-15.472869025941208;-2332.4381426417876
73.30316821189824;42978.65567313051;1930.9698046369433
1.997484442718741;449.79395183432155;-194.29090282240733
0.0
63.240068869262736;-15.447511884257155;-2329.8772867585462
73.30570129568146;42968.65115404854;1930.3959620415924
1.9961447194092077;449.56610647135903;-194.28611887653076
0.0
63.240068869262736;-15.447511884257155;-2329.8772867585462
73.30570129568146;42968.65115404854;1930.3959620415924
1.9961447194092077;449.56610647135903;-194.28611887653076
0.0
63.240068869262736;-15.447511884257155;-2329.8772867585462
73.30570129568146;42968.65115404854;1930.3959620415924
1.9961447194092077;449.56610647135903;-194.28611887653076
0.0
68.17558736585441;-15.69140294652232;-2350.3073865131737
73.26160670261159;43048.57647317151;1933.8548176087395
1.9999923943572537;448.29640706984037;-194.2633763139215
0.0
68.12245766789724;-15.684433621360688;-2349.016402842353
73.2615852550465;43051.164377280744;1934.0890245601388
1.99975394838856;448.44875031484156;-194.23550036929032
0.0
66.71630387416087;-15.65004274418565;-2350.729735318445
73.26151031942126;43055.87123290388;1934.363886846343
1.9997507249418278;448.60342373743765;-194.20938860308456
0.0
66.27664088322572;-15.639654054786366;-2348.87844054002
73.26167082070141;43046.59990229439;1934.0195038424945
1.9993550456134392;448.37010450363766;-194.20291918557282
0.0
66.57738813214408;-15.650803848850067;-2349.25215686128
73.26156680380187;43048.9969257947;1934.1324829322577
1.9994315175096644;448.2598212273931;-194.2012558697491
0.0
66.57738813214408;-15.650803848850067;-2349.25215686128
73.26156680380187;43048.9969257947;1934.1324829322577
1.9994315175096644;448.2598212273931;-194.2012558697491
0.0
66.57738813214408;-15.650803848850067;-2349.25215686128
73.26156680380187;43048.9969257947;1934.1324829322577
1.9994315175096644;448.2598212273931;-194.2012558697491
0.0
66.36518857939784;-15.650928332021032;-2348.867548024341
73.26175726730138;43045.36307701183;1934.0483964973519
1.9994291167705474;448.31772967447694;-194.184624615519
0.0
66.58601351677568;-15.653635398803326;-2349.298770735088
73.2615516460225;43050.165364448;1934.2472860545513
1.9994514241870638;448.24965645243225;-194.18128923310172
0.0
66.61496139945417;-15.655416623140235;-2350.402435711898
73.26151097237741;43052.765990966625;1934.4146241549436
1.9998703965218878;448.0905567918945;-194.16605452816233
0.0
73.03318483658563;-15.797328857307097;-2347.840438654303
73.26086757685293;43099.18209531577;1936.4179926404522
1.9999927030515856;447.7313089364528;-194.14981004490315
0.0
74.36898713398948;-15.817459394480768;-2350.3080840313255
73.26095797338519;43085.58543933228;1935.6927124276492
1.9995203679187437;447.471859354656;-194.14179739001983
0.0
74.36898713398948;-15.817459394480768;-2350.3080840313255
73.26095797338519;43085.58543933228;1935.6927124276492
1.9995203679187437;447.471859354656;-194.14179739001983
0.0
74.36898713398948;-15.817459394480768;-2350.3080840313255
73.26095797338519;43085.58543933228;1935.6927124276492
1.9995203679187437;447.471859354656;-194.14179739001983
0.0
74.37636566713202;-15.817495879231117;-2350.290248346567
73.26094784685588;43085.60717433013;1935.6989996386596
1.999256892856321;447.48157102252657;-194.14078869915392
0.0
74.71915632721627;-15.815311352003675;-2350.630060538788
73.26099008464715;43084.97847386565;1935.670323097422
1.9994861840846014;447.37188644884367;-194.13824328014357
0.0
64.87517889121932;-15.559981092814267;-2350.6680525959746
73.261928006963;43017.47085988384;1932.9768164261907
1.9992226749770485;448.7230825282313;-194.09944163232265
0.0
66.82236458125259;-15.61315835992526;-2360.623072016794
73.26276402772088;43013.15308631374;1933.147336868944
1.9992130226222662;449.1174818980686;-194.01056281254827
0.0
63.119635426127914;-15.414343885463815;-2315.5834715856454
73.31583483001984;42969.43807015809;1930.1282957191072
1.9989949530505944;449.89104783278185;-194.38589231747275
0.0
63.12734076345807;-15.41712072371559;-2318.8067437296904
73.3159210401308;42966.35235815958;1930.0828087032853
1.998670565961826;449.8687933234188;-194.34856140897642
0.0
63.13849649138894;-15.418417372740088;-2320.8714827522726
73.31546752233979;42965.8504270437;1930.1358460256827
1.999170320465182;449.7995561060766;-194.32213971740455
0.0
63.25610496799921;-15.461889877115564;-2333.9090253878458
73.30387023982102;42974.49886920783;1930.8696682600405
1.996166544916732;449.6002123653555;-194.25705802213108
0.0
64.92906596923766;-15.55632061852997;-2350.8501518022827
73.26185714043332;43020.172622785576;1933.015712966786
1.9997941380154713;448.8091126219556;-194.1251164010908
0.0
63.76855956381828;-15.543025744824858;-2350.815358207687
73.26193890327723;43013.41141459949;1932.7505913218115
1.9994521808670507;448.59531698012023;-194.1238676967469
0.0
65.99435123660044;-15.618882461737401;-2352.4265100075804
73.26183507521384;43034.23586430358;1933.7128739596824
1.9999887161332852;448.5513595034676;-194.1132140949769
0.0
71.18850701488559;-15.762573054962715;-2349.335703920127
73.26064582561189;43116.18153053594;1937.4440059770657
1.999494111551432;447.51387642703287;-194.1065702612393
0.0
71.1894803678108;-15.763198262199461;-2349.320981454232
73.26063378083845;43116.443073240494;1937.4559946188783
1.9996073924607303;447.4134307588964;-194.1065315769675
0.0
69.54548630875313;-15.71575672859149;-2349.272390916573
73.26084859833668;43113.18852747821;1937.4943000418984
1.9995043626572138;447.4815045365175;-194.03841731306218
0.0
63.197790120476256;-15.433257169945584;-2328.720709595423
73.31064437052639;42967.97968968794;1930.5017406829231
1.998051781209891;449.91496060527714;-194.25067093565573
0.0
63.196890965670626;-15.429901387151363;-2328.8221129039807
73.31143614788913;42966.33235727656;1930.4398142983598
1.9978902077462617;449.9944891987086;-194.23751360359836
0.0
63.293226151081114;-15.47093998319024;-2336.4136415218386
73.30075570385226;42978.15877382178;1931.1731450399213
1.9977631516298173;449.6248832685191;-194.22740008273524
0.0
65.44076885479944;-15.58412300752931;-2351.301732978936
73.26181624130365;43037.00060819082;1933.9984833763633
1.9996867838510843;448.75771848362774;-194.06960149376192
0.0
63.23657252168627;-15.427966634299773;-2342.537437212477
73.31048902941711;42960.2428965994;1930.7451027282898
1.9994646073888205;449.58608976946954;-194.06678425561864
0.0
69.40184590070398;-15.72723127698032;-2346.9946857539708
73.26037290254409;43137.628098380745;1938.6400019889984
1.999834480575806;447.42807183265563;-194.04847782199795
0.0
69.87325263875807;-15.732170368488475;-2349.4279229814283
73.2606152781823;43134.08344478897;1938.7520438782528
1.999820708049197;447.4889545071671;-193.94740560408314
0.0
63.231397921481665;-15.422601800866854;-2341.903921846214
73.31088782448639;42958.0562881622;1930.6246405551028
1.999257338411636;449.6622246114561;-194.07141633921853
0.0
63.246559798972505;-15.429757563868668;-2340.456015548617
73.30942537620615;42960.320666883126;1930.7187415916974
1.998494066304932;449.75829774600703;-194.06940027162554
0.0
63.234156911456964;-15.423909677300978;-2342.019629372151
73.31082939222425;42959.51021002405;1930.7110509885858
1.998970362542114;449.7035355712729;-194.06594564399586
0.0
63.22770719233846;-15.417604053629766;-2343.5081819047823
73.31149093278204;42956.01047769995;1930.5573366783337
1.998106056334744;449.7018344273344;-194.05583523152885
0.0
69.4358193814083;-15.736794971613417;-2346.897067384945
73.26062499280607;43130.39889768679;1938.3052212181901
1.9999312151024224;447.4469780056266;-194.0440946558359
0.0
63.68460175953469;-15.50359400062734;-2373.228034849384
73.27195194102555;42973.977052098104;1932.2815850821032
1.999108900619232;449.6452304262191;-193.83634488775175
0.0
66.20812134716402;-15.637325131605818;-2350.970994453104
73.26144871652501;43076.019965036365;1935.8953103294125
1.9999658745044842;447.9799819734957;-194.02578997308575
0.0
63.67091420730792;-15.521615401279217;-2360.1088387164614
73.27020303189877;42979.35024531642;1931.9997880197425
1.9983554738278602;449.7144129514666;-194.00699049081013
0.0
70.53875353349954;-15.73190692786338;-2349.7457107761743
73.2606059731115;43133.54929053268;1938.8560870119088
1.9999345412683345;447.54460132318474;-193.90337489247523
0.0
63.78014480441734;-15.501876920198438;-2379.6206974360894
73.26607265907461;42971.4401581084;1932.515122440342
1.9982603680887598;449.9804713044097;-193.73047164472456
0.0
63.58888178575078;-15.509595401843802;-2359.8221164658084
73.27754387205376;42975.15197777734;1931.765006465691
1.9999221797004831;449.96151679479215;-194.00241514776525
0.0
63.68895148773272;-15.530635022752964;-2362.828755743395
73.26904802478107;42980.07859599311;1932.1065764413167
1.9997577802073825;449.7482757505015;-193.9833422232579
0.0
63.82167817992089;-15.499096265410987;-2382.2865452102205
73.26684823566141;42967.32897234257;1932.4360187823072
1.9991224860230736;449.7720932354738;-193.6970364130373
0.0
64.70442439156162;-15.623811666884649;-2324.956756364704
73.26259571819989;43042.1421699283;1932.8540770403038
1.9993205160126375;449.1190034763701;-194.5743537097326
0.0
63.62461322810794;-15.582669511068026;-2342.468756127917
73.26401591890408;43008.97193266821;1931.8421188813963
1.998491776070203;449.81269364143907;-194.43006688688482
0.0
64.96870026386917;-15.578927315006728;-2349.117767357772
73.26402697204487;42999.239553999454;1931.6342133823375
1.9978047237766656;449.84581956009345;-194.33254899883667
0.0
63.25573654530916;-15.47584394942781;-2332.330476631953
73.30329683111519;42981.234668356796;1931.0685976802818
1.9978192734803188;449.7023281242647;-194.28877791795537
0.0
63.287144869137705;-15.480291425541914;-2334.2283258691145
73.30260823731957;42982.27236165307;1931.2301831719872
1.9968866424015967;449.49171897363294;-194.2701269272046
0.0
63.2536860193752;-15.462163797490739;-2333.536080583935
73.30391425227283;42975.01133108087;1930.873604338375
1.9963536423224546;449.65550908199543;-194.2637580980165
0.0
68.713547770348;-15.700238376839819;-2350.767395357825
73.26174553749834;43050.408905710865;1933.938145778069
1.9997834107430625;448.12630569655636;-194.25943605455225
0.0
68.71644946018718;-15.70148121391588;-2350.90666825497
73.26171389010601;43050.2143392189;1933.9387411584432
1.999769937554034;448.11745942695853;-194.25452836620988
0.0
68.71644946018718;-15.70148121391588;-2350.90666825497
73.26171389010601;43050.2143392189;1933.9387411584432
1.999769937554034;448.11745942695853;-194.25452836620988
0.0
68.71644946018718;-15.70148121391588;-2350.90666825497
73.26171389010601;43050.2143392189;1933.9387411584432
1.999769937554034;448.11745942695853;-194.25452836620988
0.0
68.71644946018718;-15.70148121391588;-2350.90666825497
73.26171389010601;43050.2143392189;1933.9387411584432
1.999769937554034;448.11745942695853;-194.25452836620988
0.0
68.71644946018718;-15.70148121391588;-2350.90666825497
73.26171389010601;43050.2143392189;1933.9387411584432
1.999769937554034;448.11745942695853;-194.25452836620988
0.0
68.71644946018718;-15.70148121391588;-2350.90666825497
73.26171389010601;43050.2143392189;1933.9387411584432
1.999769937554034;448.11745942695853;-194.25452836620988
0.0
68.71644946018718;-15.70148121391588;-2350.90666825497
73.26171389010601;43050.2143392189;1933.9387411584432
1.999769937554034;448.11745942695853;-194.25452836620988
0.0
68.71644946018718;-15.70148121391588;-2350.90666825497
73.26171389010601;43050.2143392189;1933.9387411584432
1.999769937554034;448.11745942695853;-194.25452836620988
0.0
68.71644946018718;-15.70148121391588;-2350.90666825497
73.26171389010601;43050.2143392189;1933.9387411584432
1.999769937554034;448.11745942695853;-194.25452836620988
0.0
68.71644946018718;-15.70148121391588;-2350.90666825497
73.26171389010601;43050.2143392189;1933.9387411584432
1.999769937554034;448.11745942695853;-194.25452836620988
0.0
68.71644946018718;-15.70148121391588;-2350.90666825497
73.26171389010601;43050.2143392189;1933.9387411584432
1.999769937554034;448.11745942695853;-194.25452836620988
0.0
68.10704696264507;-15.683558336681077;-2350.1541148063507
73.26160018901689;43051.59005277812;1934.1004358099804
1.9997349708500882;448.1229657635731;-194.24083188132443
0.0
68.13060123292134;-15.685411549782273;-2349.470696846566
73.26160068123602;43051.39420585694;1934.0994576812702
1.9992570035285289;448.3478720143032;-194.23635935866267
0.0
66.37923323056283;-15.647509021256111;-2349.2169446313264
73.26169150852938;43047.15498174985;1934.0632149755306
1.9989744657236914;448.743644684011;-194.19183167544608
0.0
66.57953044040912;-15.652260215233877;-2349.4638073630563
73.26157426548627;43049.45203272425;1934.1975724468025
1.9994264179251053;448.26471234856916;-194.1867480226128
0.0
66.58814992091307;-15.65509240764842;-2349.313288753367
73.26155911146017;43050.62079729223;1934.3124377933675
1.9994463235113535;448.2545481741199;-194.16676657108144
0.0
72.38430359793863;-15.786950226736176;-2345.8858145573818
73.26092347244915;43103.381595880535;1936.6270327052735
1.9998931461363387;447.7730774142696;-194.16270569410744
0.0
72.46026294325837;-15.791434315238764;-2346.2946009116995
73.26088878345956;43104.4834816746;1936.7586764991581
1.9999099587094111;447.7686649300554;-194.15631484698514
0.0
76.59342792986868;-15.859507455507437;-2350.7611878863677
73.26108965022081;43087.74461913072;1935.683140636692
1.9997241423222698;447.34761843458404;-194.1502529538295
0.0
74.63123071782645;-15.823278546756594;-2350.501442726368
73.26096832016209;43086.17606789265;1935.7332574058435
1.9992442908575698;447.50415881141816;-194.13544264953356
0.0
64.70611243612487;-15.555153442681421;-2350.787190410727
73.26198386070206;43015.54126024153;1932.8687989751531
1.9992206532765073;448.6366637846955;-194.1250089023284
0.0
63.207334307120824;-15.431474764325522;-2330.1840870499327
73.31197741141442;42966.44016267572;1930.5011729239488
1.9981377631496944;449.9666007875085;-194.21839254690627
0.0
67.14525513886558;-15.651556209790824;-2353.2299515545496
73.26183733530988;43048.80480262659;1933.9977905959172
1.9995722977929036;449.0203281778363;-194.20311811735286
0.0
72.65935016744427;-15.781742549091513;-2346.78691024646
73.2609117941017;43102.38994877329;1936.640619678817
1.9999746542270667;447.73647671878103;-194.14455135318306
