200
4
0.0
67.12604278596199;-15.277042337895434;-2517.9617764005543
73.25770145512008;42743.52833357021;1928.2842194173602
1.9999737615692446;449.5507208091313;-191.53829370157368
0.0
67.42942239121555;-15.268991233576378;-2521.3878124433663
73.2577841417677;42737.56257509946;1928.174254186059
1.9993474634237691;449.40049413925857;-191.47543051453158
0.0
67.45401635687425;-15.275138826187147;-2523.520083835471
73.25771517823313;42738.62458838511;1928.2878180364798
1.9993559004957808;449.33452217835367;-191.45271327978128
0.0
67.42499687746239;-15.263822238031425;-2521.746566493191
73.2577286387171;42738.51746449224;1928.2890302348528
1.9992596319667344;449.39963320891246;-191.4475658123777
0.0
66.74255610462731;-15.24527617953411;-2530.3289569188782
73.25751678670585;42737.14014768959;1928.6346338725896
1.9997750565841113;449.06049408210697;-191.32712869715542
0.0
66.71938005248633;-15.24866431538777;-2530.2698877065095
73.25750191358125;42739.59250204509;1928.7670209846494
1.9998136091497072;449.01508736242977;-191.3270347680115
0.0
66.64116141681771;-15.244823738977482;-2531.2531507414515
73.25749833284223;42739.89073390952;1928.8289280202343
1.9997013914856758;448.9337118167921;-191.30791325527346
0.0
66.93246291609039;-15.249299613437143;-2531.57560896698
73.25749719521166;42739.21052657654;1928.8515088587328
1.9996847739818695;448.9037175153236;-191.28723827162935
0.0
71.70048763022804;-15.345763454648099;-2537.552155311879
73.25707209683169;42751.18218640782;1929.476329780322
1.9998042530228444;448.6765984439856;-191.2381540855093
0.0
71.34137586178869;-15.337793929380268;-2537.684534884144
73.25712003141035;42749.90273294617;1929.4602352790102
1.9996960889723547;448.6349675009135;-191.2361923050449
0.0
67.80839445939856;-15.259345689259247;-2533.216338255177
73.25735149759947;42745.469618097515;1929.2645562062262
1.999700207888725;448.4646886741453;-191.23510868027952
0.0
71.20878472311188;-15.334123549529163;-2537.703439580457
73.2571545628705;42748.975716399145;1929.4146798286679
1.9996732975268159;448.65445704183776;-191.23509020619656
0.0
64.02082339283265;-15.152578178034863;-2525.6815316504308
73.26538330420497;42696.43051142784;1927.2313252249428
1.9990333704135874;449.71662933136975;-191.1731810770502
0.0
64.07395835346546;-15.177649936698323;-2526.3771962359997
73.2588836738207;42711.83451009884;1928.0638346116007
1.9992270090078357;449.57247485289827;-191.16012573905834
0.0
64.07890961659113;-15.17757477607199;-2526.377650033219
73.25888435706327;42710.910369764824;1928.0289054771126
1.9992239008519346;449.5734772708004;-191.15763817747737
0.0
64.07975862650491;-15.177678121545057;-2526.3781353545605
73.25888456736777;42710.906814287104;1928.029585138205
1.999222828309391;449.5730041950295;-191.1575128246188
0.0
64.08205773831783;-15.177957735979788;-2526.372025888151
73.2588856123431;42710.63714978482;1928.0202488421787
1.9992151801489881;449.57135503087477;-191.15665212387242
0.0
64.08786263757747;-15.177951971643994;-2526.372936281321
73.25888658974364;42709.709487569766;1927.9860019755993
1.9992106188914351;449.5717354476296;-191.15403831638972
0.0
66.41855968241528;-15.220539781915917;-2539.0650076843617
73.25765829067184;42731.68780922337;1929.0033697711658
1.9991832459923553;449.05880017239616;-191.1251072040854
0.0
66.18796956458061;-15.221804806641348;-2538.746950975058
73.25763102640343;42734.290491857246;1929.1404865462214
1.9992345582290274;448.9750846038894;-191.12406178978728
0.0
64.21458159015839;-15.177413922257292;-2531.099582082619
73.25739973759093;42741.97753820942;1929.5634644533197
1.9999825083131346;448.183167623139;-191.0964206987667
0.0
64.31287154073736;-15.190916364377962;-2532.550874600822
73.25702289716355;42807.976807412095;1933.7793669683915
1.9998819644616426;446.000173803049;-190.7586298831295
0.0
65.75734024150132;-15.21717362585641;-2529.6755988663617
73.25685337060828;42813.29886673631;1934.2747216094058
1.9997884088516096;445.3343102396768;-190.69079684227603
0.0
65.75857275309069;-15.217287038574028;-2529.724853217823
73.25685872163304;42812.67063288687;1934.253197810204
1.9997868830513175;445.34290368301293;-190.6896546347335
0.0
65.68450297441962;-15.212444071987136;-2528.693535513683
73.2566725344005;42815.115273253236;1934.369398231453
1.9997536620788192;445.15299929986327;-190.68231604087046
0.0
76.15079804162453;-15.37755654860688;-2518.015021083939
73.25524411229856;42873.00524055812;1936.3013745555402
1.9982156820738772;442.686627953598;-190.66834021896273
0.0
76.25749540677889;-15.3798657880144;-2515.1014342378953
73.25457927862813;42888.44180606783;1936.8075614033435
1.9980461004964014;441.60619290039506;-190.644203110392
0.0
76.25749540677889;-15.3798657880144;-2515.1014342378953
73.25457927862813;42888.44180606783;1936.8075614033435
1.9980461004964014;441.60619290039506;-190.644203110392
0.0
76.25749540677889;-15.3798657880144;-2515.1014342378953
73.25457927862813;42888.44180606783;1936.8075614033435
1.9980461004964014;441.60619290039506;-190.644203110392
0.0
67.38255008924942;-15.261947413843641;-2521.6805959410076
73.25768600664398;42739.44375930833;1928.3497425276146
1.9999874412201497;449.3806072608206;-191.44166838335806
0.0
68.07964860202266;-15.280674358134641;-2528.8213927686106
73.25754582144066;42739.05609382175;1928.3710974175979
1.9997917786449777;449.3729397505819;-191.3968859951419
0.0
68.03790776264422;-15.284642279806176;-2528.7564782155137
73.2574831124805;42739.978198049525;1928.4314832914142
1.9999630053122408;449.3534615167161;-191.3910314191952
0.0
68.03790776264422;-15.284642279806176;-2528.7564782155137
73.2574831124805;42739.978198049525;1928.4314832914142
1.9999630053122408;449.3534615167161;-191.3910314191952
0.0
68.03790776264422;-15.284642279806176;-2528.7564782155137
73.2574831124805;42739.978198049525;1928.4314832914142
1.9999630053122408;449.3534615167161;-191.3910314191952
0.0
68.03790776264422;-15.284642279806176;-2528.7564782155137
73.2574831124805;42739.978198049525;1928.4314832914142
1.9999630053122408;449.3534615167161;-191.3910314191952
0.0
68.03790776264422;-15.284642279806176;-2528.7564782155137
73.2574831124805;42739.978198049525;1928.4314832914142
1.9999630053122408;449.3534615167161;-191.3910314191952
0.0
68.03790776264422;-15.284642279806176;-2528.7564782155137
73.2574831124805;42739.978198049525;1928.4314832914142
1.9999630053122408;449.3534615167161;-191.3910314191952
0.0
68.03790776264422;-15.284642279806176;-2528.7564782155137
73.2574831124805;42739.978198049525;1928.4314832914142
1.9999630053122408;449.3534615167161;-191.3910314191952
0.0
68.03790776264422;-15.284642279806176;-2528.7564782155137
73.2574831124805;42739.978198049525;1928.4314832914142
1.9999630053122408;449.3534615167161;-191.3910314191952
0.0
68.03790776264422;-15.284642279806176;-2528.7564782155137
73.2574831124805;42739.978198049525;1928.4314832914142
1.9999630053122408;449.3534615167161;-191.3910314191952
0.0
68.03790776264422;-15.284642279806176;-2528.7564782155137
73.2574831124805;42739.978198049525;1928.4314832914142
1.9999630053122408;449.3534615167161;-191.3910314191952
0.0
68.03790776264422;-15.284642279806176;-2528.7564782155137
73.2574831124805;42739.978198049525;1928.4314832914142
1.9999630053122408;449.3534615167161;-191.3910314191952
0.0
68.03790776264422;-15.284642279806176;-2528.7564782155137
73.2574831124805;42739.978198049525;1928.4314832914142
1.9999630053122408;449.3534615167161;-191.3910314191952
0.0
68.03790776264422;-15.284642279806176;-2528.7564782155137
73.2574831124805;42739.978198049525;1928.4314832914142
1.9999630053122408;449.3534615167161;-191.3910314191952
0.0
68.03790776264422;-15.284642279806176;-2528.7564782155137
73.2574831124805;42739.978198049525;1928.4314832914142
1.9999630053122408;449.3534615167161;-191.3910314191952
0.0
68.03790776264422;-15.284642279806176;-2528.7564782155137
73.2574831124805;42739.978198049525;1928.4314832914142
1.9999630053122408;449.3534615167161;-191.3910314191952
0.0
63.88218956691949;-15.155195915971715;-2513.713165770485
73.27232353210789;42690.82017184188;1926.2837155555312
1.999499771376512;449.9888878119465;-191.38732132250695
0.0
63.90713141594905;-15.16671539402867;-2513.649694027094
73.27053896232214;42696.25537028837;1926.639031463065
1.9996751922501201;449.8935516093033;-191.36083872959537
0.0
66.62754027035906;-15.23866103488657;-2531.0311330937016
73.25753231515523;42736.69460317215;1928.6764808898101
1.9999618252926297;449.06513435611606;-191.3109248093784
0.0
67.52657751464267;-15.255745155774715;-2529.014675379268
73.2573702802928;42748.16156005805;1929.220838380715
1.9999834168295423;448.95408599905335;-191.28158176867052
0.0
64.02367648969545;-15.167060350365942;-2521.835728660987
73.26201478624851;42702.28331173791;1927.2655658750857
1.9992718301552743;449.5574363928466;-191.26861620364502
0.0
64.02367648969545;-15.167060350365942;-2521.835728660987
73.26201478624851;42702.28331173791;1927.2655658750857
1.9992718301552743;449.5574363928466;-191.26861620364502
0.0
64.02367648969545;-15.167060350365942;-2521.835728660987
73.26201478624851;42702.28331173791;1927.2655658750857
1.9992718301552743;449.5574363928466;-191.26861620364502
0.0
67.06663427496186;-15.237259989067837;-2532.9939816831074
73.25835556676013;42729.21833428853;1928.4337558995005
1.9999627657315242;449.0175249300834;-191.26767167558347
0.0
64.02704499429815;-15.167771462905337;-2522.340778841343
73.26177522226352;42703.1127217756;1927.3231068739885
1.9995093601555791;449.549943690352;-191.2633134957566
0.0
71.75061098188723;-15.345839907896067;-2538.0829537193626
73.25707155224877;42751.852955434595;1929.5055307248028
1.9998550473212553;448.6946460594868;-191.23728810277106
0.0
71.20417431872814;-15.333989257388415;-2537.6544094099872
73.25714727515187;42748.98441336025;1929.4121484510626
1.999924483513129;448.6503293359215;-191.23527668719083
0.0
67.85599199332418;-15.26348855626532;-2532.787226374687
73.25736678348977;42745.25215833952;1929.2692638305641
1.999866787312194;448.5970647576561;-191.23286817340357
0.0
70.7734478269644;-15.308860182713664;-2535.547094336108
73.2572007272221;42744.78932967001;1929.2970738806591
1.9997924005949526;448.84813722555174;-191.21277894001375
0.0
66.14757908264212;-15.222919140429411;-2536.924377092558
73.25788792082699;42734.406270983585;1928.844383789538
1.999765150834326;448.9858636641283;-191.1921122481917
0.0
65.81874590789039;-15.214267393587075;-2535.285459562448
73.25641615018793;42824.21311456403;1934.8511073794557
1.9999202696110752;444.5440493739741;-190.64068395745113
0.0
65.7528031423585;-15.213318669494342;-2535.399773210384
73.2564164148053;42823.81117451077;1934.8383367738688
1.999952855843129;444.51752766657927;-190.63947757607278
0.0
65.45369232567965;-15.205194814082168;-2535.835363566911
73.25646318259098;42817.89322579811;1934.6134481996705
1.9998886424289135;444.7614944662779;-190.63266238072873
0.0
66.12957021583486;-15.220893165399396;-2534.5585784380937
73.25628588789023;42840.87415408582;1935.619055852013
1.9997239104201117;444.7218908626979;-190.61771502603253
0.0
74.8261505569056;-15.364042538176252;-2514.6323709918597
73.2549676866541;42885.94158500465;1937.0449150569825
1.9985552549018997;442.55375524021485;-190.61737115508154
0.0
77.68474113265468;-15.426257112046292;-2512.487387973064
73.25431848287397;42912.30120448322;1938.33742146356
1.998215961151675;441.67076327922223;-190.53348538849613
0.0
63.89871066325977;-15.142989298329837;-2514.654032556883
73.27131309170069;42693.73433798764;1926.523360251013
1.9999071069210008;449.5997223926446;-191.35685928063404
0.0
63.91758586531234;-15.16435894075696;-2514.8810169570893
73.27009424294303;42696.33842651722;1926.7021027518556
1.999871491669464;449.97373174700516;-191.34199938336425
0.0
63.96372479082997;-15.166980451821265;-2514.5252002693874
73.26913015285002;42696.064317015924;1926.7667492004837
1.999851403058117;449.93190158609593;-191.3205552518394
0.0
67.05718439510666;-15.238089401346336;-2532.2494690084427
73.2574563234336;42740.37847809226;1929.0363442903047
1.9998583701384718;449.0486719003797;-191.22854288362245
0.0
67.38133481300238;-15.249368478341907;-2536.1073007621635
73.25788284412283;42735.41409506112;1928.8424693352356
1.9999096365728561;448.88198880241725;-191.227494130581
0.0
66.43547209548866;-15.228588514447297;-2538.151236857249
73.25769759411615;42733.87380996633;1928.8690017565268
1.9998404585825997;448.91574775100725;-191.18207796670077
0.0
64.02449315145317;-15.151207153947365;-2525.931217230647
73.26552623737008;42694.76918353131;1927.147262473457
1.9993334814908854;449.7072303354164;-191.17419169040363
0.0
64.09207646685495;-15.17912564275014;-2526.513985316181
73.25892022733525;42709.558199772815;1927.983313238292
1.9992723337395721;449.5804180861612;-191.15326672108165
0.0
64.09257181205739;-15.179067028823422;-2526.5775906356994
73.25891777839176;42709.55319343896;1927.9835304114147
1.9992774918110323;449.57764388676225;-191.15321587475182
0.0
65.65775658701706;-15.205807692345369;-2535.923940295413
73.25652642071947;42814.975320989535;1934.4694984687897
1.9999473770532081;444.82675687319477;-190.63438330413146
0.0
65.45571917689021;-15.206201845957926;-2535.7794441719298
73.25646147424233;42818.76525057839;1934.650434250207
1.9999230475005398;444.7977792806494;-190.63367944330753
0.0
66.09454380472248;-15.221338778180414;-2534.225552544961
73.25628898329508;42839.7768178229;1935.6041053982974
1.999853589089795;444.6321040904052;-190.61659159650787
0.0
77.66925715498833;-15.426066904303415;-2512.732208792832
73.25434830676312;42912.022753317855;1938.32230293622
1.9984161080097032;441.8485298451432;-190.53298723797656
0.0
64.02404137086899;-15.166199322860548;-2522.1848242011997
73.26277551134189;42702.74218516435;1927.3192536772067
1.999359403366256;449.5356037832362;-191.25741231642357
0.0
64.07890866625776;-15.177540826489498;-2526.3776214126897
73.25888444076465;42710.91048658054;1928.028912034598
1.9992235209220128;449.57332850489405;-191.1576378190438
0.0
64.07950375617179;-15.177644397073335;-2526.378295639274
73.25888499540356;42710.92376890884;1928.030079808492
1.9992207674795495;449.5721442226616;-191.1575730472624
0.0
63.94068128873357;-15.164606605926936;-2512.80858911331
73.26906412005152;42695.0991819454;1926.4824176418763
1.999579028935965;449.892574789087;-191.3986674589079
0.0
66.81648920231844;-15.239232819351312;-2530.8496122651295
73.2575973796362;42734.50252802936;1928.6391053644627
1.9997099549927835;449.01873565759286;-191.2825789002038
0.0
64.07916351648535;-15.177574551247758;-2526.37746111853
73.25888401289893;42710.893531730704;1928.0284173587224
1.9992255810106738;449.57418831112636;-191.15757759514324
0.0
66.24087591605985;-15.211957955010252;-2535.8500434817047
73.25785448856426;42726.44181522581;1928.4740582780794
1.9997820528169319;449.0199159267356;-191.18166834281786
0.0
64.07975767618848;-15.17764417224699;-2526.37810672321
73.25888465108174;42710.90693110024;1928.0295916955708
1.9992224483245176;449.572855416805;-191.15751246618447
0.0
64.07975767618848;-15.17764417224699;-2526.37810672321
73.25888465108174;42710.90693110024;1928.0295916955708
1.9992224483245176;449.572855416805;-191.15751246618447
0.0
64.08003646061573;-15.177623827284272;-2526.378143244489
73.25888469796377;42710.89593518607;1928.0293807856117
1.999222235523455;449.5727720988579;-191.1574562794204
0.0
67.43507924265704;-15.23939778771703;-2532.3838211664706
73.25776398952743;42755.88700234905;1930.2737685245402
1.9992679664257287;448.4463814396333;-191.07227165118147
0.0
64.07975767618848;-15.17764417224699;-2526.37810672321
73.25888465108174;42710.90693110024;1928.0295916955708
1.9992224483245176;449.572855416805;-191.15751246618447
0.0
64.07975767618848;-15.17764417224699;-2526.37810672321
73.25888465108174;42710.90693110024;1928.0295916955708
1.9992224483245176;449.572855416805;-191.15751246618447
0.0
64.07975767618848;-15.17764417224699;-2526.37810672321
73.25888465108174;42710.90693110024;1928.0295916955708
1.9992224483245176;449.572855416805;-191.15751246618447
0.0
64.07975767618848;-15.17764417224699;-2526.37810672321
73.25888465108174;42710.90693110024;1928.0295916955708
1.9992224483245176;449.572855416805;-191.15751246618447
0.0
64.07975767618848;-15.17764417224699;-2526.37810672321
73.25888465108174;42710.90693110024;1928.0295916955708
1.9992224483245176;449.572855416805;-191.15751246618447
0.0
64.07975767618848;-15.17764417224699;-2526.37810672321
73.25888465108174;42710.90693110024;1928.0295916955708
1.9992224483245176;449.572855416805;-191.15751246618447
0.0
64.07975767618848;-15.17764417224699;-2526.37810672321
73.25888465108174;42710.90693110024;1928.0295916955708
1.9992224483245176;449.572855416805;-191.15751246618447
0.0
64.07975767618848;-15.17764417224699;-2526.37810672321
73.25888465108174;42710.90693110024;1928.0295916955708
1.9992224483245176;449.572855416805;-191.15751246618447
0.0
64.07975767618848;-15.17764417224699;-2526.37810672321
73.25888465108174;42710.90693110024;1928.0295916955708
1.9992224483245176;449.572855416805;-191.15751246618447
0.0
64.07975767618848;-15.17764417224699;-2526.37810672321
73.25888465108174;42710.90693110024;1928.0295916955708
1.9992224483245176;449.572855416805;-191.15751246618447
0.0
64.07975767618848;-15.17764417224699;-2526.37810672321
73.25888465108174;42710.90693110024;1928.0295916955708
1.9992224483245176;449.572855416805;-191.15751246618447
0.0
64.07975767618848;-15.17764417224699;-2526.37810672321
73.25888465108174;42710.90693110024;1928.0295916955708
1.9992224483245176;449.572855416805;-191.15751246618447
0.0
64.07975767618848;-15.17764417224699;-2526.37810672321
73.25888465108174;42710.90693110024;1928.0295916955708
1.9992224483245176;449.572855416805;-191.15751246618447
0.0
64.07975767618848;-15.17764417224699;-2526.37810672321
73.25888465108174;42710.90693110024;1928.0295916955708
1.9992224483245176;449.572855416805;-191.15751246618447
0.0
64.07975767618848;-15.17764417224699;-2526.37810672321
73.25888465108174;42710.90693110024;1928.0295916955708
1.9992224483245176;449.572855416805;-191.15751246618447
0.0
64.07975767618848;-15.17764417224699;-2526.37810672321
73.25888465108174;42710.90693110024;1928.0295916955708
1.9992224483245176;449.572855416805;-191.15751246618447
0.0
64.07975767618848;-15.17764417224699;-2526.37810672321
73.25888465108174;42710.90693110024;1928.0295916955708
1.9992224483245176;449.572855416805;-191.15751246618447
0.0
64.07975767618848;-15.17764417224699;-2526.37810672321
73.25888465108174;42710.90693110024;1928.0295916955708
1.9992224483245176;449.572855416805;-191.15751246618447
0.0
64.07975767618848;-15.17764417224699;-2526.37810672321
73.25888465108174;42710.90693110024;1928.0295916955708
1.9992224483245176;449.572855416805;-191.15751246618447
0.0
64.07975767618848;-15.17764417224699;-2526.37810672321
73.25888465108174;42710.90693110024;1928.0295916955708
1.9992224483245176;449.572855416805;-191.15751246618447
0.0
64.07975767618848;-15.17764417224699;-2526.37810672321
73.25888465108174;42710.90693110024;1928.0295916955708
1.9992224483245176;449.572855416805;-191.15751246618447
0.0
64.07975767618848;-15.17764417224699;-2526.37810672321
73.25888465108174;42710.90693110024;1928.0295916955708
1.9992224483245176;449.572855416805;-191.15751246618447
0.0
64.07975767618848;-15.17764417224699;-2526.37810672321
73.25888465108174;42710.90693110024;1928.0295916955708
1.9992224483245176;449.572855416805;-191.15751246618447
0.0
64.07975767618848;-15.17764417224699;-2526.37810672321
73.25888465108174;42710.90693110024;1928.0295916955708
1.9992224483245176;449.572855416805;-191.15751246618447
0.0
64.07975767618848;-15.17764417224699;-2526.37810672321
73.25888465108174;42710.90693110024;1928.0295916955708
1.9992224483245176;449.572855416805;-191.15751246618447
0.0
64.07975767618848;-15.17764417224699;-2526.37810672321
73.25888465108174;42710.90693110024;1928.0295916955708
1.9992224483245176;449.572855416805;-191.15751246618447
0.0
64.07975767618848;-15.17764417224699;-2526.37810672321
73.25888465108174;42710.90693110024;1928.0295916955708
1.9992224483245176;449.572855416805;-191.15751246618447
0.0
64.07975767618848;-15.17764417224699;-2526.37810672321
73.25888465108174;42710.90693110024;1928.0295916955708
1.9992224483245176;449.572855416805;-191.15751246618447
0.0
64.07975767618848;-15.17764417224699;-2526.37810672321
73.25888465108174;42710.90693110024;1928.0295916955708
1.9992224483245176;449.572855416805;-191.15751246618447
0.0
64.07975767618848;-15.17764417224699;-2526.37810672321
73.25888465108174;42710.90693110024;1928.0295916955708
1.9992224483245176;449.572855416805;-191.15751246618447
0.0
64.07975767618848;-15.17764417224699;-2526.37810672321
73.25888465108174;42710.90693110024;1928.0295916955708
1.9992224483245176;449.572855416805;-191.15751246618447
0.0
64.07975767618848;-15.17764417224699;-2526.37810672321
73.25888465108174;42710.90693110024;1928.0295916955708
1.9992224483245176;449.572855416805;-191.15751246618447
0.0
64.07975767618848;-15.17764417224699;-2526.37810672321
73.25888465108174;42710.90693110024;1928.0295916955708
1.9992224483245176;449.572855416805;-191.15751246618447
0.0
64.07975767618848;-15.17764417224699;-2526.37810672321
73.25888465108174;42710.90693110024;1928.0295916955708
1.9992224483245176;449.572855416805;-191.15751246618447
0.0
64.07975767618848;-15.17764417224699;-2526.37810672321
73.25888465108174;42710.90693110024;1928.0295916955708
1.9992224483245176;449.572855416805;-191.15751246618447
0.0
64.07975767618848;-15.17764417224699;-2526.37810672321
73.25888465108174;42710.90693110024;1928.0295916955708
1.9992224483245176;449.572855416805;-191.15751246618447
0.0
64.07975767618848;-15.17764417224699;-2526.37810672321
73.25888465108174;42710.90693110024;1928.0295916955708
1.9992224483245176;449.572855416805;-191.15751246618447
0.0
64.07975767618848;-15.17764417224699;-2526.37810672321
73.25888465108174;42710.90693110024;1928.0295916955708
1.9992224483245176;449.572855416805;-191.15751246618447
0.0
64.07975767618848;-15.17764417224699;-2526.37810672321
73.25888465108174;42710.90693110024;1928.0295916955708
1.9992224483245176;449.572855416805;-191.15751246618447
0.0
64.07975767618848;-15.17764417224699;-2526.37810672321
73.25888465108174;42710.90693110024;1928.0295916955708
1.9992224483245176;449.572855416805;-191.15751246618447
0.0
64.07975767618848;-15.17764417224699;-2526.37810672321
73.25888465108174;42710.90693110024;1928.0295916955708
1.9992224483245176;449.572855416805;-191.15751246618447
0.0
64.07975767618848;-15.17764417224699;-2526.37810672321
73.25888465108174;42710.90693110024;1928.0295916955708
1.9992224483245176;449.572855416805;-191.15751246618447
0.0
64.07975767618848;-15.17764417224699;-2526.37810672321
73.25888465108174;42710.90693110024;1928.0295916955708
1.9992224483245176;449.572855416805;-191.15751246618447
0.0
64.07975767618848;-15.17764417224699;-2526.37810672321
73.25888465108174;42710.90693110024;1928.0295916955708
1.9992224483245176;449.572855416805;-191.15751246618447
0.0
64.07975767618848;-15.17764417224699;-2526.37810672321
73.25888465108174;42710.90693110024;1928.0295916955708
1.9992224483245176;449.572855416805;-191.15751246618447
0.0
64.07975767618848;-15.17764417224699;-2526.37810672321
73.25888465108174;42710.90693110024;1928.0295916955708
1.9992224483245176;449.572855416805;-191.15751246618447
0.0
64.07975767618848;-15.17764417224699;-2526.37810672321
73.25888465108174;42710.90693110024;1928.0295916955708
1.9992224483245176;449.572855416805;-191.15751246618447
0.0
64.07975767618848;-15.17764417224699;-2526.37810672321
73.25888465108174;42710.90693110024;1928.0295916955708
1.9992224483245176;449.572855416805;-191.15751246618447
0.0
64.07975767618848;-15.17764417224699;-2526.37810672321
73.25888465108174;42710.90693110024;1928.0295916955708
1.9992224483245176;449.572855416805;-191.15751246618447
0.0
64.07975767618848;-15.17764417224699;-2526.37810672321
73.25888465108174;42710.90693110024;1928.0295916955708
1.9992224483245176;449.572855416805;-191.15751246618447
0.0
64.07975767618848;-15.17764417224699;-2526.37810672321
73.25888465108174;42710.90693110024;1928.0295916955708
1.9992224483245176;449.572855416805;-191.15751246618447
0.0
64.07975767618848;-15.17764417224699;-2526.37810672321
73.25888465108174;42710.90693110024;1928.0295916955708
1.9992224483245176;449.572855416805;-191.15751246618447
0.0
64.07975767618848;-15.17764417224699;-2526.37810672321
73.25888465108174;42710.90693110024;1928.0295916955708
1.9992224483245176;449.572855416805;-191.15751246618447
0.0
64.07975767618848;-15.17764417224699;-2526.37810672321
73.25888465108174;42710.90693110024;1928.0295916955708
1.9992224483245176;449.572855416805;-191.15751246618447
0.0
64.07975767618848;-15.17764417224699;-2526.37810672321
73.25888465108174;42710.90693110024;1928.0295916955708
1.9992224483245176;449.572855416805;-191.15751246618447
0.0
64.07975767618848;-15.17764417224699;-2526.37810672321
73.25888465108174;42710.90693110024;1928.0295916955708
1.9992224483245176;449.572855416805;-191.15751246618447
0.0
64.07975767618848;-15.17764417224699;-2526.37810672321
73.25888465108174;42710.90693110024;1928.0295916955708
1.9992224483245176;449.572855416805;-191.15751246618447
0.0
64.07975767618848;-15.17764417224699;-2526.37810672321
73.25888465108174;42710.90693110024;1928.0295916955708
1.9992224483245176;449.572855416805;-191.15751246618447
0.0
64.07975767618848;-15.17764417224699;-2526.37810672321
73.25888465108174;42710.90693110024;1928.0295916955708
1.9992224483245176;449.572855416805;-191.15751246618447
0.0
64.07975767618848;-15.17764417224699;-2526.37810672321
73.25888465108174;42710.90693110024;1928.0295916955708
1.9992224483245176;449.572855416805;-191.15751246618447
0.0
64.07975767618848;-15.17764417224699;-2526.37810672321
73.25888465108174;42710.90693110024;1928.0295916955708
1.9992224483245176;449.572855416805;-191.15751246618447
0.0
64.07975767618848;-15.17764417224699;-2526.37810672321
73.25888465108174;42710.90693110024;1928.0295916955708
1.9992224483245176;449.572855416805;-191.15751246618447
0.0
64.07975767618848;-15.17764417224699;-2526.37810672321
73.25888465108174;42710.90693110024;1928.0295916955708
1.9992224483245176;449.572855416805;-191.15751246618447
0.0
64.07975767618848;-15.17764417224699;-2526.37810672321
73.25888465108174;42710.90693110024;1928.0295916955708
1.9992224483245176;449.572855416805;-191.15751246618447
0.0
64.07975767618848;-15.17764417224699;-2526.37810672321
73.25888465108174;42710.90693110024;1928.0295916955708
1.9992224483245176;449.572855416805;-191.15751246618447
0.0
64.07975767618848;-15.17764417224699;-2526.37810672321
73.25888465108174;42710.90693110024;1928.0295916955708
1.9992224483245176;449.572855416805;-191.15751246618447
0.0
64.07975767618848;-15.17764417224699;-2526.37810672321
73.25888465108174;42710.90693110024;1928.0295916955708
1.9992224483245176;449.572855416805;-191.15751246618447
0.0
64.07975767618848;-15.17764417224699;-2526.37810672321
73.25888465108174;42710.90693110024;1928.0295916955708
1.9992224483245176;449.572855416805;-191.15751246618447
0.0
64.07975767618848;-15.17764417224699;-2526.37810672321
73.25888465108174;42710.90693110024;1928.0295916955708
1.9992224483245176;449.572855416805;-191.15751246618447
0.0
64.07975767618848;-15.17764417224699;-2526.37810672321
73.25888465108174;42710.90693110024;1928.0295916955708
1.9992224483245176;449.572855416805;-191.15751246618447
0.0
64.07975767618848;-15.17764417224699;-2526.37810672321
73.25888465108174;42710.90693110024;1928.0295916955708
1.9992224483245176;449.572855416805;-191.15751246618447
0.0
64.07975767618848;-15.17764417224699;-2526.37810672321
73.25888465108174;42710.90693110024;1928.0295916955708
1.9992224483245176;449.572855416805;-191.15751246618447
0.0
64.07975767618848;-15.17764417224699;-2526.37810672321
73.25888465108174;42710.90693110024;1928.0295916955708
1.9992224483245176;449.572855416805;-191.15751246618447
0.0
64.07975767618848;-15.17764417224699;-2526.37810672321
73.25888465108174;42710.90693110024;1928.0295916955708
1.9992224483245176;449.572855416805;-191.15751246618447
0.0
64.07975767618848;-15.17764417224699;-2526.37810672321
73.25888465108174;42710.90693110024;1928.0295916955708
1.9992224483245176;449.572855416805;-191.15751246618447
0.0
64.07975767618848;-15.17764417224699;-2526.37810672321
73.25888465108174;42710.90693110024;1928.0295916955708
1.9992224483245176;449.572855416805;-191.15751246618447
0.0
64.07975767618848;-15.17764417224699;-2526.37810672321
73.25888465108174;42710.90693110024;1928.0295916955708
1.9992224483245176;449.572855416805;-191.15751246618447
0.0
64.07975767618848;-15.17764417224699;-2526.37810672321
73.25888465108174;42710.90693110024;1928.0295916955708
1.9992224483245176;449.572855416805;-191.15751246618447
0.0
64.07975767618848;-15.17764417224699;-2526.37810672321
73.25888465108174;42710.90693110024;1928.0295916955708
1.9992224483245176;449.572855416805;-191.15751246618447
0.0
64.07975767618848;-15.17764417224699;-2526.37810672321
73.25888465108174;42710.90693110024;1928.0295916955708
1.9992224483245176;449.572855416805;-191.15751246618447
0.0
64.07975767618848;-15.17764417224699;-2526.37810672321
73.25888465108174;42710.90693110024;1928.0295916955708
1.9992224483245176;449.572855416805;-191.15751246618447
0.0
64.07975767618848;-15.17764417224699;-2526.37810672321
73.25888465108174;42710.90693110024;1928.0295916955708
1.9992224483245176;449.572855416805;-191.15751246618447
0.0
64.07975767618848;-15.17764417224699;-2526.37810672321
73.25888465108174;42710.90693110024;1928.0295916955708
1.9992224483245176;449.572855416805;-191.15751246618447
0.0
64.07975767618848;-15.17764417224699;-2526.37810672321
73.25888465108174;42710.90693110024;1928.0295916955708
1.9992224483245176;449.572855416805;-191.15751246618447
0.0
64.07975767618848;-15.17764417224699;-2526.37810672321
73.25888465108174;42710.90693110024;1928.0295916955708
1.9992224483245176;449.572855416805;-191.15751246618447
0.0
64.07975767618848;-15.17764417224699;-2526.37810672321
73.25888465108174;42710.90693110024;1928.0295916955708
1.9992224483245176;449.572855416805;-191.15751246618447
0.0
64.07975767618848;-15.17764417224699;-2526.37810672321
73.25888465108174;42710.90693110024;1928.0295916955708
1.9992224483245176;449.572855416805;-191.15751246618447
0.0
64.07975767618848;-15.17764417224699;-2526.37810672321
73.25888465108174;42710.90693110024;1928.0295916955708
1.9992224483245176;449.572855416805;-191.15751246618447
0.0
64.07975767618848;-15.17764417224699;-2526.37810672321
73.25888465108174;42710.90693110024;1928.0295916955708
1.9992224483245176;449.572855416805;-191.15751246618447
0.0
64.07975767618848;-15.17764417224699;-2526.37810672321
73.25888465108174;42710.90693110024;1928.0295916955708
1.9992224483245176;449.572855416805;-191.15751246618447
0.0
64.07975767618848;-15.17764417224699;-2526.37810672321
73.25888465108174;42710.90693110024;1928.0295916955708
1.9992224483245176;449.572855416805;-191.15751246618447
0.0
64.07975767618848;-15.17764417224699;-2526.37810672321
73.25888465108174;42710.90693110024;1928.0295916955708
1.9992224483245176;449.572855416805;-191.15751246618447
0.0
64.07975767618848;-15.17764417224699;-2526.37810672321
73.25888465108174;42710.90693110024;1928.0295916955708
1.9992224483245176;449.572855416805;-191.15751246618447
0.0
64.07975767618848;-15.17764417224699;-2526.37810672321
73.25888465108174;42710.90693110024;1928.0295916955708
1.9992224483245176;449.572855416805;-191.15751246618447
0.0
64.07975767618848;-15.17764417224699;-2526.37810672321
73.25888465108174;42710.90693110024;1928.0295916955708
1.9992224483245176;449.572855416805;-191.15751246618447
0.0
64.07975767618848;-15.17764417224699;-2526.37810672321
73.25888465108174;42710.90693110024;1928.0295916955708
1.9992224483245176;449.572855416805;-191.15751246618447
0.0
64.07975767618848;-15.17764417224699;-2526.37810672321
73.25888465108174;42710.90693110024;1928.0295916955708
1.9992224483245176;449.572855416805;-191.15751246618447
0.0
64.07975767618848;-15.17764417224699;-2526.37810672321
73.25888465108174;42710.90693110024;1928.0295916955708
1.9992224483245176;449.572855416805;-191.15751246618447
0.0
64.07975767618848;-15.17764417224699;-2526.37810672321
73.25888465108174;42710.90693110024;1928.0295916955708
1.9992224483245176;449.572855416805;-191.15751246618447
0.0
64.07975767618848;-15.17764417224699;-2526.37810672321
73.25888465108174;42710.90693110024;1928.0295916955708
1.9992224483245176;449.572855416805;-191.15751246618447
0.0
64.07975767618848;-15.17764417224699;-2526.37810672321
73.25888465108174;42710.90693110024;1928.0295916955708
1.9992224483245176;449.572855416805;-191.15751246618447
0.0
64.07975767618848;-15.17764417224699;-2526.37810672321
73.25888465108174;42710.90693110024;1928.0295916955708
1.9992224483245176;449.572855416805;-191.15751246618447
0.0
64.07975767618848;-15.17764417224699;-2526.37810672321
73.25888465108174;42710.90693110024;1928.0295916955708
1.9992224483245176;449.572855416805;-191.15751246618447
0.0
64.07975767618848;-15.17764417224699;-2526.37810672321
73.25888465108174;42710.90693110024;1928.0295916955708
1.9992224483245176;449.572855416805;-191.15751246618447
0.0
64.07975767618848;-15.17764417224699;-2526.37810672321
73.25888465108174;42710.90693110024;1928.0295916955708
1.9992224483245176;449.572855416805;-191.15751246618447
0.0
64.07975767618848;-15.17764417224699;-2526.37810672321
73.25888465108174;42710.90693110024;1928.0295916955708
1.9992224483245176;449.572855416805;-191.15751246618447
0.0
64.07975767618848;-15.17764417224699;-2526.37810672321
73.25888465108174;42710.90693110024;1928.0295916955708
1.9992224483245176;449.572855416805;-191.15751246618447
0.0
64.07975767618848;-15.17764417224699;-2526.37810672321
73.25888465108174;42710.90693110024;1928.0295916955708
1.9992224483245176;449.572855416805;-191.15751246618447
0.0
64.07975767618848;-15.17764417224699;-2526.37810672321
73.25888465108174;42710.90693110024;1928.0295916955708
1.9992224483245176;449.572855416805;-191.15751246618447
0.0
64.07975767618848;-15.17764417224699;-2526.37810672321
73.25888465108174;42710.90693110024;1928.0295916955708
1.9992224483245176;449.572855416805;-191.15751246618447
