200
4
0.0
60.10666557383239;-15.094911730227086;-2316.0641275374237
73.77678631676966;42884.791310654524;1925.318542858522
1.9997671430996173;449.972871616839;-193.75560289498546
0.0
60.111400404173615;-15.09492689642406;-2317.2393944989594
73.7760911810094;42884.56998004835;1925.3657836412704
1.9997863762881711;449.96678784756114;-193.7373941544075
0.0
60.11112198106178;-15.09439602862373;-2317.2568760001527
73.77622780923674;42884.34063234862;1925.3560788221068
1.9998176033576154;449.9639527729949;-193.73663628019594
0.0
60.11380391382376;-15.097199678976144;-2317.61100810503
73.7760481592845;42885.32074037333;1925.4147273684237
1.9997583328274957;449.9646033381664;-193.73451067946635
0.0
60.116169234844705;-15.097480230756354;-2317.898919632894
73.77529324528206;42885.06494078417;1925.417301132273
1.999717419152926;449.9981955460072;-193.7307146641524
0.0
60.144034733748455;-15.099015288070413;-2322.1624638521794
73.77674060796214;42881.75654622442;1925.441533356953
1.9996635101934852;449.9995071626896;-193.684919597712
0.0
60.17480696848277;-15.10241620531189;-2327.86978825133
73.76256089276;42880.51745149942;1925.6295058907642
1.9998736264840844;449.9600802091619;-193.6162034522973
0.0
60.185433540237675;-15.101142297974212;-2328.4391157507184
73.76311620087944;42877.472399422484;1925.5212797744205
1.9996976004251017;449.9970108764327;-193.61147298583677
0.0
60.18624795434912;-15.101601547960055;-2328.694230723383
73.76405291931059;42877.362205747755;1925.5245659621385
1.9997231130604636;449.98310520371143;-193.6091216432912
0.0
60.193382053985644;-15.100690048017555;-2329.027063232231
73.76488529680957;42876.130637590155;1925.4848007221347
1.9998876427160142;449.94400768232305;-193.60847789941485
0.0
60.22807876237849;-15.107565388080692;-2331.057273001143
73.74907280477534;42878.14699841293;1925.7283667212557
1.9995279475037175;449.9821699681957;-193.57720476760431
0.0
60.22572874081808;-15.108141828861832;-2330.9428167893248
73.74886077764471;42878.94619626433;1925.7624540079694
1.9995211398247694;449.983500890574;-193.5762647867007
0.0
60.22572874081808;-15.108141828861832;-2330.9428167893248
73.74886077764471;42878.94619626433;1925.7624540079694
1.9995211398247694;449.983500890574;-193.5762647867007
0.0
60.22572874081808;-15.108141828861832;-2330.9428167893248
73.74886077764471;42878.94619626433;1925.7624540079694
1.9995211398247694;449.983500890574;-193.5762647867007
0.0
60.22572874081808;-15.108141828861832;-2330.9428167893248
73.74886077764471;42878.94619626433;1925.7624540079694
1.9995211398247694;449.983500890574;-193.5762647867007
0.0
60.22572874081808;-15.108141828861832;-2330.9428167893248
73.74886077764471;42878.94619626433;1925.7624540079694
1.9995211398247694;449.983500890574;-193.5762647867007
0.0
60.23183231410457;-15.10572413435524;-2331.5946891448752
73.74920423456129;42876.67726114664;1925.6868716985616
1.999588547217171;449.98167630456624;-193.5689354210797
0.0
60.23179407858446;-15.105091504596444;-2333.4537958870023
73.74637097635022;42877.57771005703;1925.7952752751678
1.9999768371440523;449.8950356228146;-193.54240343011662
0.0
60.243502719936956;-15.102755770768455;-2333.9964599698665
73.752755654108;42873.54643044436;1925.647476602255
1.999509747923661;449.98588140118187;-193.53611830788518
0.0
60.24464897858152;-15.10297568278943;-2334.1978020821575
73.75317853720927;42873.51621702458;1925.6544678402977
1.9995474005846932;449.97406678209774;-193.53371868808244
0.0
60.24464278661596;-15.102833709325079;-2334.200769336953
73.75320233468496;42873.452848673456;1925.651793598965
1.9995608093681092;449.97104795195963;-193.5335835792293
0.0
60.24519434382443;-15.102304563800985;-2334.3403786429067
73.754402647537;42873.17276988412;1925.6455051714875
1.9994707714260138;449.97879861422786;-193.53120601239772
0.0
60.24522526947688;-15.102200817475397;-2334.3478949479627
73.75445412379665;42873.12208301261;1925.643676266654
1.9994781626413638;449.97740053145037;-193.5309832014748
0.0
60.266572208272585;-15.10694995040316;-2338.3975411087663
73.74642847452546;42873.918909875734;1925.8369099135796
1.9998501179455976;449.94025462398656;-193.48784536930955
0.0
60.47066805360943;-15.111062657168626;-2350.5357438908004
73.72433543310113;42860.38330265589;1926.2261393569809
1.9997639235285276;449.960988006011;-193.23426977731256
0.0
63.91045467231671;-15.22739436993968;-2497.662878837586
73.26087905458543;42734.89578388596;1927.110788157489
1.9994002424915294;449.99372552760644;-191.86253414794422
0.0
63.93928046901211;-15.219965604454613;-2504.6249613656964
73.26094738363825;42729.079052247114;1927.083794418759
1.999842824721324;449.8625150791909;-191.77531638468125
0.0
63.65399097979606;-15.169615483882312;-2515.005112630577
73.28504008133807;42712.79851528547;1926.6908592249772
1.9994915343545525;449.9532425412465;-191.5844783004229
0.0
63.70595244996524;-15.176451402545402;-2516.8065921724346
73.28190344675737;42713.79221986101;1926.793417914755
1.9995967503743672;449.913613876992;-191.576570418873
0.0
63.938002128047806;-15.211730998319428;-2522.6167201103976
73.26189039587334;42716.864354009806;1927.1374963930102
1.9996229595780588;449.86162126280783;-191.5571391588098
0.0
63.91997607468097;-15.206396953406596;-2524.134058668316
73.26217502126906;42716.69573279493;1927.212213117236
1.9993986795713554;449.9515623284596;-191.52318999087444
0.0
63.84365262239903;-15.173673008594061;-2526.644193592007
73.26999322957192;42706.795443820745;1926.9832441333551
1.9993660878698643;449.99051104763726;-191.41700387436674
0.0
63.91802410656992;-15.178081956185453;-2533.2129808325903
73.26480043426389;42707.84520285825;1927.2893482436298
1.999790146995776;449.8506410887757;-191.34192352902517
0.0
64.00658435897478;-15.210464889700475;-2535.716750379929
73.25823814681843;42728.353452206466;1928.3611433547208
1.9999840912588858;449.7967112717335;-191.32950605804962
0.0
64.00948248311424;-15.209164086229187;-2536.088524335969
73.258244173689;42726.37685040447;1928.3008629308215
1.9999508681888667;449.7724429305057;-191.318605146208
0.0
64.00031695980725;-15.197495908645372;-2538.9548834746374
73.25841138430206;42717.856120570876;1928.0322124169868
1.9998258624519778;449.8378571897077;-191.2710322616204
0.0
64.02032431451613;-15.186238511462115;-2539.471635585947
73.25857310364337;42710.61312552684;1927.733134762894
1.9998411017901558;449.8372451280404;-191.25654497124825
0.0
64.06724617441976;-15.209023063840156;-2536.880886242592
73.25801197857143;42745.41147533002;1929.5417741210654
1.9998799069153408;449.5303233974343;-191.21525482474772
0.0
64.07262591087374;-15.2066424254382;-2539.0852265643366
73.25806220201771;42740.97157878667;1929.3692869171819
1.9998636780013075;449.49803627744194;-191.20070583806003
0.0
60.12535836949072;-15.100017201728024;-2319.228440461301
73.77578301136754;42884.9355210969;1925.4682368932752
1.9997725123407102;449.97415705366274;-193.7158192536108
0.0
60.175889911561825;-15.102350729756486;-2327.954287878997
73.76266414883563;42880.12482011223;1925.6139610750843
1.9999078052322008;449.96110037992;-193.61603537326616
0.0
60.2509085990501;-15.103178172008501;-2335.569808283032
73.75069133344915;42872.797862350635;1925.681289696726
1.9995394762894874;449.9848658872671;-193.5164098090522
0.0
60.28331803596185;-15.106606583776088;-2339.7343456406707
73.74716033266694;42872.01215072288;1925.8128050269838
1.9999143802862547;449.9428844903388;-193.47597068724363
0.0
60.322522311468134;-15.11331542649174;-2342.2260658897035
73.7352920881513;42870.56377671834;1925.9060104811238
1.9997555881233497;449.9803978747289;-193.44321375542074
0.0
63.95182528527566;-15.220466553221428;-2513.1936574121737
73.25888516025515;42723.42730908623;1927.1519618452028
1.9999636905821931;449.89346705882326;-191.66420371212317
0.0
63.9513784987709;-15.22018121467076;-2513.59154462045
73.25890111029742;42723.29126916971;1927.1664128743262
1.9999401142641748;449.907933373107;-191.65694015805718
0.0
63.96017728907203;-15.225682143329315;-2516.5708987476924
73.25884501040122;42726.75636693809;1927.4393668584164
1.9998899457235173;449.9236004887782;-191.62204902037718
0.0
63.959987250308934;-15.225660786252671;-2516.9374277606485
73.25884026224901;42726.902772367925;1927.4627146667642
1.999861026318237;449.93440592319223;-191.61643288793337
0.0
63.725583932451315;-15.16606153066279;-2517.5951322422084
73.28603958684698;42707.28950897007;1926.5511437389785
1.9999359979765376;449.909743682875;-191.55498690901354
0.0
63.93251492344468;-15.214062599340604;-2521.7679240173866
73.26141077225998;42719.15952064385;1927.2507147906522
1.9996937253268978;449.96409714692277;-191.55330925938003
0.0
63.66902097158534;-15.166260322496457;-2517.497802925055
73.28411398273494;42711.49661859119;1926.7477859502321
1.9997223338082792;449.92766635169124;-191.54565215678048
0.0
63.92770036004955;-15.206840848220866;-2522.055845973439
73.26287418225785;42716.077343136785;1927.1419958573774
1.9995517677644072;449.9555268610189;-191.5396570625777
0.0
63.840262303412445;-15.191092383288145;-2521.1467612446745
73.26950777198127;42714.1255567693;1927.027171907804
1.9998027922927955;449.91073829559247;-191.52292887973815
0.0
63.94158264763524;-15.211791018187832;-2524.49299066309
73.260799342279;42717.23001372146;1927.2699756740435
1.9998305442118653;449.8680672905692;-191.51416048567742
0.0
63.95438421416984;-15.214912482298086;-2525.6368859267172
73.25988825387878;42718.2029123385;1927.3565436001854
1.9998304015452188;449.8816748135051;-191.50219363929597
0.0
63.97028343736461;-15.203861615366815;-2532.9451577781324
73.25939000950196;42717.40058939818;1927.5969721745912
1.9996602390785128;449.8838300712094;-191.41034171938387
0.0
63.9394824711802;-15.195531932097126;-2530.815035366366
73.2632568158611;42710.80363856887;1927.264963311806
1.9996268749199078;449.9324184497559;-191.40628732635486
0.0
63.83427734969178;-15.172049467548833;-2526.621888880228
73.27105281907656;42705.943806627045;1926.9684008381178
1.9994655292923715;449.9788760158321;-191.40530812868064
0.0
63.93474816403737;-15.194802880972343;-2531.2037267325195
73.26333479009692;42710.50357776549;1927.2541968844107
1.9995148480432618;449.9764625391513;-191.40387611792602
0.0
63.87637940017082;-15.171838436951326;-2527.7448557670737
73.2685136576762;42707.62219467473;1927.095113896818
1.9994124764948351;449.9864029812264;-191.39627254703677
0.0
63.99621049628606;-15.204303863708864;-2538.447125996552
73.25842952914267;42718.30485111269;1928.0003413347476
1.999961730125273;449.8534495467196;-191.28858171546997
0.0
64.07791437444736;-15.200918226565646;-2542.4490992818723
73.25819161326721;42736.74517833645;1929.3184920831372
1.9999677212741065;449.53765704279675;-191.15311970696885
0.0
60.423647264883385;-15.107015373948665;-2351.8767818143774
73.71489369773631;42860.62054552537;1925.9380070924733
1.999596683923422;449.9900494660102;-193.32003310629023
0.0
63.851963947987336;-15.19526916904479;-2511.0471890190797
73.26901040946743;42715.38571003083;1926.5995866050896
1.9996904692795194;449.98642478448033;-191.7022998224155
0.0
63.71269441984647;-15.177468767580555;-2515.93567765892
73.28319603898525;42714.009221890185;1926.7850041063828
1.9998340913982922;449.97839057913814;-191.5836623442452
0.0
63.947465385515294;-15.214098156967667;-2525.0011915654823
73.26038200585293;42718.13219915305;1927.3276528539725
1.9998550685831875;449.87805704364155;-191.5096622206001
0.0
63.7912525455443;-15.18311913805955;-2521.022119206833
73.27348787086113;42709.26268829861;1926.8230044614609
1.9997597796556241;449.9492240372199;-191.50382525396805
0.0
63.80065061742442;-15.181949121172574;-2522.1474144064205
73.2726931043869;42709.3776612216;1926.8627571373775
1.999843921083082;449.89670743092904;-191.49487695761275
0.0
63.931704274737776;-15.202880927681795;-2525.9851955468616
73.2620417714143;42713.42544508944;1927.2237123002774
1.9995553007718605;449.9612724792592;-191.46288808400408
0.0
63.93313098294803;-15.193511007894958;-2531.4973571941373
73.263186996937;42711.09846245525;1927.2891597119963
1.9995378038266745;449.98056044369747;-191.4014444863561
0.0
63.911935043161634;-15.19107480541734;-2531.039668861936
73.26496039024303;42709.77928060639;1927.2164676140028
1.9998083359059116;449.9169366518683;-191.3989188154964
0.0
63.90373349837293;-15.186622056533707;-2530.7136980089713
73.26571172733796;42708.10972254934;1927.1315011539994
1.9998000910031664;449.93114711985066;-191.39800023629164
0.0
63.81403566180223;-15.184524837525066;-2521.9862531054973
73.27237178958829;42710.47958068893;1926.9028729439779
1.999937205840717;449.90645166148795;-191.49992239531642
0.0
63.9376528097984;-15.210123010346164;-2526.2164732873466
73.26077268303446;42716.92821434023;1927.2977692259904
1.9996729097149482;449.99522040692716;-191.499693161218
0.0
63.95024937972041;-15.212748837563968;-2526.517274573743
73.26048000945686;42717.010141011706;1927.3882679310743
1.9998153166382655;449.9556563249012;-191.46986821863928
0.0
63.95861421217028;-15.21406329197999;-2527.6724525069203
73.25981999980067;42718.01684908376;1927.449203556634
1.999909701323268;449.88166807401615;-191.4670892302248
0.0
63.814659485638096;-15.178475341257036;-2523.9162413480544
73.27462985552357;42706.54011050407;1926.831738937723
1.9998692830494291;449.9264759677514;-191.45975488094578
0.0
63.84413445473201;-15.182749362333054;-2525.4308101492816
73.2696102336433;42709.86009267608;1927.0542462254243
1.9997958921274854;449.9515379167007;-191.44444942510412
0.0
63.929739925636106;-15.197621112976046;-2529.1757134737513
73.26282750073861;42712.30583025735;1927.23617270632
1.9996607281930554;449.962242504962;-191.44023981043244
0.0
64.02247564945569;-15.207630380251281;-2538.7975380136413
73.25824669012033;42719.92726696261;1928.0121577791847
1.999852621376967;449.9125356097317;-191.31355114869814
0.0
64.02247564945569;-15.207630380251281;-2538.7975380136413
73.25824669012033;42719.92726696261;1928.0121577791847
1.999852621376967;449.9125356097317;-191.31355114869814
0.0
64.02247564945569;-15.207630380251281;-2538.7975380136413
73.25824669012033;42719.92726696261;1928.0121577791847
1.999852621376967;449.9125356097317;-191.31355114869814
0.0
63.97109225047867;-15.20610490657594;-2528.902203804478
73.25906121952461;42718.97810565998;1927.6106410420923
1.9999243594339078;449.9647086231505;-191.4312941262244
0.0
63.88280985470343;-15.17700708080616;-2532.313134770629
73.26835447478368;42708.03018598326;1927.2814669727195
1.9999134503706457;449.97110146528615;-191.3379764575312
0.0
63.88590623901552;-15.177077499694184;-2532.4282127117754
73.26799233493172;42707.95422358063;1927.2842933053744
1.9998341228440635;449.96278611443626;-191.33687145440203
0.0
63.99525828191829;-15.201273683420263;-2538.3207598532777
73.25846855383405;42716.79137211971;1927.9242675645535
1.9999843685533574;449.89482596820204;-191.28923386154017
0.0
63.99597834838193;-15.183990610305763;-2539.3430900747708
73.25872413113795;42710.130636529975;1927.6774932761064
1.999976841562693;449.97834750441024;-191.262930363024
0.0
63.995852870465605;-15.182865824709031;-2538.904849136334
73.25879861801513;42709.773016881096;1927.6598762397646
1.9999535499359655;449.9887260723235;-191.26288200031976
0.0
63.995852870465605;-15.182865824709031;-2538.904849136334
73.25879861801513;42709.773016881096;1927.6598762397646
1.9999535499359655;449.9887260723235;-191.26288200031976
0.0
63.995852870465605;-15.182865824709031;-2538.904849136334
73.25879861801513;42709.773016881096;1927.6598762397646
1.9999535499359655;449.9887260723235;-191.26288200031976
0.0
60.10713057164486;-15.095678583560403;-2316.2350066810127
73.77778577798273;42885.633036263396;1925.3726045154408
1.9997978579636058;449.98349452399185;-193.74903488302363
0.0
60.111306735385185;-15.096322863507025;-2317.2104738623243
73.77702982226995;42884.93107400193;1925.373219998913
1.9999387912556215;449.9311000110758;-193.7401225512168
0.0
60.11180487412957;-15.096546331654057;-2317.2725173763847
73.77617835753371;42885.103696011094;1925.3853535542617
1.9997034523089492;449.97711256754343;-193.7393082380708
0.0
60.11180487412957;-15.096546331654057;-2317.2725173763847
73.77617835753371;42885.103696011094;1925.3853535542617
1.9997034523089492;449.97711256754343;-193.7393082380708
0.0
60.11180487412957;-15.096546331654057;-2317.2725173763847
73.77617835753371;42885.103696011094;1925.3853535542617
1.9997034523089492;449.97711256754343;-193.7393082380708
0.0
60.11176677190664;-15.096507139980355;-2317.2800254476647
73.77617863365236;42885.05732371975;1925.3831049147395
1.9997376521005403;449.97521937646275;-193.7393069161847
0.0
60.1118343171189;-15.096546830864296;-2317.2715132748676
73.77617823042395;42885.11222272303;1925.385967341497
1.9997045127219524;449.97668815695323;-193.73924090902827
0.0
60.11221785793888;-15.09660896907059;-2317.272515480242
73.77609676950566;42885.26597750821;1925.394974086961
1.9997411776803249;449.964252365887;-193.73891893534986
0.0
60.11217975805849;-15.096569778734157;-2317.280023624016
73.7760970456099;42885.21960488836;1925.3927254217208
1.9997753759952053;449.9623592986572;-193.73891761829623
0.0
60.18544659928478;-15.10185421828509;-2328.6730640485534
73.76405438524418;42877.83432608383;1925.546544051369
1.9996957933694757;449.9768338905813;-193.60842422002804
0.0
60.2243983510541;-15.107446091923988;-2331.2219939022966
73.74982824752176;42878.91877737002;1925.773663523896
1.9995581390048063;449.9800811643554;-193.57015769221385
0.0
60.24199863931627;-15.109351428936185;-2333.58508664652
73.74585917603335;42879.648663926026;1925.9256411332335
1.9995006157588247;449.99992304815095;-193.53710814056518
0.0
60.24110413984495;-15.103332354852382;-2333.882632828346
73.75254341424304;42874.34519010759;1925.6815663224727
1.9995029514454596;449.98721234135667;-193.53517348346776
0.0
60.24462421735593;-15.103221387573425;-2334.187318371879
73.75310328320029;42873.63026402511;1925.658970680341
1.9995265998276412;449.9784835284623;-193.53407657121423
0.0
60.24461803195361;-15.103079417640409;-2334.190285600526
73.7531270801059;42873.566897479235;1925.6562965058356
1.9995400084427088;449.9754647597611;-193.5339414706293
0.0
60.245025224388904;-15.103181586192855;-2334.327404549601
73.75312475641176;42873.5931343072;1925.6635378167236
1.999544351796454;449.9745289525924;-193.53185428149953
0.0
60.27648220283577;-15.106846656564382;-2339.2753681294644
73.74727027128124;42873.028319254576;1925.8391010410871
1.9998936957471973;449.94079613805417;-193.47879127566168
0.0
60.278021447427285;-15.106724569680756;-2339.4064823039857
73.74747500519472;42872.690974462734;1925.8322001198467
1.9999315876914603;449.92503737131125;-193.4764701841396
0.0
60.287737081729226;-15.108397310388275;-2340.987532354104
73.7427298924073;42873.22508429852;1925.9470422618174
1.9998137997794803;449.91103886726626;-193.447715425126
0.0
60.31802727171556;-15.107498668478966;-2343.1216025296585
73.73561973590867;42871.050695873244;1925.9814780318216
1.9997254817836438;449.9289362037791;-193.41522048336196
0.0
60.32215374159948;-15.107539137048324;-2343.542211191489
73.73597731471602;42870.7736320656;1925.9890578925824
1.999818926772577;449.890368061145;-193.41068620451782
0.0
60.38342336725187;-15.107302390056578;-2348.900822836528
73.71660852934552;42868.45734005241;1926.2021042234032
1.999629884429338;449.95091635808717;-193.3310496650575
0.0
60.40943310267826;-15.106569188550646;-2350.77571882895
73.71816049983374;42863.243043182505;1926.0156970227304
1.9996076712247999;449.95798087018414;-193.32760176048495
0.0
60.40838406150427;-15.106056430861099;-2350.3868280510715
73.71669611606279;42864.445450602594;1926.076515503042
1.999607503388705;449.95339212961113;-193.3250588444386
0.0
63.904535362955315;-15.216569740915356;-2502.600376139778
73.26173646424861;42730.25273382459;1927.1240557135072
1.9989963991024622;449.9162885617025;-191.77956444997733
0.0
63.76021520113948;-15.18841329993231;-2510.129917619648
73.2745388768269;42717.089814307255;1926.7101852968472
1.999962333118108;449.8711802120639;-191.6694369416557
0.0
63.92653212544931;-15.21747367844908;-2519.6654927845975
73.26180840182828;42721.42408739274;1927.2590417007668
1.9997963232522864;449.88670872249077;-191.5868607195757
0.0
63.793018308161884;-15.186117371446501;-2520.832828131126
73.27404630479451;42713.20821910004;1926.9680456885005
1.99996601957455;449.8528849725418;-191.51906836738542
0.0
63.842543667915635;-15.173584328973357;-2527.3158791778733
73.27111611961139;42707.769956537224;1927.028451145377
1.9994212346532916;449.9093101538514;-191.41517802900856
0.0
64.00284328371066;-15.20566596117654;-2535.9036403745927
73.25825044772012;42725.00707551064;1928.2432974358783
1.9999152220048686;449.7691348211552;-191.3164584827131
0.0
64.00454969682404;-15.20082307281749;-2539.017694707837
73.25841937612024;42719.67558140421;1928.1073150267312
1.9998056210823543;449.83567315431253;-191.27653095303975
0.0
64.06805879578062;-15.209023707514072;-2536.999091668149
73.25803613260089;42745.42596484846;1929.5489705562388
1.9998428034547644;449.56576205994526;-191.21302012793797
0.0
60.11211190482154;-15.096548836220434;-2317.27270086782
73.77612417518536;42885.18942393894;1925.3911159324068
1.999752081630851;449.9692805133021;-193.73889296891716
0.0
60.114998459115455;-15.096657867592176;-2317.7148419248756
73.77684072941125;42884.66320610119;1925.3851635200092
1.9999654178516695;449.9354358160073;-193.7343809835639
0.0
60.114489251792804;-15.097371297345887;-2317.7003060554257
73.77553106081943;42885.290716436975;1925.4189894751585
1.99970970463849;449.9974577805197;-193.7324071627164
0.0
60.14372357285057;-15.101437582034777;-2321.8976346983463
73.7735637608057;42883.03960943512;1925.4927155857365
1.9997081141241468;449.997934378682;-193.68781871942622
0.0
60.173101547252486;-15.103195466826447;-2327.4818013148915
73.76319192989959;42880.62364426325;1925.626625288646
1.9997419631914726;449.98112475858443;-193.61645191594152
0.0
60.18654657543063;-15.10170566795535;-2328.7577938611744
73.76415768519571;42877.40444703049;1925.5293982676699
1.9997299690969912;449.9778570993889;-193.60818409868864
0.0
60.2506097492919;-15.103250269592897;-2335.5313649857876
73.75074616068494;42872.870669070566;1925.6829289597758
1.9995345732416694;449.98624552549495;-193.51687138297484
0.0
60.26938861246108;-15.107307283271984;-2338.8815882139475
73.74645193029414;42874.18439022429;1925.8801543160168
1.999832770457551;449.96451149852555;-193.4777315285623
0.0
60.45657990228317;-15.106088360147417;-2353.8840194729405
73.72015837557191;42861.244439798;1926.139044174586
1.9997661987940376;449.94387031525315;-193.27447949994897
0.0
63.95064177842934;-15.220444626223829;-2513.5596014965463
73.25888848864473;42723.574453946865;1927.175321287276
1.9999349427343245;449.90435301518903;-191.65859472517306
0.0
63.7805160678781;-15.187833552809368;-2512.0411518105707
73.27309769521624;42718.17436652694;1926.832692007764
1.9998114468502275;449.92601092945074;-191.64935989253598
0.0
63.66430002442736;-15.174378888521435;-2514.953831137106
73.28560000050389;42713.002195239605;1926.704286423147
1.9994295056936917;449.94391222468073;-191.5824741964471
0.0
63.71576141383606;-15.17120085826961;-2517.113530918848
73.28656367644753;42710.27058857299;1926.669728719193
1.9997659415983182;449.9192139957809;-191.56196559290612
0.0
63.92958410282501;-15.20759344592347;-2522.220616735815
73.26292596020946;42716.4372073792;1927.146983690184
1.9996570670886273;449.9327105488434;-191.54433289346258
0.0
63.93666962307827;-15.20613425154569;-2524.345581593073
73.26224718552537;42716.95855570835;1927.2285855897278
1.9994390788045453;449.9437232323921;-191.52168084110147
0.0
63.917061054214024;-15.202516745743543;-2524.5709612501946
73.26301860342387;42715.03333143647;1927.2369993863695
1.9995865897890697;449.92737680196035;-191.4836981740255
0.0
63.90598570305508;-15.192269114088221;-2530.9243592851176
73.26544975334727;42710.54069828032;1927.2437620339836
1.9998088225463262;449.91643014454854;-191.40115886558414
0.0
63.93887792685132;-15.192293793269208;-2532.201163707478
73.26339465451453;42710.81093733644;1927.3319136083014
1.9994238118739676;449.9814326804214;-191.38284270057963
0.0
64.01526649481418;-15.20612533937789;-2537.2982619149684
73.25826343768527;42723.529350984456;1928.20259243222
1.9999403717471367;449.8931988819747;-191.30710981446538
0.0
64.00171960631859;-15.200195449763237;-2539.0725923551036
73.25847712655765;42719.18144438034;1928.0846593417086
1.9998255147470605;449.8719775733921;-191.27526228141713
0.0
60.126652023958485;-15.100684104994993;-2319.397309830646
73.77578315133252;42885.08772311696;1925.4808654683238
1.9997753331652064;449.9721445493461;-193.71500757442635
0.0
60.48222409006027;-15.106784721202956;-2354.0100562914
73.72184279995385;42860.62825725401;1926.1605640156877
1.9997332877989522;449.97991757991446;-193.2746576042447
0.0
63.95265987395749;-15.22986813341356;-2514.952299842646
73.25885806572579;42729.00817817546;1927.4768520076993
1.999931244274277;449.9579056709075;-191.64630991084158
0.0
63.863546655298215;-15.20583664718724;-2520.6119854687818
73.26995690729333;42718.941360923876;1927.1364689464813
1.9996804600066607;449.9481699124028;-191.57609714594267
0.0
63.753224474374626;-15.18030861914257;-2518.95833816401
73.28600342630995;42712.50661697968;1926.8481003202726
1.9998385659951914;449.9296646920503;-191.54434294799182
0.0
63.74310008311925;-15.180625507638432;-2518.7428154084655
73.2854759402377;42712.52457806559;1926.8495958565918
1.999765249987129;449.9378852808173;-191.54187236280254
0.0
63.9265496841305;-15.20328575957762;-2525.8916281621964
73.26244371393219;42713.89882971689;1927.2402748073257
1.999545506819782;449.9590264873605;-191.4641396858437
0.0
63.9265496841305;-15.20328575957762;-2525.8916281621964
73.26244371393219;42713.89882971689;1927.2402748073257
1.999545506819782;449.9590264873605;-191.4641396858437
0.0
63.9265496841305;-15.20328575957762;-2525.8916281621964
73.26244371393219;42713.89882971689;1927.2402748073257
1.999545506819782;449.9590264873605;-191.4641396858437
0.0
63.90133449884779;-15.190177621462734;-2529.114996227542
73.26606361223168;42709.924310195864;1927.142056131534
1.9996799899993978;449.94955911189993;-191.42526832216853
0.0
63.90205519094816;-15.190323345468594;-2529.240231665231
73.26604595485877;42709.9269213057;1927.147071841021
1.9996923730781093;449.92926538409864;-191.42367500664108
0.0
63.93420508428849;-15.194454968145969;-2531.81937835658
73.26362072411648;42710.51626257086;1927.2745852805922
1.999516295922214;449.9918242951852;-191.39698997596906
0.0
63.952016859562306;-15.19438718660547;-2534.3267904820405
73.26305025007244;42713.28593868582;1927.5702729404495
1.9995309301642004;449.96907944317485;-191.3419336565479
0.0
64.01355040656;-15.204936571074857;-2538.2697859420514
73.25826779762234;42720.3437243786;1928.0416444044995
1.999937661964082;449.90877172783587;-191.30989955608257
0.0
63.997131293489154;-15.18730560309763;-2538.9696435146852
73.25858769955838;42712.23956264718;1927.7665346267609
1.9999381026152077;449.88502657326814;-191.26789078362046
0.0
63.81085673571972;-15.183164090097955;-2523.673935880649
73.27502005174472;42708.611521730636;1926.8880840631052
1.9999379283668457;449.99578519697405;-191.47439357332686
0.0
63.90309392893545;-15.193307259321074;-2528.8410149997944
73.26564937692324;42711.86998919119;1927.2217815623399
1.999563397919114;449.9883952030947;-191.43055414685637
0.0
63.9052651352456;-15.192123359729083;-2530.7990159465244
73.26548142903629;42710.53807042778;1927.2387410979873
1.9997964811921274;449.936744008612;-191.40275359842178
0.0
63.89779129255065;-15.187816811343712;-2530.5983011215526
73.26617921986815;42708.87141957977;1927.1588043804663
1.9998005777799328;449.93064057305725;-191.40024185512374
0.0
63.88627471153276;-15.177527304198627;-2530.8419295826047
73.26785421642425;42708.34715671308;1927.2350890750415
1.9998663787471112;449.9698849612038;-191.3599703157976
0.0
60.111833326293606;-15.097073084345569;-2317.2374097072448
73.7767894864567;42885.33918518783;1925.3931061445348
1.9999162947148135;449.93549280668725;-193.74053477587023
0.0
60.11124657822799;-15.096595739474902;-2317.1846293112376
73.77644610713985;42885.34108359282;1925.3942337526485
1.9997605479487568;449.9676878580311;-193.73960174664708
0.0
60.11154157648866;-15.096526176879209;-2317.253698989571
73.77612542612391;42885.317420125226;1925.3984430784467
1.999794840944552;449.9600162336813;-193.73852468877413
0.0
60.11238906003333;-15.096657549298238;-2317.3387136530387
73.77639913528137;42885.22202931038;1925.3953775001914
1.9997571106489063;449.96360989078545;-193.73804204401733
0.0
60.123343807279674;-15.099811568713578;-2318.8058026644944
73.77632345854484;42885.150351480916;1925.459799342586
1.999808120224048;449.9502782311862;-193.72137752341663
0.0
60.141237617697;-15.101552536979158;-2321.575721066103
73.77450591386638;42883.51647080456;1925.5008654038581
1.9997001404314516;449.9907109517464;-193.69130437595132
0.0
60.14689988450908;-15.101841987062055;-2322.3317007203977
73.77461545663972;42883.10559147165;1925.523938961907
1.9996984239178968;449.98919131119004;-193.6797129071254
0.0
60.154924284720956;-15.100882991365125;-2325.0450349464804
73.76682066320505;42882.53649756981;1925.6160044421356
1.9998860358382518;449.94199115904377;-193.6389999984782
0.0
60.24113090356313;-15.103503048411397;-2333.9709803973415
73.75254303760798;42874.43962593798;1925.6895621606197
1.9995061374093712;449.98570061168164;-193.53380172547443
0.0
60.25095016272567;-15.111550747856533;-2334.8222299069726
73.74898992475671;42877.56423024019;1925.8640045857085
1.9997100422983387;449.9608181716305;-193.53202188254895
0.0
60.246450914852545;-15.10395539770113;-2335.286286160161
73.75118023283764;42873.63438291479;1925.7018816702187
1.999954308412651;449.9077309346767;-193.52040271348932
0.0
60.25517377850733;-15.104768490800815;-2336.779262891445
73.75182298171114;42873.248341551065;1925.752427877873
1.99954236780594;449.98447018199334;-193.49978455524527
0.0
60.27415301717098;-15.108567846258904;-2338.86878374826
73.74734362515214;42874.161063389096;1925.873702034475
1.9998709639114318;449.9255408985159;-193.48474878039332
0.0
60.303777001493955;-15.107336588081381;-2341.4029955909377
73.7338393645309;42874.69366960234;1926.0994695324341
1.9996089682437979;449.8732983127152;-193.4247017783509
0.0
63.94069312627851;-15.222000061097505;-2510.0158730525823
73.2595005017958;42725.849483977494;1927.1780350223062
1.9994794273850907;449.9154123405949;-191.69445679699666
0.0
63.579115707073434;-15.17085065682053;-2506.104578626205
73.29006114255695;42718.90844419879;1926.671380790947
1.9991804140009326;449.94923711828307;-191.6782482321419
0.0
63.88245118216761;-15.202976685955996;-2523.6707210811683
73.26624257585617;42717.651582733095;1927.248775180149
1.9997610437506714;449.83857533296504;-191.51773798034463
0.0
63.934049583904105;-15.187204980367882;-2532.9748710481526
73.264083604347;42710.52422020367;1927.4055799566102
1.999383536556276;449.9259930904794;-191.34862952542838
0.0
64.00381935921229;-15.206634224912777;-2535.8559321929515
73.2582767086006;42724.67088513132;1928.2170662789638
1.9999102870496999;449.80489866838474;-191.3214499627703
0.0
64.00406128347907;-15.206776331149447;-2536.106779532334
73.25825329477809;42725.403098201794;1928.267370686932
1.9999084661387334;449.7682107126403;-191.31507140898196
0.0
64.00610797593916;-15.206396376635343;-2536.558025341418
73.25831973971924;42724.00020822586;1928.2006303967826
1.9998536128061715;449.79982319164634;-191.31505566823594
0.0
64.06877828088325;-15.209064076630064;-2537.0058524489878
73.25803651970328;42745.433647731545;1929.549302991126
1.9998512887568176;449.56327377507097;-191.2130346223111
0.0
64.08472076703052;-15.205144279500502;-2542.328582717919
73.25803645177689;42747.14807468386;1929.848128974132
1.9997809487068168;449.4844675647894;-191.14020655031803
0.0
60.12139848856519;-15.100187570925316;-2318.589885897367
73.7757835712196;42885.59432204726;1925.4699058570327
1.99977097353053;449.9738414755246;-193.72384554014496
0.0
60.23279965445323;-15.110277327440684;-2331.7850317249186
73.74939237032845;42879.94734141489;1925.8561639048385
1.9997681652457007;449.97132764323845;-193.56379976365517
0.0
60.32900633892948;-15.111431694814216;-2342.4656841282845
73.73443241664222;42871.0877857566;1926.0492191694184
1.9996224610672995;449.9646648459835;-193.39936960349917
0.0
60.382878063115015;-15.107051626897155;-2348.6838541344805
73.71682402474164;42869.24537251785;1926.24088644229
1.9996280455978606;449.952669918824;-193.3295856573281
0.0
60.414476805705505;-15.107790111992603;-2351.7741062345985
73.72247241159239;42864.69873850371;1926.1475718131403
1.9997912207433526;449.9369442912526;-193.30630320618218
0.0
63.94856798820698;-15.22372097696662;-2512.351745259315
73.25904728243968;42726.76878488535;1927.2838193629593
1.999935350644942;449.92975666051274;-191.67474832345877
0.0
63.75758418500341;-15.186237881265214;-2511.4546029614157
73.27655866577567;42718.410187761;1926.8355014354922
1.999987965675812;449.88200121901446;-191.64409658126885
0.0
63.725920158016294;-15.177404017859018;-2518.25702801524
73.28704733910422;42712.721623011246;1926.8158562707815
1.9995762845958298;449.95785541488266;-191.55455728607168
0.0
63.887195887142425;-15.191566770855662;-2528.2987756666744
73.26657725241937;42711.158412134406;1927.1676977565048
1.9998986404534;449.8509643402104;-191.43394552196057
0.0
63.77619859901493;-15.17025880168152;-2523.9021958381645
73.27993857124626;42709.567754107156;1927.0093256728812
1.9995432745604347;449.9313823043695;-191.43012475726073
0.0
63.996795997509714;-15.196739087465561;-2538.7193116581707
73.25886182252728;42716.88226957196;1928.0209601081096
1.9998752178755155;449.8425098054259;-191.25749936386765
0.0
60.23787575783192;-15.106796693653298;-2332.5686095761066
73.7518872184084;42876.255801979845;1925.7083795887909
1.999605478681465;449.95978787922303;-193.55784244396855
0.0
60.247001478455765;-15.104278539863396;-2335.4339468276175
73.75129830452785;42873.75994537353;1925.7142770228083
1.9995520692224966;449.96891834796673;-193.5182724853165
0.0
64.10661001259692;-15.206400359720242;-2539.13212749108
73.25807626978182;42749.124874423214;1929.9825216591585
1.9999079336622347;449.53747756794553;-191.1323780911915
0.0
60.25172938303291;-15.105026312088686;-2336.662472562659
73.75163758908924;42873.76101025715;1925.7690876519187
1.99951589034886;449.9840870825492;-193.4999853017136
