200
4
0.0
63.93911679568247;-15.339487103746546;-2501.9274969809353
73.25677306226385;42844.67865499481;1929.9383969237952
1.9992700186096257;449.9084975302244;-192.51025561613602
0.0
63.31131796974853;-15.218424337483176;-2490.7650649405978
73.30841562895087;42814.48798804945;1928.4273958882563
1.999224306442694;449.27962531556506;-192.49443924456114
0.0
68.98249999272855;-15.497088200499077;-2517.5753377187243
73.25177728948482;42930.4847709661;1933.0355904771006
1.9998835072885095;448.44890173286177;-192.32882587055835
0.0
68.94943014882837;-15.49345245034639;-2517.8150609023564
73.25158655356384;42933.02203003849;1933.239750335507
1.9998236642855223;448.2667247008846;-192.32628644755664
0.0
69.00650946998663;-15.497208570991708;-2517.9835781505794
73.25160295174022;42932.77522728566;1933.2366458600738
1.999782986916523;448.377546667762;-192.32277089217504
0.0
69.00650946998663;-15.497208570991708;-2517.9835781505794
73.25160295174022;42932.77522728566;1933.2366458600738
1.999782986916523;448.377546667762;-192.32277089217504
0.0
69.00650946998663;-15.497208570991708;-2517.9835781505794
73.25160295174022;42932.77522728566;1933.2366458600738
1.999782986916523;448.377546667762;-192.32277089217504
0.0
69.11467954915209;-15.493154184131438;-2518.3835245935043
73.25206393333622;42923.94714813894;1932.9438790561176
1.9992210300540805;448.7601646343304;-192.30475050585852
0.0
69.07223392583747;-15.492802191677821;-2518.3386422859235
73.25209129358275;42923.1976900902;1932.9236767207615
1.999214125912506;448.7797725530547;-192.30384367763386
0.0
67.55642165082457;-15.457396636331975;-2513.1787962239614
73.25168390408919;42932.422999009985;1933.4173420881616
1.9998500269597688;447.8411882826951;-192.2985882087989
0.0
67.53139136896988;-15.45734811638821;-2513.20645551651
73.2516934814097;42932.353227232634;1933.4147807038498
1.9998406824327135;447.84604782526543;-192.29833994777255
0.0
68.48992162314951;-15.48773462028793;-2515.4515824830196
73.25157175525565;42935.08403544659;1933.5092426913873
1.9997830438178736;447.7267875225004;-192.28935857308917
0.0
69.4544378845787;-15.458825749112899;-2523.9863402066
73.2526681413144;42884.23831962614;1931.3514431983278
1.9992936352193675;448.72312954526836;-192.27022652829987
0.0
67.9987891587586;-15.449442512910855;-2515.24101880638
73.25201206973848;42929.43876864936;1933.3829994141074
1.999567412281606;447.8991125281015;-192.25956780806757
0.0
68.94974684273662;-15.456539242464634;-2523.5779109615623
73.2526665606892;42887.28513765011;1931.5350284610645
1.9991631778255938;448.5693081126271;-192.25830509580223
0.0
68.94974684273662;-15.456539242464634;-2523.5779109615623
73.2526665606892;42887.28513765011;1931.5350284610645
1.9991631778255938;448.5693081126271;-192.25830509580223
0.0
68.94974684273662;-15.456539242464634;-2523.5779109615623
73.2526665606892;42887.28513765011;1931.5350284610645
1.9991631778255938;448.5693081126271;-192.25830509580223
0.0
69.45923441979713;-15.510580339100821;-2515.661305148272
73.2510562077376;42955.5373479471;1934.4202954298664
1.9998026004309186;447.668192264529;-192.24905831169085
0.0
69.45490273001867;-15.510568931949862;-2516.105934725503
73.25108560427674;42953.41635979494;1934.3616939317635
1.9997893344670967;447.6710955241529;-192.24900834610702
0.0
70.93922188828107;-15.515648132905083;-2522.9418349591074
73.25231945058633;42906.12850609281;1932.4023077460306
1.9995054915111594;448.3254727745955;-192.2250027837423
0.0
70.78998696181132;-15.517116541632252;-2519.948907031601
73.25137987056459;42937.02572366055;1933.8129422243728
1.9994902044188674;447.72137286431433;-192.19074577854926
0.0
72.23585999435964;-15.541981523199674;-2520.023074722661
73.25135922148135;42942.711716974954;1934.3501395468077
1.9993353952021433;447.32446214885744;-192.09534092278605
0.0
63.95946423028737;-15.349893061706464;-2504.374756277089
73.25637633529192;42851.873190751;1930.2019121449505
1.9993976043183501;449.86411495710473;-192.45027763873497
0.0
63.96576500793924;-15.354951332534919;-2505.5400540956052
73.25620139003337;42853.92613296241;1930.2974758307305
1.9998344680020619;449.7156968633709;-192.44868284179412
0.0
63.96576500793924;-15.354951332534919;-2505.5400540956052
73.25620139003337;42853.92613296241;1930.2974758307305
1.9998344680020619;449.7156968633709;-192.44868284179412
0.0
63.96576500793924;-15.354951332534919;-2505.5400540956052
73.25620139003337;42853.92613296241;1930.2974758307305
1.9998344680020619;449.7156968633709;-192.44868284179412
0.0
68.92256263590264;-15.495855444274914;-2517.4837584898332
73.25175723818377;42930.34870583183;1933.0365245134822
1.9998533390821231;448.43149305739973;-192.32622877336362
0.0
69.48343718789296;-15.504406202893435;-2518.586140435812
73.25169627292293;42930.85122806094;1933.168563762592
1.999852494929219;448.49998215609645;-192.31621676933938
0.0
69.7938561126357;-15.513704345407028;-2518.000475772776
73.25136845066238;42941.35771802354;1933.7268214477492
1.9998297888098941;447.75156326291614;-192.27808462349
0.0
69.62191939090077;-15.514865379786565;-2516.6231581231045
73.25116186344295;42950.40832538058;1934.2231172818426
1.9999826509458432;447.7304525780887;-192.25848517577685
0.0
69.03765106636618;-15.431858372131588;-2525.2587837731894
73.2528158479943;42873.75750227429;1931.0218778541885
1.9994910256835994;448.61578256425383;-192.22861615808102
0.0
68.95339522032381;-15.408068109460528;-2524.575574394767
73.25285327705062;42869.36601305504;1930.7722637903244
1.9992641257702812;448.6583823067885;-192.21962321060553
0.0
66.34797568911621;-15.38988379195934;-2529.4083227667247
73.25208291768384;42919.54874634563;1934.1036816193596
1.9993579404262252;448.3944800905682;-191.92316785986478
0.0
63.97784189016943;-15.356223110670415;-2506.8226868155175
73.25634505929808;42851.65966889083;1930.3031564570183
1.9998383042646979;449.8260480976997;-192.42475906771256
0.0
63.53640611786854;-15.262077587454806;-2517.6460894627116
73.2869053975248;42801.1419216625;1928.664681193979
1.9994895172977152;449.9892566725703;-192.3179885045747
0.0
69.08304432705371;-15.476625638765249;-2522.165837771553
73.25242132584016;42898.50191596047;1931.836111065915
1.9999016901863178;448.4498946918802;-192.29389967800702
0.0
69.49953930046863;-15.5125263888121;-2516.2649599479764
73.25121546653484;42951.115696064764;1934.2049963333468
1.9999191009813593;447.8307225582214;-192.2643758160787
0.0
69.40639462977101;-15.505185827242629;-2516.9329991427653
73.25131759214828;42946.879404936895;1934.1482284471672
1.9998309445296183;447.93600640782756;-192.2371734277104
0.0
69.40654876852956;-15.504960337065235;-2516.9506427967685
73.25131657258308;42946.9069741127;1934.1497273234738
1.9998332539046277;447.9344196625728;-192.23685619948805
0.0
63.46054219109726;-15.234700605020409;-2523.045868025584
73.29678492789917;42791.632701883595;1928.4874393391306
1.9993541303506566;449.95707184734505;-192.1914919308008
0.0
63.535523554491824;-15.244602188965345;-2527.3586378673044
73.29041798686733;42791.443585352055;1928.6293072332621
1.9992966196436113;449.9834577545237;-192.156081626575
0.0
66.88661565490412;-15.361403534466614;-2536.024181889895
73.25354061946328;42855.185985146076;1930.8538561427624
1.999673788903915;449.74767226379157;-192.02039962186083
0.0
63.97119086455604;-15.291403662108257;-2557.4338932041314
73.25800107308646;42802.44277554206;1930.468350939164
1.9996227722534519;449.83404450048414;-191.77907498720398
0.0
63.99816396927322;-15.292910538850295;-2558.8552418426607
73.25738542285046;42806.28009387322;1930.7511636860681
1.9996153893305713;449.7872483069158;-191.7416364331202
0.0
64.02173526336972;-15.298654655178405;-2565.105626738271
73.25713385453217;42809.17961222311;1931.1897653856051
1.9996424007315006;449.6924019932115;-191.65190286522767
0.0
64.04911848652876;-15.299240237435434;-2564.8967687306813
73.25698230107992;42809.14142580092;1931.244131720955
1.999604739008749;449.74935698641923;-191.63152976712163
0.0
69.06839191646334;-15.468419930092272;-2521.8489152317975
73.2524482889406;42898.48565799558;1931.8630535736363
1.9999400767813396;448.47427197429886;-192.28945855716506
0.0
68.54414277424274;-15.456235474024632;-2522.809492205839
73.25240809885959;42901.07408621406;1932.1179525991759
1.9999817143847998;448.35339543129066;-192.25709748904484
0.0
69.30727293527153;-15.503712189454962;-2516.340715779614
73.25133454610786;42946.18136228652;1934.1295133011497
1.9999409026367643;447.9406326860952;-192.23291396859653
0.0
70.94781701951158;-15.51932588115756;-2524.774030326785
73.25219007827792;42912.26962591474;1932.6344159353005
1.9998652876986758;448.291334395476;-192.22965921241288
0.0
70.94781701951158;-15.51932588115756;-2524.774030326785
73.25219007827792;42912.26962591474;1932.6344159353005
1.9998652876986758;448.291334395476;-192.22965921241288
0.0
70.94781701951158;-15.51932588115756;-2524.774030326785
73.25219007827792;42912.26962591474;1932.6344159353005
1.9998652876986758;448.291334395476;-192.22965921241288
0.0
63.67371941293339;-15.252111342272629;-2541.7460830594196
73.28423466832825;42790.22010041055;1929.198774634533
1.9997449055729657;449.94101889788317;-191.9617271939963
0.0
63.90027376816905;-15.262714959687921;-2556.2818651181456
73.26299521284783;42783.9367710585;1929.5402921406246
1.9997478416931511;449.9086210608261;-191.7919808377569
0.0
64.04940946087382;-15.29930026758271;-2564.9613280393014
73.2569811069021;42809.255143875795;1931.248141220129
1.999616325912068;449.79218589425244;-191.63193399765913
0.0
70.68112096623196;-15.51162633109992;-2524.768803672546
73.25221706028081;42911.94114898955;1932.6963874047788
1.9999081922865913;448.32639752375945;-192.21796314560868
0.0
63.575893318860366;-15.269562756238958;-2525.707951449036
73.28537940159663;42800.1064143034;1928.9071310924744
1.9998903488620081;449.84899521645724;-192.21517090164542
0.0
67.96973445997645;-15.40475504656416;-2521.5614284162857
73.2526966843034;42883.34701169456;1931.5758938534514
1.999889057690276;449.2810063197808;-192.1955666380218
0.0
68.13684024226563;-15.440311064669633;-2521.482907271058
73.25261062168671;42897.733079486985;1932.2126577867232
1.999958581841783;449.2736542786939;-192.21788225218216
0.0
68.03155801576783;-15.432893343154642;-2521.61213739391
73.25262711309762;42895.04494288997;1932.0823037822895
1.9999671465886695;449.1717083004089;-192.21542329165638
0.0
63.689158416322286;-15.266443871183286;-2534.203002880808
73.27742456513623;42796.122021670126;1929.1850347345044
1.9998994279465336;449.99644082062986;-192.08000971906418
0.0
63.92098615353388;-15.273757499579064;-2556.446708645288
73.26164948963822;42787.15403216716;1929.6715517307798
1.9999333532826746;449.96856800595185;-191.80949563023376
0.0
63.595554846185166;-15.272024223584975;-2527.054878613265
73.28380111592712;42800.917443103164;1929.016203370227
1.9999756161352131;449.8341974528056;-192.19862894994512
0.0
63.595554846185166;-15.272024223584975;-2527.054878613265
73.28380111592712;42800.917443103164;1929.016203370227
1.9999756161352131;449.8341974528056;-192.19862894994512
0.0
63.595554846185166;-15.272024223584975;-2527.054878613265
73.28380111592712;42800.917443103164;1929.016203370227
1.9999756161352131;449.8341974528056;-192.19862894994512
0.0
63.595554846185166;-15.272024223584975;-2527.054878613265
73.28380111592712;42800.917443103164;1929.016203370227
1.9999756161352131;449.8341974528056;-192.19862894994512
0.0
63.595554846185166;-15.272024223584975;-2527.054878613265
73.28380111592712;42800.917443103164;1929.016203370227
1.9999756161352131;449.8341974528056;-192.19862894994512
0.0
63.57909307556016;-15.262669895323226;-2527.0444755951557
73.28551100119302;42797.02293143437;1928.8495820737637
1.9999737902751837;449.8351510865231;-192.1868584060283
0.0
64.06389757085182;-15.296143442338236;-2565.440590777708
73.25685011864672;42814.89494650345;1931.5662240568804
1.9999996767255912;449.70874467263;-191.6063214437617
0.0
63.57322858834021;-15.253227845460101;-2530.971018178859
73.28703402741739;42792.00824081443;1928.7731710511293
1.9999767945494171;449.86478976776465;-192.12663440960785
0.0
63.57322858834021;-15.253227845460101;-2530.971018178859
73.28703402741739;42792.00824081443;1928.7731710511293
1.9999767945494171;449.86478976776465;-192.12663440960785
0.0
63.57322858834021;-15.253227845460101;-2530.971018178859
73.28703402741739;42792.00824081443;1928.7731710511293
1.9999767945494171;449.86478976776465;-192.12663440960785
0.0
63.26798079440431;-15.21599651853964;-2486.107779438285
73.3132380218402;42820.62541186537;1928.5020572161702
1.9991223112159686;449.6471235814115;-192.52633677038466
0.0
63.26821229689785;-15.215936382961605;-2486.108761254172
73.31321537637622;42820.61512634419;1928.5023570599537
1.9991224789045001;449.6471164760797;-192.52611872744134
0.0
63.26821229689785;-15.215936382961605;-2486.108761254172
73.31321537637622;42820.61512634419;1928.5023570599537
1.9991224789045001;449.6471164760797;-192.52611872744134
0.0
63.26821229689785;-15.215936382961605;-2486.108761254172
73.31321537637622;42820.61512634419;1928.5023570599537
1.9991224789045001;449.6471164760797;-192.52611872744134
0.0
63.26821229689785;-15.215936382961605;-2486.108761254172
73.31321537637622;42820.61512634419;1928.5023570599537
1.9991224789045001;449.6471164760797;-192.52611872744134
0.0
63.26821229689785;-15.215936382961605;-2486.108761254172
73.31321537637622;42820.61512634419;1928.5023570599537
1.9991224789045001;449.6471164760797;-192.52611872744134
0.0
63.26821229689785;-15.215936382961605;-2486.108761254172
73.31321537637622;42820.61512634419;1928.5023570599537
1.9991224789045001;449.6471164760797;-192.52611872744134
0.0
63.26821229689785;-15.215936382961605;-2486.108761254172
73.31321537637622;42820.61512634419;1928.5023570599537
1.9991224789045001;449.6471164760797;-192.52611872744134
0.0
63.26821229689785;-15.215936382961605;-2486.108761254172
73.31321537637622;42820.61512634419;1928.5023570599537
1.9991224789045001;449.6471164760797;-192.52611872744134
0.0
63.26821229689785;-15.215936382961605;-2486.108761254172
73.31321537637622;42820.61512634419;1928.5023570599537
1.9991224789045001;449.6471164760797;-192.52611872744134
0.0
63.26821229689785;-15.215936382961605;-2486.108761254172
73.31321537637622;42820.61512634419;1928.5023570599537
1.9991224789045001;449.6471164760797;-192.52611872744134
0.0
63.26821229689785;-15.215936382961605;-2486.108761254172
73.31321537637622;42820.61512634419;1928.5023570599537
1.9991224789045001;449.6471164760797;-192.52611872744134
0.0
68.81648810399207;-15.492159920359454;-2517.6880905836183
73.25197727920678;42930.60631693702;1933.07709735784
1.9990257017180482;449.26406432178464;-192.34527383868962
0.0
68.79387726843206;-15.491611409233508;-2517.7330406733176
73.25197344853682;42930.58584600011;1933.0885186915807
1.999018679663727;449.2798238373294;-192.34370527189787
0.0
68.79387726843206;-15.491611409233508;-2517.7330406733176
73.25197344853682;42930.58584600011;1933.0885186915807
1.999018679663727;449.2798238373294;-192.34370527189787
0.0
68.79387726843206;-15.491611409233508;-2517.7330406733176
73.25197344853682;42930.58584600011;1933.0885186915807
1.999018679663727;449.2798238373294;-192.34370527189787
0.0
69.18411350836496;-15.500112778517726;-2517.409101645864
73.25184204468847;42931.2367049476;1933.0896542257808
1.9998738991032554;448.4407146456967;-192.33073065640073
0.0
69.12452511955054;-15.498883296158278;-2517.3179760652797
73.25182234603652;42931.09995129889;1933.0905426698516
1.9998374701331472;448.4277999389122;-192.32813798752647
0.0
69.12907308201521;-15.499323208530726;-2517.1602568382727
73.25172599099709;42933.698434753256;1933.27485688765
1.9998022228332468;448.3499228686688;-192.3096578033112
0.0
69.12907308201521;-15.499323208530726;-2517.1602568382727
73.25172599099709;42933.698434753256;1933.27485688765
1.9998022228332468;448.3499228686688;-192.3096578033112
0.0
69.12907308201521;-15.499323208530726;-2517.1602568382727
73.25172599099709;42933.698434753256;1933.27485688765
1.9998022228332468;448.3499228686688;-192.3096578033112
0.0
69.12907308201521;-15.499323208530726;-2517.1602568382727
73.25172599099709;42933.698434753256;1933.27485688765
1.9998022228332468;448.3499228686688;-192.3096578033112
0.0
69.12907308201521;-15.499323208530726;-2517.1602568382727
73.25172599099709;42933.698434753256;1933.27485688765
1.9998022228332468;448.3499228686688;-192.3096578033112
0.0
67.18101823248556;-15.438601939653612;-2510.8680520054354
73.25163665522238;42932.80947959786;1933.4125907615403
1.999871415255991;447.8642058197574;-192.30498041672118
0.0
69.05844949207774;-15.49080454842207;-2518.7206948466173
73.25219963018945;42920.79513107342;1932.862357572507
1.999470729444028;448.8708787224119;-192.3030582535282
0.0
67.21324842910578;-15.451888689261873;-2512.2866916972666
73.25161126682437;42934.28894313807;1933.4990839472782
1.999911321796134;447.7312332269273;-192.29432221130705
0.0
68.89276162955085;-15.486838615647253;-2518.349763231238
73.25210590961905;42923.44840112253;1932.9718111567956
1.9994518694702548;448.644983042679;-192.29382380338458
0.0
67.33960267594593;-15.450355778634938;-2513.2223255122917
73.25182330114026;42930.92056634922;1933.34484148325
1.9997658518590051;447.9090173095708;-192.2912915734144
0.0
68.50443644040507;-15.488067121625999;-2515.3347966018423
73.25160434285219;42935.48400733263;1933.5190598620823
1.9998458266135324;447.76857365803073;-192.2886997378862
0.0
68.492068502301;-15.487953917018375;-2515.4115402948264
73.25160915135191;42935.44116274359;1933.5189881740423
1.9998349513807503;447.7722015171162;-192.2882282699737
0.0
69.22726345724251;-15.46420330822203;-2523.8024690364923
73.25272873415166;42887.759032568225;1931.409325650616
1.9995204381444263;448.5452588670563;-192.27898231289984
0.0
69.67240730610351;-15.513313881023521;-2518.4982444354437
73.25150610158512;42941.91501642033;1933.819457360648
1.9998175638649982;447.8223079020185;-192.26723993099634
0.0
68.94693657089513;-15.456406050166436;-2523.4682358499686
73.25270351615475;42887.47203098145;1931.4738675302053
1.9994284239984144;448.5784543207519;-192.26704635787374
0.0
68.95314088691447;-15.45645899599303;-2523.6471806248633
73.25266958464157;42887.21208726142;1931.5318778968926
1.9991414592143875;448.5699834869961;-192.25818005988856
0.0
69.37543873987234;-15.510243706053581;-2516.1992993644512
73.2512438121383;42952.1786643263;1934.3207004899475
1.9999086384992641;447.75381591620607;-192.25273217096634
0.0
69.43527346909717;-15.510261235182165;-2515.960168148405
73.25108655233173;42954.11028811042;1934.3847736742862
1.9997540347445681;447.65040300869833;-192.25039731811475
0.0
69.46227818651872;-15.509178554700593;-2516.8655056468115
73.25120238572327;42951.88299269786;1934.3596288587723
1.9995659129084387;447.7400842730839;-192.23750999262344
0.0
69.41414775789741;-15.45838570666884;-2526.1509949584342
73.25289956476225;42885.120579155984;1931.5873111615788
1.9995183003809291;448.53063243529954;-192.22192146963005
0.0
70.64598147141388;-15.510300359070861;-2523.122901291677
73.25235453236435;42906.887144620174;1932.4820142594092
1.9991997193809325;448.4051284681404;-192.2117210556038
0.0
70.65675441267834;-15.517536804947564;-2518.893968989197
73.25149295450146;42939.612746008854;1933.896254343573
1.9996627419818733;447.6142968763287;-192.20436539691414
0.0
70.71689014035171;-15.518717640735739;-2519.1982272632386
73.25151045624337;42938.36085472784;1933.851643231787
1.9995284595371103;447.6537715853332;-192.20082335282726
0.0
71.27483976887999;-15.532918465803238;-2519.3493162876716
73.25131916531817;42948.35993187875;1934.4832818867847
1.9999716623735957;447.276174415531;-192.1600138673053
0.0
71.20302992687525;-15.529881635340988;-2520.7892906329685
73.25141379437602;42941.10333452333;1934.1757915343383
1.9993634818905164;447.3263059124446;-192.14119435768507
0.0
70.97970795503895;-15.520896442388027;-2520.2732677185754
73.2511727168569;42951.78218217708;1934.856008153882
1.9999975638533443;447.02639696650584;-192.0915600954721
0.0
63.950618109538475;-15.343884392331223;-2504.473449362331
73.25682290352673;42847.55803047606;1930.1745977934397
1.999183416571669;449.9179758409291;-192.4709940928114
0.0
63.96662996130539;-15.355240244286906;-2505.7828893590545
73.2562115621101;42854.035489392656;1930.3141763429107
1.9998340508932158;449.7195420620284;-192.44530123776917
0.0
63.979183637732206;-15.361175247532984;-2510.202552221762
73.25620704911437;42856.19533534546;1930.588453180177
1.999801406601755;449.7664557769765;-192.3899569141628
0.0
69.52013084675892;-15.50655878761849;-2518.2349944325106
73.25170327731793;42934.01679556851;1933.322481616324
1.9999819414878155;448.45987190105177;-192.31323351767531
0.0
68.94174645864246;-15.495618585387156;-2517.5083559030963
73.25179410541027;42931.579149720244;1933.2302300283923
1.9999407132068892;448.774127366924;-192.306478234617
0.0
69.08708993339114;-15.477383501417158;-2522.2343819730077
73.25242596195555;42898.820200640854;1931.850662791607
1.9999106399504316;448.4523756692635;-192.29322629817113
0.0
67.68309626863473;-15.453228140135321;-2513.2503704842693
73.25176128401908;42930.874832948095;1933.3594508505569
1.9998825204116943;447.8826756751287;-192.29217991663046
0.0
67.65814708076246;-15.453179575351264;-2513.278026174258
73.25177083616823;42930.80504310963;1933.356888749249
1.9998732137962365;447.8875362700055;-192.29193157239496
0.0
68.52867415933338;-15.488469427278273;-2515.355811517201
73.25158211409817;42935.75173000781;1933.5146344769812
1.9999466366172944;447.76590885608124;-192.2919277387433
0.0
68.52308277498007;-15.48832795411529;-2515.4526364567378
73.25158144272827;42935.82967325803;1933.5197725697699
1.9999275561839793;447.7381575131448;-192.29177017392092
0.0
68.53405734299443;-15.488698707778678;-2515.673285107055
73.25157980570769;42935.661461464144;1933.5200273583816
1.9999268813347186;447.7317229475562;-192.29028492703566
0.0
68.5606388922825;-15.491306253489872;-2515.628447731361
73.25159839056731;42935.5826302229;1933.5166397188548
1.9998844968788116;447.8484670184299;-192.2882604029188
0.0
69.25601413251474;-15.503451608626076;-2518.7477385593525
73.25168830298425;42934.738583564045;1933.3734174808076
1.9997912576956494;448.25687080016183;-192.287946760061
0.0
69.09185481713816;-15.432461903220592;-2523.674525961007
73.2530051077704;42874.237913980716;1930.8274200489182
1.9995183321300904;448.80433699403324;-192.2523496550477
0.0
69.27810462355609;-15.480708977142198;-2521.594147743504
73.25233933629771;42915.88265004381;1932.928149226525
1.9997969868962806;448.10894507892726;-192.24158187319185
0.0
69.42905457285366;-15.508683463379606;-2517.1342567899524
73.25131982639049;42950.451731647474;1934.312692557634
1.9997660100147132;447.87260832670864;-192.23832341153184
0.0
69.85096405180322;-15.491584487232867;-2521.469577973235
73.2522952336102;42917.814097856186;1933.0331816186708
1.9996823986264416;448.147304777775;-192.22659103037955
0.0
69.35029519784572;-15.450114946911429;-2524.422406783837
73.25283814185534;42885.93877702055;1931.5305869088133
1.9992548724503187;448.75279332206236;-192.22509854682374
0.0
70.64367548966369;-15.513176426427208;-2519.0245922981485
73.25160638618617;42933.85561581463;1933.7822577792454
1.999860138542683;447.8550525643793;-192.16740065424324
0.0
66.74584236147155;-15.3992608826082;-2536.0099819251723
73.2520981710471;42928.15742001821;1934.9726085141492
1.9995964777625463;448.4508406090037;-191.74275596639862
0.0
68.94785959942006;-15.496211430750744;-2517.2759850274874
73.2517661333876;42932.33699169145;1933.2506530373805
1.9999974442391566;448.75492406954845;-192.30744581664553
0.0
69.07243961491199;-15.469190731256202;-2521.9169984011164
73.25245292981063;42898.80368565824;1931.8775987536558
1.9999490406212646;448.47674456485316;-192.28878330197844
0.0
68.27912522869813;-15.482665765359291;-2515.4385778889123
73.25161103818166;42934.79979127873;1933.5281361024086
1.9999696524224875;447.8551640820762;-192.2887338041905
0.0
68.81684207872547;-15.468587874776436;-2521.6066832315228
73.25241268685775;42904.75976071918;1932.2416340868597
1.99990772970719;448.4174650963894;-192.26136971457996
0.0
67.93029791190651;-15.455640364725806;-2514.9953057029584
73.2520256367258;42930.05291566686;1933.3986740334271
1.9999062186583212;448.16555328230834;-192.25868902915116
0.0
71.0571369624167;-15.521330128089806;-2524.1646850705256
73.25235312903949;42913.092902174336;1932.6371976814937
1.9998576105308181;448.16055695444896;-192.23638160995145
0.0
69.42533976456686;-15.505520492416549;-2516.931994532012
73.25132186095311;42947.181160663975;1934.1605732901958
1.9998261565102649;447.95948943519136;-192.23589103781032
0.0
69.42549382511264;-15.505295532203036;-2516.949628288931
73.25132084209802;42947.20875688459;1934.1620728113814
1.9998284656991403;447.95790163363785;-192.23557402206873
0.0
63.416156673651656;-15.244664350594665;-2521.9438503088973
73.3005563683104;42797.98625667282;1928.7079055029192
1.9994298720266832;449.98924629593705;-192.21278504414795
0.0
63.413289616209106;-15.23413583986391;-2521.7619337684364
73.30108266035957;42794.23739304432;1928.5570202912422
1.99938064070069;449.96500946530466;-192.2005885083286
0.0
67.92376026046968;-15.409849188782925;-2521.193202661737
73.25273215440498;42885.39328616792;1931.701704102334
1.9998081783809498;449.3868638952684;-192.19978391820283
0.0
63.548751677489285;-15.255774572097197;-2527.0094673617386
73.289221380825;42797.170868343215;1928.8556305776167
1.9992659675980957;449.99446427191714;-192.1679261786413
0.0
66.78608219980381;-15.35730457576583;-2539.6241553186906
73.25358572558136;42860.54367156388;1931.2973048996841
1.999332170009445;449.59630771767456;-191.95436338699506
0.0
68.56240274837258;-15.490146844406565;-2515.912964255336
73.25157409619077;42936.80874931446;1933.585168553277
1.9999784922856243;447.9313003274177;-192.2871314876313
0.0
67.76196819298345;-15.447095315438142;-2514.0419588399463
73.25175108931447;42932.70011866797;1933.5446364081367
1.9999907660679002;447.85578753686156;-192.26124131552817
0.0
67.90978639923985;-15.426012955535903;-2520.5169666460806
73.25266888550858;42898.49263181703;1932.2260247847883
1.9999314752250297;449.1595710416247;-192.2016589483904
0.0
67.90978639923985;-15.426012955535903;-2520.5169666460806
73.25266888550858;42898.49263181703;1932.2260247847883
1.9999314752250297;449.1595710416247;-192.2016589483904
0.0
67.90978639923985;-15.426012955535903;-2520.5169666460806
73.25266888550858;42898.49263181703;1932.2260247847883
1.9999314752250297;449.1595710416247;-192.2016589483904
0.0
63.57366240855984;-15.257695309620972;-2533.5351613203925
73.28744598279128;42793.38727844284;1928.927839923661
1.9998836712222108;449.8940850552574;-192.0956938713936
0.0
63.70942756887873;-15.269861877850174;-2541.9932420605996
73.27746732451962;42798.11839567401;1929.6037187004772
1.9997638101805837;449.97282028206206;-191.96694436376416
0.0
63.98877344855008;-15.312533858173062;-2557.319711671264
73.2588557792201;42803.704448401426;1930.4754857756313
1.9998327086861254;449.9087316839571;-191.827662166776
0.0
63.89669722204247;-15.26621053763623;-2556.1758447696047
73.26329329871999;42785.634470536614;1929.603756692765
1.9997592137325897;449.91816550981;-191.7959549863056
0.0
64.04577950421157;-15.31288196557887;-2563.1286691752275
73.25715746976175;42815.34716835015;1931.4615747789546
1.9997840737127006;449.7744591655585;-191.6590807430985
0.0
64.01371921856183;-15.312158741918946;-2564.317211651851
73.25699049553512;42815.05842344915;1931.475868893977
1.9994702507586395;449.83866580968055;-191.65582280494124
0.0
63.57859790739419;-15.261316196165348;-2526.4157115283233
73.28567517641969;42798.32164594628;1928.9074682034734
1.9999876117246886;449.8210876033565;-192.18768230151008
0.0
63.692215237300545;-15.26887386814037;-2534.2473612873637
73.27753638737643;42796.96188994291;1929.223480832545
1.9999149388105735;449.958818316287;-192.08104481642962
0.0
63.68886998714533;-15.263752604403619;-2547.9802400675517
73.28056637871317;42792.5909870365;1929.547968645759
1.99985068457159;449.97716873610375;-191.89381123511828
0.0
63.718545744161936;-15.26500790548206;-2549.835139302187
73.27799884163878;42791.2485915279;1929.5537094929032
1.9999146582896463;449.9748458956668;-191.8760697455841
0.0
63.97661081138995;-15.291435268457066;-2557.7360216717216
73.25800654259076;42803.49257689072;1930.5495357308841
1.9998098839429308;449.96086939506694;-191.7695483073777
0.0
63.71992608091518;-15.265839765709643;-2550.157450434364
73.27797107966298;42791.53215939368;1929.5757609354484
1.9999165144015727;449.97016824791575;-191.8732781945989
0.0
63.92359964806058;-15.27442863028615;-2556.4719372234567
73.26165618349218;42787.36420988606;1929.6820112019598
1.9999283671290082;449.9622149466195;-191.8099626430418
0.0
63.266920413698195;-15.216144979627838;-2486.0753621118865
73.31332986713741;42820.78141301558;1928.5088316066192
1.999122277230555;449.64678119027195;-192.52644656791216
0.0
63.267151791987374;-15.216084843045794;-2486.076341442703
73.31330722119229;42820.77113767243;1928.5091319493738
1.999122444882224;449.6467741620276;-192.5262285207902
0.0
69.1790911703008;-15.50056551398105;-2516.6331144811825
73.25176233024234;42934.421458516554;1933.2948469075432
1.9996965256544816;448.34400314988034;-192.31363177482487
0.0
68.17666953048685;-15.482552202205333;-2515.699168789816
73.25164881377427;42934.55458369676;1933.4854225036056
1.9998837511241117;447.8828669508412;-192.29277797888298
0.0
68.50950698964891;-15.488122840341893;-2515.3482601802207
73.25159223930424;42936.0888306262;1933.5295703753584
1.9999697570873618;447.7853302720657;-192.2923611996834
0.0
68.28256535876255;-15.4830168567943;-2515.443173064466
73.25162437924727;42934.91396021911;1933.5467367659153
1.999950878590357;447.85832675401184;-192.28458779337691
0.0
68.29087207270685;-15.483708887791174;-2516.424429146986
73.25162982958503;42935.582193735536;1933.506238819595
1.9994286670814352;447.9558851431192;-192.28339585386735
0.0
69.33496404479291;-15.50663523819966;-2516.6095524949797
73.25154762620927;42942.98128107049;1933.8881079282248
1.9994376199667228;447.7077799560201;-192.26528299817076
0.0
69.5971505507607;-15.513255168646488;-2515.876455308564
73.25122074195623;42952.831484777;1934.3639518547757
1.999842180870679;447.64864629608735;-192.25036651365045
0.0
70.63016000457633;-15.507308536663547;-2524.048530234416
73.25236372552054;42909.348095253954;1932.4858793304895
1.9993484434394306;448.3090066536308;-192.22882499619595
0.0
70.6269539001054;-15.499067690942836;-2522.2653457276756
73.25239177832609;42907.71967813694;1932.4880666566219
1.9989810617219694;448.4694220012849;-192.22488961220287
0.0
70.60786841398266;-15.495634788290793;-2522.1979414163125
73.25239168926137;42907.51558313477;1932.5108754400048
1.9989413097863498;448.4745319057201;-192.2188043126127
0.0
71.29374377158287;-15.532959264425491;-2519.0960485903993
73.2513253851641;42950.463093514256;1934.6303573909613
1.9999995794273502;447.2588745877409;-192.15043508930094
0.0
71.17261893304479;-15.529414256854073;-2520.8012806925535
73.25149802760922;42940.09349882758;1934.1639711585442
1.9992685570598578;447.35698733483457;-192.13143709505272
0.0
71.17255598228579;-15.527956519464617;-2520.3112690834496
73.25132369620033;42950.12387294055;1934.7990172202983
1.9998422098638604;447.16344668169717;-192.08117449813597
0.0
71.15269958362123;-15.526511621516258;-2520.2300694845894
73.2511846605424;42952.16232150034;1934.9144991014664
1.9998122822544917;447.1135905744849;-192.0758558007785
0.0
72.20850164822966;-15.542497457462781;-2519.6218198709894
73.2514256964834;42942.61927405306;1934.4075246525856
1.999341371995261;447.2959094020772;-192.07144901463923
0.0
65.79077975569672;-15.373650420459688;-2531.893925372289
73.25220673844147;42921.19937539199;1934.459496395555
1.9988864556136465;448.50201842912816;-191.81653412254443
0.0
63.90672138549538;-15.339029402895662;-2507.598451496654
73.26284520025489;42845.037227573506;1930.06194745769
1.999280786588511;449.93196163641664;-192.3853292777299
0.0
69.36306057885471;-15.438286622979057;-2525.718442728239
73.2531644193183;42877.612027444535;1931.253722138223
1.9992501435443983;448.6320875482448;-192.20032169312094
0.0
71.2578377120267;-15.522430620668228;-2523.4978006953143
73.25159129842277;42937.622986656315;1934.0599230849095
1.999624624393101;447.50319812759125;-192.12347118550557
0.0
67.27165071192697;-15.43502580870621;-2512.700352877646
73.2517945791001;42931.81191423056;1933.4917983958298
1.9998590079238794;447.9675955186016;-192.27011710774718
0.0
67.48276475039901;-15.45137104075713;-2513.3157542234953
73.25181077607601;42932.56617599882;1933.4722281453878
1.9998886782578056;447.9091921769856;-192.28109155408774
0.0
70.20651961604679;-15.515098491840652;-2518.030719896709
73.25153630992833;42943.06731988052;1933.8374989858676
1.9998534320815669;447.8139725531081;-192.26411678435548
0.0
69.81792494333557;-15.490972180120158;-2521.546333776978
73.25229188120275;42924.13218397416;1933.4290148417053
1.9995226842759668;448.0303041875254;-192.1972364046181
0.0
68.28046105904161;-15.483353472695425;-2515.4113554092246
73.2516135531926;42934.98503972085;1933.5471070801527
1.9999893260680734;447.85546642283356;-192.28517870550698
0.0
68.2807257983185;-15.482914330888047;-2515.4278706914783
73.25161403068044;42934.946901731644;1933.5427031451943
1.999972001232509;447.8565376371756;-192.28629952498244
0.0
68.30146404269385;-15.484184686446687;-2516.6219870735013
73.25162106920806;42935.607315402514;1933.5061326831376
1.999558018175459;448.04415682864027;-192.28219164631196
0.0
69.09537980957064;-15.497830819080669;-2517.4313561841946
73.25192251802602;42932.319900790935;1933.1736117232354
1.9997522538906425;448.43620916967024;-192.30963360845612
0.0
68.85481271110348;-15.493728531308228;-2516.72869118353
73.25173485422769;42934.74744976817;1933.3373646401353
1.9997657438166876;448.39245131389515;-192.3047502161439
0.0
69.35576849129647;-15.509935826919481;-2516.0538923453364
73.25124458236752;42952.87118608621;1934.3437432275016
1.9998734406286771;447.7332229796558;-192.25411081921044
0.0
69.4545562434888;-15.507953592790535;-2517.3791216780546
73.25137854205039;42949.425793769246;1934.292522341033
1.9996370643111678;447.9619494306261;-192.2367094434376
0.0
69.44936898109427;-15.503902006976329;-2517.6817845835153
73.2517819234574;42933.89584902825;1933.2893647666351
1.9997049785141359;448.70386161564005;-192.3020869005879
