200
4
0.0
63.202053219131756;-15.315718808824958;-2429.122628699307
73.28625470236616;42883.49237549082;1927.3387813547354
1.998999204894431;449.9080578247159;-193.66617558417582
0.0
63.2334184204071;-15.319083048553187;-2439.092163347062
73.28620635625394;42884.51428148767;1927.7624627808584
1.999335377469293;449.9003803908684;-193.52628422258923
0.0
63.24087900274829;-15.319635003174124;-2439.2337179002816
73.28555067880227;42884.545324791616;1927.7710060187128
1.9993018824316569;449.8471668027985;-193.52503616009386
0.0
63.24252262352597;-15.318803526389452;-2442.2642110250463
73.28589247960966;42882.81461379937;1927.8109647286312
1.9990550017558615;449.88673700039055;-193.48846208609262
0.0
63.24526611822023;-15.319825080056976;-2442.8769581082447
73.28575075129137;42883.14286391492;1927.8491393793306
1.9989960960077364;449.90512800078307;-193.48106093574705
0.0
63.373527742653735;-15.322402575743851;-2452.952947326216
73.2743115685887;42875.07306571271;1927.9107286472645
1.9984863823663026;449.8972221995829;-193.38635366974782
0.0
63.37469204172078;-15.3225339110062;-2453.2293791048724
73.27428911954907;42875.17097169917;1927.92708007777
1.9984500543228156;449.90071805020546;-193.38224552567675
0.0
63.38019156929316;-15.325153049617818;-2453.967543008198
73.27395049184057;42875.949540903275;1927.9898521404134
1.998259882733193;449.9573199861207;-193.3750285779176
0.0
63.517210188007205;-15.363718168973099;-2477.900160794889
73.26610716710998;42886.668466708856;1929.3699885558087
1.9988861234703308;449.75319707986023;-193.09252899699965
0.0
63.59724574218368;-15.361507921202188;-2480.792559602715
73.25988424640346;42882.464953551345;1929.377482392791
1.9991908242612608;449.72768050904904;-193.0326444933872
0.0
63.74861405417996;-15.412617132610531;-2511.1910216072756
73.25287159184032;42902.580766197185;1931.124090075962
1.9998750013411823;449.690881412963;-192.696482564384
0.0
63.74992587495436;-15.409558226682979;-2512.0722279284537
73.2528443658273;42901.6384551876;1931.1348772482895
1.9998368307786563;449.4872965407477;-192.6777208564412
0.0
63.5736878788718;-15.329412955934686;-2520.7639615036674
73.26912005434835;42846.55802111167;1929.1209235696338
1.999693769139316;449.5840367886608;-192.55059067377002
0.0
63.592704991219236;-15.332698224081183;-2521.134701746411
73.26749940007247;42847.68701589571;1929.192989759579
1.999734765937354;449.53687073532;-192.5482788533777
0.0
63.810388565726576;-15.382881790674073;-2535.311975940678
73.25329048261364;42874.12839277736;1930.750075521885
1.9990336324448277;449.54285394521946;-192.38469179442484
0.0
63.81996958045921;-15.392891168909518;-2535.22321614147
73.2527807206355;42887.42357212167;1931.3283716043989
1.999588751953758;449.53120504860345;-192.3541356127414
0.0
63.823918308016964;-15.393863920228904;-2534.8981212744343
73.2527423926867;42890.5334887775;1931.478236076101
1.9996051519199094;449.4568001910617;-192.35077277845812
0.0
63.85263824214576;-15.395807716414494;-2539.869185986725
73.25269426763224;42889.96752466149;1931.6572814403382
1.9998565217222946;449.320072192847;-192.27934857803714
0.0
63.84693481139588;-15.395718377200907;-2540.4219067644844
73.25267234072506;42894.158709195246;1931.9041844989347
1.9997760249353491;449.24099593541825;-192.27241225677713
0.0
63.95713672171147;-15.377236650922319;-2543.249332612024
73.25238720930099;42899.71435933152;1932.6750657077782
1.9999145323579872;449.0375361279867;-192.10429414009678
0.0
63.225560960951725;-15.31510586394535;-2438.9912092268846
73.28699586753014;42882.679006721126;1927.6792613187524
1.9993234479010054;449.91499249695045;-193.52408262631673
0.0
63.2484222230716;-15.322337547556705;-2440.5156714132368
73.2847555260375;42883.64009856672;1927.783385479437
1.9991144072677518;449.95185601701286;-193.5171355901927
0.0
63.22592772914315;-15.318446851465021;-2440.5578497566157
73.28694679199387;42882.517866966424;1927.7369779433511
1.999335827098771;449.9130845019371;-193.5113606974791
0.0
63.226197762207164;-15.319055198817399;-2440.7534770092034
73.28693860019156;42882.679167277995;1927.7535588905646
1.999334107599393;449.913202791032;-193.5094143964491
0.0
63.2261811931432;-15.318658099271339;-2440.74701710518
73.2869412601072;42882.481621368104;1927.7435759073985
1.999335002421515;449.9130347026332;-193.5093322559557
0.0
63.69849363031622;-15.396984472204949;-2494.877609675113
73.25364636374478;42895.129494743094;1930.094422834661
1.999913994944675;449.8541615940246;-192.92528345049703
0.0
63.70787141515648;-15.397990620254205;-2497.011713582755
73.25320140672538;42895.963146637776;1930.1687619875408
1.999981950502048;449.8205098566456;-192.89253351216593
0.0
63.715947952525134;-15.401529582798418;-2500.7503798419884
73.25316106893035;42896.19613680882;1930.3671428977666
1.9996941426072339;449.8693531267546;-192.84846342340407
0.0
63.717458784258106;-15.40169687349094;-2500.937570571125
73.25314418645391;42896.777744385945;1930.412460236058
1.9997742672082781;449.85465507931826;-192.8430939792383
0.0
63.7184758051176;-15.40279957316952;-2501.654842941688
73.2531132989409;42896.67820464999;1930.4246010855645
1.9997038494432462;449.8668394704084;-192.8368992744122
0.0
63.7219379588375;-15.406873029320918;-2503.8461302432356
73.2529285892132;42896.47700066414;1930.469807714431
1.9998736520951117;449.83951582353603;-192.81881981278428
0.0
63.72367712772118;-15.40899579285323;-2504.475879486857
73.25292443237363;42897.254148175525;1930.5272043197658
1.9998487674677028;449.8391079263006;-192.81208402509805
0.0
63.724720960008376;-15.40814377631596;-2504.758238569025
73.25292603237772;42896.94880875805;1930.5271460987296
1.999883362566265;449.8370040411754;-192.80718780688238
0.0
63.738300985566944;-15.417405180171945;-2510.1226006734573
73.25292169068784;42900.31729292238;1930.8778348817484
1.9998740166661997;449.8238783273738;-192.74337509945494
0.0
63.38086778330149;-15.290448156978155;-2517.118587151153
73.28953808339787;42835.10472793522;1928.4784398846275
1.99939742592318;449.8948239308816;-192.55147749095562
0.0
63.33387098184145;-15.288695809955096;-2521.0712933876034
73.29133960802578;42832.72709389089;1928.42333860529
1.999258384013535;449.87813329420857;-192.50641232597135
0.0
63.3508875942061;-15.28749232603808;-2522.1809781534494
73.29045903451116;42830.716380642574;1928.462160104669
1.9995717730965892;449.83834251287186;-192.48982345495006
0.0
63.80250359590584;-15.39014834489542;-2534.535255732468
73.25290168641523;42882.12088449644;1931.0537667268684
1.9999824456061672;449.6193577686168;-192.39097987654873
0.0
63.56003340696523;-15.320119669374796;-2534.663054369892
73.27169509945489;42834.8532333814;1929.1062858352655
1.9994975337638878;449.8214721957714;-192.3838312104907
0.0
63.80188468334028;-15.374825433987786;-2535.692747677917
73.25308232524092;42873.47802792374;1930.7793722874171
1.999337131596704;449.6670816885259;-192.35459245842355
0.0
63.81024906044674;-15.375923893116703;-2537.018249308488
73.25299889886365;42873.1059663467;1930.7943189934404
1.9996261117486667;449.657939304698;-192.3421988945273
0.0
63.784455512687124;-15.3256718379156;-2537.976467620696
73.25435001409652;42840.02152094441;1929.51304434145
1.9991265559664924;449.939613541544;-192.3323874939842
0.0
63.89455307575802;-15.408081701472339;-2541.4805805972783
73.25221017620127;42920.97254137286;1933.4916052084075
1.9999456628467491;449.4001877575972;-192.16361995608912
0.0
63.39153403912855;-15.32893722886709;-2450.0222229600913
73.27188689638105;42877.516562644065;1927.9061711261356
1.9991659091174883;449.9749272516434;-193.43450759653155
0.0
63.7094533564669;-15.39293280417887;-2503.401471805819
73.25355505358962;42889.41884764515;1930.1681743493732
1.9996613133896866;449.9411535979018;-192.8262519336789
0.0
63.78115938900773;-15.333573902421561;-2532.1732738112323
73.2541957378119;42851.32256438427;1929.768046589624
1.9995722570073617;449.88956901532487;-192.3898897281843
0.0
63.824437873662035;-15.384953518404158;-2540.6079420622677
73.25330317062551;42871.52820054;1930.8164516221384
1.9994839447435058;449.7368429129802;-192.32627008877336
0.0
63.82386048263363;-15.355703962659003;-2541.759461746479
73.25343852943742;42856.980767047586;1930.257418805553
1.9994574414010708;449.81496691828863;-192.29077154804216
0.0
63.90230995902389;-15.406927679024394;-2542.299028392462
73.25231581114402;42915.02645016561;1933.3616750522622
1.9999590107784966;449.4278059296403;-192.10611458656803
0.0
63.70853831606972;-15.397267937063111;-2497.7964518951726
73.25347218260312;42895.22982741304;1930.2241220644814
1.9992253421393218;449.98384312328943;-192.8831435557172
0.0
63.30462436307296;-15.285498785794859;-2513.7780330374044
73.29195637821448;42830.731755971225;1928.0604429829511
1.9994470857673057;449.9770325335722;-192.61360375306336
0.0
63.78595888451876;-15.33816114519133;-2536.1949329456456
73.25391579255358;42850.47496838706;1929.8972913700893
1.999691566294414;449.9530716957135;-192.3477536870817
0.0
63.82504357280136;-15.38542716729888;-2540.6831207017017
73.25329240940778;42871.919439818535;1930.836509370218
1.9996372194561107;449.7918615163503;-192.32493607216392
0.0
63.80901947053805;-15.330246429926873;-2549.758050612026
73.25423650523555;42838.32744487393;1929.9199235812316
1.9995155318554418;449.88166527635286;-192.1811236983369
0.0
63.20816477411979;-15.313437329109549;-2433.6716080754068
73.28820241933393;42885.70630216021;1927.6206521822617
1.9993820996084544;449.9034713980973;-193.58305706929556
0.0
63.21377097605986;-15.314809550998621;-2434.045561275443
73.28798443189486;42886.365948817765;1927.65251092777
1.9994040854583348;449.9014953057609;-193.5791325418923
0.0
63.23907508766689;-15.321882024529566;-2439.226429946541
73.28565047276255;42885.51780316968;1927.8126936184333
1.9993272653957521;449.8982538617542;-193.52730862158623
0.0
63.233963235783314;-15.319684894084535;-2439.0440667446683
73.28619349462414;42884.92132951499;1927.7792939080737
1.9993084651723558;449.8443893563206;-193.52652804925498
0.0
63.24929511747663;-15.322174466987835;-2444.24763906645
73.2855982842372;42883.91292550669;1927.9346675091335
1.999760304453143;449.77561325474096;-193.4652387103579
0.0
63.38424626453128;-15.357538646269212;-2449.71834732614
73.27355522445754;42894.90861191252;1928.6416065107865
1.9995535924878285;449.84129405385414;-193.42854483
0.0
63.37868967190493;-15.325281001990406;-2453.9087849822627
73.27397443795829;42876.097912491015;1927.9921010023725
1.9981354916628022;449.972543018939;-193.37633368636034
0.0
63.37868967190493;-15.325281001990406;-2453.9087849822627
73.27397443795829;42876.097912491015;1927.9921010023725
1.9981354916628022;449.972543018939;-193.37633368636034
0.0
63.37868967190493;-15.325281001990406;-2453.9087849822627
73.27397443795829;42876.097912491015;1927.9921010023725
1.9981354916628022;449.972543018939;-193.37633368636034
0.0
63.39193133639174;-15.359599896448133;-2462.144942068527
73.27393722577308;42886.35738536161;1928.6639822383224
1.9986700698737845;449.895383101797;-193.30864917970663
0.0
63.55482196850564;-15.391220184981785;-2466.155081874884
73.25939446594806;42901.30823120532;1929.5517060104416
1.9992754152702743;449.6734364740457;-193.26824020839663
0.0
63.599333903761504;-15.39591777364794;-2468.9232528751118
73.25591804922729;42901.69869920631;1929.6832765395015
1.9998432200733094;449.55242799871183;-193.23863680234584
0.0
63.61718429844372;-15.388366134175582;-2475.7681613508125
73.25656096297307;42895.30008563322;1929.6591003847382
1.997733773939086;449.99461737189364;-193.1467187962041
0.0
63.440552058387055;-15.351763910341331;-2474.171944186871
73.27273156508143;42882.9133689927;1929.0293417553892
1.9983506779976659;449.92502553823556;-193.12750607629212
0.0
63.457536889091514;-15.37174590724436;-2475.609857548328
73.27123515727253;42891.30073211249;1929.4876238032095
1.9990530475421593;449.89165878546373;-193.12225509522094
0.0
63.69422027918644;-15.40035511205137;-2492.1637735953827
73.25373955117907;42902.17521535762;1930.3234325702404
1.9989316804490567;449.758626588914;-192.95080766893238
0.0
63.765844735041036;-15.413155405813358;-2521.057520081925
73.25291092058393;42899.078119799415;1931.3159976559887
1.999746734649525;449.36322982428175;-192.57540740790384
0.0
63.810003814644276;-15.40995457216207;-2534.0148328794717
73.2528967719625;42898.77154136872;1931.9052966361958
1.999524625661268;449.43591915730514;-192.37561431668033
0.0
63.812001909298196;-15.407014810146418;-2534.037753884066
73.25290323992321;42897.40957925331;1931.8411893024684
1.9994656527059296;449.4113360265049;-192.37140102958284
0.0
63.81179610106296;-15.384785079616485;-2535.230613076202
73.25302257530055;42878.54813613899;1930.9592990519923
1.9993753936581884;449.6500706241783;-192.36639148934478
0.0
63.806942791334954;-15.386509466811273;-2534.941866106943
73.25301262563468;42879.885579425376;1931.040100063209
1.9993773584773753;449.6463163426267;-192.3625609319271
0.0
63.84619764685753;-15.395736711696818;-2540.177764249068
73.25271027044896;42898.19122382781;1932.1152184687771
1.9997533631329856;449.2248928715325;-192.26789678537898
0.0
64.03266681645452;-15.385602941258698;-2543.064907104773
73.2525332738266;42904.656125073525;1932.8745193709874
1.999942720396076;449.1510062097938;-192.1117035098353
0.0
63.230292841757745;-15.319074692149695;-2439.015790484379
73.28650571298981;42884.63175953593;1927.7643886811522
1.9993303149335206;449.90323142003206;-193.5268172534848
0.0
63.23321190568538;-15.319290161376863;-2439.0868973903407
73.2862272444006;42884.6051372202;1927.7661627050593
1.9993353210066793;449.90084887808194;-193.52647027970474
0.0
63.23793678024599;-15.320241682516611;-2439.1983469253396
73.2857806232434;42884.837377448646;1927.7815272720695
1.9993334242404743;449.90155350719687;-193.52625471617867
0.0
63.22526548631218;-15.315382821371136;-2438.9711713866773
73.28703638315842;42882.83943763953;1927.6848828809748
1.9993241617155475;449.91532351724766;-193.52441246592852
0.0
63.43151183642282;-15.347784609314285;-2473.058228025198
73.27309239295063;42879.612528570804;1928.8148518693836
1.9987852117033353;449.8998554223556;-193.14775527001848
0.0
63.432444214989935;-15.351252697669901;-2473.591446274258
73.2730466699648;42881.1580708813;1928.903169926615
1.9988047970673977;449.8967780819001;-193.14318468826687
0.0
63.432444214989935;-15.351252697669901;-2473.591446274258
73.2730466699648;42881.1580708813;1928.903169926615
1.9988047970673977;449.8967780819001;-193.14318468826687
0.0
63.432444214989935;-15.351252697669901;-2473.591446274258
73.2730466699648;42881.1580708813;1928.903169926615
1.9988047970673977;449.8967780819001;-193.14318468826687
0.0
63.713434473564476;-15.399769967541706;-2499.3367437595734
73.25323202175109;42896.62256103115;1930.3532314374627
1.9998833133560294;449.8902526237416;-192.8603726694581
0.0
63.716456897865754;-15.401775898237327;-2500.916943771178
73.25318586193646;42896.99133247951;1930.4247323148481
1.9997460385080066;449.84631529834763;-192.84210434289707
0.0
63.7188385448462;-15.405346476651983;-2501.724049211115
73.25313192244766;42897.87714200852;1930.485827830121
1.9996887207569083;449.8927816080673;-192.83843074197728
0.0
63.719784360881754;-15.411373777003485;-2502.1916463017587
73.25303811068288;42900.61049813045;1930.6212167060237
1.9996501017223585;449.87637167001117;-192.83696034986212
0.0
63.7371294300295;-15.416518601235174;-2509.837425694406
73.25292347748866;42900.65443247518;1930.8791065770517
1.9998454726778356;449.82869142683967;-192.74838194470772
0.0
63.74604427090049;-15.412481744195356;-2511.1709040828164
73.25287173050522;42902.86732688513;1931.1504834249558
1.9998817601206802;449.69946929506693;-192.69287598277708
0.0
63.76195572201991;-15.416751269363917;-2516.266008399543
73.25287987773885;42902.27928584649;1931.2931755314005
1.9995991554339956;449.67824651814203;-192.63574749234323
0.0
63.76895709438584;-15.416536687267262;-2518.5357387296294
73.25285426284913;42904.44796054787;1931.4814119727887
1.9999523392995202;449.65645937834006;-192.6066792775831
0.0
63.30870585750108;-15.281950929303523;-2515.5783343539656
73.29325708407747;42833.20313208229;1928.271032652468
1.9992691939234832;449.8855350109262;-192.56113076423878
0.0
63.77606676987458;-15.415403140286466;-2524.5617756688002
73.25291204585695;42898.675179809856;1931.425163036019
1.9998331597518502;449.3943655163405;-192.53370579574778
0.0
63.77774612175159;-15.416823291049214;-2525.197841295676
73.25288936488077;42899.0783916882;1931.4625969432855
1.9999939901362576;449.37624776876436;-192.52702619573856
0.0
63.781786434319464;-15.384215011610776;-2529.754679111999
73.25307825163314;42880.164015214454;1930.794903109473
1.9995261346564879;449.69706185883376;-192.44962436694743
0.0
63.82259335541883;-15.386214841138944;-2540.4719110271594
73.25336151156246;42872.96786332786;1930.8825100406877
1.999493513234367;449.8442608563585;-192.32767488455096
0.0
63.82407681042493;-15.383359813217906;-2540.6805338464246
73.25317534219542;42875.40441677037;1931.1109571864242
1.9996519862400395;449.60171919038197;-192.29839518106448
0.0
63.85596148360045;-15.398340671425846;-2541.2336959690274
73.25275925723724;42895.457149557355;1932.0767304215035
1.9999731887372387;449.272950697899;-192.23276576370898
0.0
63.886643516926064;-15.39662514474347;-2542.5801949777383
73.25241711312077;42905.165607837895;1932.8955511939077
1.9998311225299341;449.4496946067753;-192.1262507194137
0.0
63.22576992078603;-15.317658267559922;-2438.964538828483
73.28692598786738;42883.84359252245;1927.7280162189195
1.9993417848176556;449.9045321118929;-193.52672381501122
0.0
63.225359672834834;-15.317406250054717;-2438.989238922109
73.28695711846274;42883.64604363178;1927.7210389993418
1.9993383738353858;449.90807374885713;-193.52645786858167
0.0
63.22534794880965;-15.317298355059036;-2438.9894791738043
73.28695826882836;42883.60052759464;1927.7190802304833
1.9993392658977966;449.90733560518146;-193.52637880934674
0.0
63.535276978079814;-15.325942943895829;-2519.550724080761
73.27380103526465;42847.52820933143;1929.1073358954507
1.9998716551293934;449.72213495020287;-192.54419461819987
0.0
63.789556935168775;-15.415114426788637;-2529.329429262842
73.25299686294657;42895.58923599749;1931.4483049857397
1.9999123854114158;449.4652123140385;-192.47819988579727
0.0
63.79983231117299;-15.376244614023397;-2535.2860504971973
73.25353805643206;42868.057235359796;1930.4495884209741
1.9992182346308593;449.9484727888869;-192.3966380306861
0.0
63.812447358557584;-15.411009007784553;-2533.23960469387
73.25280662559715;42899.971332866924;1931.9324832358095
1.999991930637398;449.4501050179014;-192.3878011865431
0.0
63.826749342691706;-15.394172052698972;-2540.049980585666
73.25329387787282;42877.82273860357;1931.0848785592677
1.9995986832509505;449.82689361242063;-192.3301131851995
0.0
63.680402734917266;-15.39322168646093;-2485.6327425835007
73.25392972241691;42899.782254071084;1929.965454706122
1.999720418338694;449.9169124172862;-193.0247100342998
0.0
63.72057177744403;-15.407663878650325;-2503.717454859533
73.25308736371736;42899.033866305115;1930.6289329216484
1.9995043248660063;449.9880369843996;-192.808078271593
0.0
63.728665177325745;-15.406650748161223;-2505.3596575633524
73.25304723666382;42897.914189814546;1930.6401800916112
1.9996433978941752;449.9239549617468;-192.7870009150979
0.0
63.392177467373266;-15.296784465897785;-2516.791185966496
73.28955503772;42837.33065958013;1928.5444154749448
1.9993587299306719;449.9333558563575;-192.56562520341865
0.0
63.81347786223153;-15.378655380600318;-2536.3795379526414
73.25365019478886;42867.56232622528;1930.4898100385494
1.9993933432166373;449.9274408065535;-192.37808971038362
0.0
63.78788909606275;-15.358453513268902;-2535.8552604790684
73.25424545938732;42861.26136454916;1930.3360268425165
1.9996973995213547;449.92024612853334;-192.3705132072193
0.0
63.72557113941277;-15.40751472807848;-2504.8944275692834
73.25297766782138;42898.309992088274;1930.6376459297135
1.9999867262440838;449.96346391754645;-192.79374112641972
0.0
63.734602013032166;-15.411319262376482;-2509.769605687086
73.25296632783838;42899.224456515956;1930.7930072296476
1.999741140992894;449.98867540499606;-192.75089695186648
0.0
63.80814627425643;-15.377340925497062;-2536.3350850665797
73.2534565154069;42867.69051903542;1930.464815643201
1.999483321862611;449.9426746600019;-192.3842322632333
0.0
63.78356002173679;-15.336305582022895;-2534.011775983642
73.25664892577872;42848.52979806666;1929.7488197629084
1.9997340350822852;449.9687722418483;-192.3792871763705
0.0
63.2424375881008;-15.326730874075949;-2439.151492009477
73.28578439182093;42887.819160868734;1927.9075850512663
1.999348485914233;449.85259976240707;-193.53210361628865
0.0
63.234755220776755;-15.325720357276355;-2439.079507897437
73.2859971577957;42887.533324304146;1927.8924634738626
1.9992694851671386;449.8192800179789;-193.53154673743524
0.0
63.572127808888375;-15.413284314714184;-2460.552396143882
73.25677127419692;42911.57830394257;1929.799205067503
1.9998223352784275;449.5332524752967;-193.3625563643048
0.0
63.39799571312746;-15.399213039601227;-2460.4080692754324
73.27178388583006;42907.32591938535;1929.5336671458115
1.9985268186480258;449.8758876414954;-193.35540351207925
0.0
63.602827418099935;-15.421812051997042;-2472.6353098538616
73.2563389569351;42909.256612899764;1930.1090715199512
1.998281732818985;449.8858418406309;-193.2255902832878
0.0
63.39738310800111;-15.341957420184208;-2465.2112208329627
73.27902949625299;42887.46941218863;1928.9895100412464
1.9996905295320082;449.7702757342482;-193.20360708984728
0.0
63.58741655745281;-15.392194037434935;-2472.9081775647373
73.25794634058671;42900.164075713205;1929.7700867221658
1.9989374519387881;449.5342664631448;-193.17865361829138
0.0
63.43697135244584;-15.352110793470777;-2474.045724242125
73.27306906370784;42883.03174690613;1929.0243833472086
1.9986553013313428;449.8466607081593;-193.1296318667884
0.0
63.897744637876194;-15.407246937790621;-2541.8397501626955
73.25250665506738;42915.39103647011;1933.3541207362439
1.9996758959606737;449.52167619228726;-192.1163087556768
0.0
63.22569384472592;-15.317512232977629;-2438.9280358435394
73.28693785399183;42884.03576234413;1927.7335983947448
1.999320902703041;449.91634852620393;-193.52659018380612
0.0
63.225129403265704;-15.316908382589158;-2438.914375246564
73.28703486690574;42883.73154884341;1927.7197375157543
1.9993246951227448;449.91442912709164;-193.52605588853604
0.0
63.225229994886476;-15.316907064958299;-2438.9150639248724
73.28701221346307;42883.75657833182;1927.7211281236935
1.99931962720289;449.9107434855069;-193.52604867808415
0.0
63.26958000473214;-15.32779987607087;-2445.9181361543174
73.28433721845256;42887.512028609635;1928.1489802646292
1.9999640685126747;449.831635602507;-193.44158288431774
0.0
63.354738280991825;-15.355767680733681;-2449.6216807872224
73.27637578160054;42895.331976010195;1928.6531097261266
1.9997232809940735;449.82095776491275;-193.42435747056768
0.0
63.32347356277337;-15.331959785561175;-2449.1244666012567
73.27960460285371;42885.17978592954;1928.1862767124107
1.9993675928781556;449.85399183105295;-193.41202864875916
0.0
63.63268329056373;-15.393020682717818;-2479.0357437912644
73.25667233466906;42896.66521044242;1929.846318879408
1.9984423452912603;449.95623901375143;-193.1047109802189
0.0
63.51774629108643;-15.386298223124044;-2479.4304862747085
73.26667651431764;42896.194202396386;1929.9482465985486
1.9995071431491684;449.6700423684746;-193.05150479297797
0.0
63.70675173051592;-15.40387666229098;-2496.761927367767
73.2532777137658;42900.29793191179;1930.3978813363751
1.9987017470985775;449.9002977707612;-192.89362584702675
0.0
63.75028166553416;-15.414626543952187;-2512.7459516268555
73.25287928069434;42903.00677511674;1931.1971474181605
1.9997377456171768;449.64696638453853;-192.67833823595882
0.0
63.72312442042105;-15.394862248340225;-2514.5641573242588
73.25507632388488;42889.50637626659;1930.645435668128
1.9995858807708253;449.62985213583613;-192.6572654958803
0.0
63.282072314747936;-15.281549589020965;-2514.5528362480873
73.2960024603896;42835.81071334111;1928.362028833258
1.9992621758929778;449.8818694121546;-192.56305422269554
0.0
63.78610486789077;-15.395362369396517;-2531.3633720160024
73.25306522645018;42885.70138356227;1931.1035384889558
1.999589786539712;449.6290190487577;-192.43525158825258
0.0
63.78866600048188;-15.395515607103862;-2531.5236795237965
73.25303488378205;42886.62754780303;1931.1810964431413
1.9993966156664154;449.66801150870265;-192.42713485929164
0.0
63.22506178025758;-15.316774634801716;-2438.9111154651596
73.28703649830726;42883.68854368044;1927.7181042718894
1.9993205677611767;449.9116058930128;-193.52591421550278
0.0
63.69311738464287;-15.398183194018827;-2491.6719938350943
73.25405492709868;42901.22898708886;1930.2361025226385
1.9998904983413808;449.90290276439697;-192.96057314012725
0.0
63.714403978488626;-15.40916596051945;-2499.2053366867144
73.25319222964312;42902.085728412436;1930.6033540103967
1.9996483971752599;449.9108301835924;-192.86443487487767
0.0
63.73392183675743;-15.408297304486958;-2506.1323739561763
73.25299523192898;42898.66550896901;1930.6953504457742
1.999495132647625;449.8900821296205;-192.7796061070104
0.0
63.750605430495696;-15.418687618407736;-2514.346171686757
73.25293428357843;42902.020506241344;1931.1152295411737
1.9998134174647997;449.8361740929713;-192.69145454986275
0.0
63.75218886760942;-15.412440328546149;-2520.178350263942
73.25342750215503;42893.62607224803;1930.9511513975247
1.9995237486086428;449.7075235150709;-192.61372383389528
0.0
63.763362950622664;-15.418531699474007;-2517.4820185519497
73.25286995719908;42905.535084468516;1931.5367702278302
1.9998799232451225;449.70309795497866;-192.61012695978917
0.0
63.75365199019081;-15.412451341287309;-2520.197035724419
73.25320489041702;42894.71985920922;1931.0262232358239
1.9996783428742848;449.6944992752057;-192.6076751431693
0.0
63.22502704363463;-15.316602845696154;-2438.910291617023
73.28703808668669;42883.62027943507;1927.71498791444
1.9993250281118626;449.913872599561;-193.52581949534596
0.0
63.22501532993423;-15.316494941638844;-2438.910532436365
73.28703923724247;42883.574758264935;1927.7130289777554
1.9993259203195717;449.9131344497113;-193.5257404104313
0.0
63.22510974554913;-15.316097207308669;-2438.913852604228
73.2870433374349;42883.366630344084;1927.7044072761726
1.9993237173854317;449.9151093248838;-193.52528842726798
0.0
63.8243658181974;-15.406450938330993;-2539.498587678982
73.25329045708301;42882.240664033816;1931.2140852101456
1.999594264854867;449.8466918312015;-192.35864271849042
0.0
63.225035980585275;-15.3165882097797;-2438.911035776405
73.28703829900645;42883.60973056923;1927.7145718924348
1.9993253101122062;449.91402743655414;-193.52579872912182
0.0
63.260130314550466;-15.308564411265685;-2498.667852372961
73.29405560952323;42848.41776727701;1928.277369458804
1.9999730820342652;449.93106718904204;-192.81811876291374
0.0
63.81790696238171;-15.388797588767732;-2538.8440473539845
73.25351368475053;42870.96916417778;1930.6602137174348
1.9996388202654574;449.9225885796002;-192.36770258824598
0.0
63.22553698411514;-15.318226485604072;-2438.8706937704887
73.28694480325011;42884.56297906418;1927.7531231740052
1.9993204580597979;449.9161342643921;-193.52746627685488
0.0
63.22464129983415;-15.317397586831524;-2438.9007693638773
73.28705361701562;42884.00372051489;1927.7311251471338
1.999324171549744;449.9136270574754;-193.52660102277048
0.0
63.22447002775087;-15.316385412083532;-2438.9109358579008
73.28708931773778;42883.482621325384;1927.7094830263643
1.9993202971056385;449.9155199452271;-193.52565154997387
0.0
63.2994470774501;-15.345663188318182;-2448.5727173097525
73.2813892600923;42890.60228210325;1928.39907723755
1.9990253816189754;449.8880546403364;-193.43304708530246
0.0
63.422480625939315;-15.352668157378208;-2472.8492363824785
73.274421486199;42884.05736881407;1929.0624457633069
1.999836493661606;449.79200331264707;-193.13854676398472
0.0
63.70619804602789;-15.404556052935323;-2495.561347640591
73.25339032885643;42901.35026984459;1930.4358781831302
1.9996013260663372;449.870484877214;-192.907056533256
0.0
63.744294770394525;-15.41136036974686;-2511.1486322334217
73.25297807585733;42902.36365721472;1931.129723391029
1.9998532861739335;449.7633421498778;-192.69151095661235
0.0
63.74221366639035;-15.39652356267635;-2513.7336104411083
73.25362642233189;42891.1033220857;1930.6688602436238
1.9995592598790635;449.7197018943795;-192.66936536638897
0.0
63.680915049200905;-15.3576270615937;-2512.600599351328
73.26060325223999;42890.79033215464;1930.7308664478717
1.9975184920657847;449.97511800656065;-192.62173256180338
0.0
63.27616766373626;-15.281734214577995;-2514.4618676510986
73.29657188130075;42836.28718270098;1928.389211647056
1.9992658105536403;449.8858311126004;-192.5626648487637
0.0
63.77670797370318;-15.416880826854545;-2525.060679487201
73.25302263556875;42899.48466834858;1931.4801567467605
1.999998114240908;449.5635012597043;-192.52714446357484
0.0
63.79740188048101;-15.4201407209531;-2530.4645137303505
73.2530205506795;42900.38902144782;1931.7356378355996
1.999676789288077;449.70655410928987;-192.45861284210577
0.0
63.78916566585582;-15.398047089381807;-2532.055590486429
73.2530892043133;42886.88390475318;1931.179475443871
1.999502548865155;449.6779705538547;-192.42777782725338
0.0
63.91718333089275;-15.399141794651992;-2542.97315620463
73.2526714370635;42916.90299474627;1933.5361978435385
1.9997068048800521;449.67663008643785;-192.07775524117653
0.0
63.22483720107766;-15.316663445124545;-2438.9084547009893
73.28706086909435;42883.62826177209;1927.7152888063174
1.9993243739445037;449.9156375655512;-193.52585474926695
0.0
63.22385052218613;-15.316316462529683;-2438.8850842695156
73.28715663664782;42883.51257978758;1927.709420933784
1.9993242113648646;449.915615853128;-193.5257265103086
0.0
63.720297926110064;-15.413656643565615;-2502.9184377719057
73.25303348040494;42902.15075836621;1930.7305135898362
1.999693652429233;449.8734373252744;-192.82435742570127
0.0
63.720297926110064;-15.413656643565615;-2502.9184377719057
73.25303348040494;42902.15075836621;1930.7305135898362
1.999693652429233;449.8734373252744;-192.82435742570127
0.0
63.720297926110064;-15.413656643565615;-2502.9184377719057
73.25303348040494;42902.15075836621;1930.7305135898362
1.999693652429233;449.8734373252744;-192.82435742570127
0.0
63.786266183912666;-15.417128850753755;-2523.582245299401
73.25289813636014;42908.229262684144;1931.8778703248945
1.9997064413033525;449.7233954135504;-192.53474934278216
0.0
63.754072853926566;-15.414268410074182;-2516.0676265155184
73.25312144113155;42899.865668595536;1931.0791501223616
1.9997275455941677;449.9083159461338;-192.66678080025468
0.0
63.218751081276395;-15.31631611909327;-2438.741612528577
73.28773215066597;42883.71744441123;1927.709899895958
1.999327282096882;449.91305591269713;-193.52732308152767
0.0
63.22450403064481;-15.317001376374717;-2438.901613855144
73.28708066732443;42883.79314107536;1927.721862746569
1.9993281504203075;449.91079172220515;-193.5262652017696
0.0
63.224579581515044;-15.316677234548235;-2438.9034069394997
73.2870839794835;42883.64203441573;1927.7156724763388
1.9993243875088968;449.9156445418559;-193.52591594942837
0.0
63.395142646458275;-15.383674424095243;-2454.1890388911343
73.27910502206255;42908.00932796083;1929.3908774016536
1.9998293179910613;449.61067550776033;-193.3947409721496
0.0
63.39977040249387;-15.373982652726644;-2471.419587679708
73.27602256278752;42895.24392850649;1929.4629268018275
1.999678236150634;449.74140769349674;-193.17335242419907
0.0
63.726270942564064;-15.405977635141149;-2508.0742337204106
73.25391744988394;42898.37430641346;1930.7757649213488
1.9993947809306893;449.48379742700564;-192.74582763088816
0.0
63.756947407628196;-15.409202379895648;-2524.5036985104407
73.25415708567108;42894.818783554605;1931.2547568671641
1.999388174468516;449.51914747087187;-192.53341445576632
0.0
63.78425596034316;-15.414346292330752;-2525.8153806148407
73.25309830462892;42897.876984098875;1931.443819965779
1.9999489870528233;449.73496558499653;-192.5153925040036
0.0
63.83653614876538;-15.40204725089551;-2537.7819286198796
73.252602659278;42895.390965799175;1931.8544827636483
1.9999070127403749;449.2452562449377;-192.31126165554082
0.0
63.34380649773377;-15.286375901823483;-2519.2854455507972
73.28980607224888;42830.00546160576;1928.2555150318174
1.9992947811102681;449.88981862198966;-192.53499912048
0.0
63.225233126767016;-15.316884627176616;-2438.914620577841
73.28701241071198;42883.746109387976;1927.7207102674306
1.9993195358733455;449.91064948357325;-193.52601531842905
0.0
63.34380649773377;-15.286375901823483;-2519.2854455507972
73.28980607224888;42830.00546160576;1928.2555150318174
1.9992947811102681;449.88981862198966;-192.53499912048
0.0
63.845778967785506;-15.395345463774817;-2539.2441111745975
73.25283076253356;42885.97215689228;1931.4201758215945
1.9997381389743545;449.4767504349504;-192.30418900590425
0.0
63.42848941213863;-15.352711480002428;-2471.3633474030016
73.27307914411114;42882.09882799761;1928.8621227134697
1.998818624241165;449.9201726499624;-193.17275555663727
0.0
63.614591269633245;-15.384856010622464;-2477.3543632497663
73.26664386153406;42895.26029786669;1929.990038661786
1.9994941328423272;449.6462238978573;-193.02180644128453
0.0
63.25637654276758;-15.32085787511993;-2443.724582251015
73.28524117942423;42882.868225948085;1927.8478129633313
1.9988065101194448;449.93117462909333;-193.47663099887657
0.0
63.77807915912221;-15.380420511699912;-2524.330105694426
73.25334594070203;42876.39672181689;1930.4282437008449
1.9986014365982194;449.5022110448236;-192.52770608358546
0.0
63.828443957380884;-15.395535833805143;-2534.850777069575
73.25261411399008;42892.373412683155;1931.5883158036609
1.9999228384636512;449.19683533126914;-192.34885646411772
0.0
63.82927008195752;-15.395894129874115;-2535.2036815070896
73.2526059654116;42892.49835941633;1931.6075711297208
1.9999305241632719;449.1895044703671;-192.34444591852505
0.0
63.82927008195752;-15.395894129874115;-2535.2036815070896
73.2526059654116;42892.49835941633;1931.6075711297208
1.9999305241632719;449.1895044703671;-192.34444591852505
0.0
63.34380649773377;-15.286375901823483;-2519.2854455507972
73.28980607224888;42830.00546160576;1928.2555150318174
1.9992947811102681;449.88981862198966;-192.53499912048
0.0
63.34380649773377;-15.286375901823483;-2519.2854455507972
73.28980607224888;42830.00546160576;1928.2555150318174
1.9992947811102681;449.88981862198966;-192.53499912048
