100
2
0.7700325728966584;0.06749452840271945;0.6345009211165358
3.9979280982211156;2.6836806987055785e-7
0.8021062841565967;0.5908595573360448;0.08761090585415769
3.888435452601853;0.0007889568700844671
0.9416448420094149;0.22572566327335342;0.24975197659772083
3.9889782057462426;7.602975202136468e-6
0.3028464475540089;0.25778851675139725;1.130690839471115
3.7764124274718496;0.0032149618500226466
0.4370371580255159;0.835745332519416;0.3402319352200137
3.994823094001414;1.6761070390436776e-6
0.28148496960439723;0.3697151169834139;1.025876740514099
3.996056233427298;9.725604267772857e-7
0.29885751868054333;0.28542581624237784;1.0803055892473967
3.5517257647722627;0.013316633108194994
0.4254355584001717;0.6622384894163085;0.6207094662708011
0.1692224916938482;2.5237560328738664
0.3812582580364784;0.418203509721576;0.8326096415246695
0.3556745352286697;1.970136322653001
0.31262729910766135;0.4341609422076824;0.8462545015078773
2.174616040508248;0.27598427982577856
0.4502174780949319;0.7560431563466805;0.4811779752715886
0.7139755138493007;1.3340926428626727
0.9059663981559869;0.2709677376962017;0.42554920538693375
1.1010447218468986;0.9038175955705068
0.5580913444565349;0.11789403542115641;0.8213776163425315
3.7200997053978573;0.005075707614978287
0.9163576209706596;0.2935128885152389;0.2913946960968408
1.654163301337634;0.5095921023549487
0.4852383926968517;0.8071052488525923;0.3954075849471109
2.1178930449292848;0.29669997830895867
0.5240257627322511;0.7268537118801761;0.4446577659270238
0.09646716881328912;2.854100596093053
0.8336057234143119;0.15407136950850595;0.5351128258618469
1.1234938674194503;0.8836941223004423
0.6771377851612072;0.7174419276720713;0.16380116981077855
2.346231400429068;0.21926621308998143
0.4677980974097525;0.20490744614454545;0.8611533875462453
1.3096616038703084;0.7320437013007924
0.7175828012426112;0.6280218231462729;0.5030503607391533
0.018714768022644452;3.471507048447791
0.2884930311439385;0.3112346079078857;1.1027182747818112
3.8455716537494236;0.0015199927778579657
0.6649714837320383;0.13622963216928521;0.7373061076959075
1.5168677420256018;0.5904203534493644
0.3574367368282424;0.282058381773001;0.8919742990603627
1.5668976547091669;0.5598663510975478
0.7573603941785092;0.07500605305641947;0.6556061894336247
3.62048370491132;0.009456226404812853
0.4662183657401459;0.7740870066654304;0.4587444817496322
0.948138991343445;1.0532418346145127
0.6058817624417041;0.776925066251601;0.1727554492986249
3.6287767538788;0.009037384185056981
0.6327532651706538;0.1095238468874177;0.7665950016918004
2.9734950969116185;0.0759649918242985
0.5639713915861486;0.7870274945544271;0.26240547096198635
2.165111672823854;0.27938429507506257
0.4962676975167801;0.8258370391024881;0.2882392207923166
3.706546456404883;0.00558915860884029
0.5363276023484408;0.8014001597980309;0.2649400203050919
2.4837184747405647;0.17979147676152438
0.33037514644103366;0.49307343612746307;0.8048281195183244
1.4682606913691363;0.6213883945259255
0.40743485367148236;0.17722570659212442;0.9387781323524089
3.3719235246979937;0.02680430203265297
0.7488122896900133;0.6379215495148011;0.19111249707968367
1.187332405506393;0.8287410633291653
0.7008804934144072;0.6433328530209015;0.40554889912590275
0.01929303120458683;3.463695605658545
0.5937164602348716;0.11829010572658173;0.7965485276272081
3.073523593406618;0.060936517690132606
0.732171718912065;0.09499649350531511;0.6807886732680105
2.731697816670967;0.12055834856598141
0.32271052174257636;0.48691957805615566;0.8136006625198706
1.7461531255185747;0.4604696306148934
0.41480376167140165;0.2375285832743496;0.8791052385549223
1.2479311395825305;0.7794976072000146
0.6879569235193247;0.23285554555080354;0.6883614341053708
0.008807540764712567;3.633413544761312
0.6252663189204514;0.18485927508182529;0.7606117180675952
0.5236457771721388;1.6291108517041075
0.8623693178879279;0.19486541095761026;0.46727603034801857
0.7664438730459359;1.264572663430286
0.3708511110714453;0.23657564812087986;0.9302478328496881
2.074052535365161;0.31342404831250464
0.6225085238992538;0.1023278625269947;0.7797803549358442
3.528740210576957;0.014763675530330162
0.8187997505780351;0.07382869499301621;0.5705059778504714
3.772077386292392;0.0033427286613133982
0.4097838544517609;0.1724315647880525;1.0050402208178046
3.563616656365513;0.01259907581067707
0.3016275524898873;0.26681311703895966;1.1087051717972305
3.6787239159366316;0.006724003593950561
0.9359592555958527;0.2523495436571831;0.25023306180039434
3.2919299258636388;0.034459373817408094
0.6143458955113684;0.7452235843398006;0.305646102846821
1.0129184069137154;0.9871645010447232
0.29727216193141043;0.30241171966374725;1.0882699048584907
3.450122357613162;0.020320360129609135
0.8477060347263694;0.08168693988163353;0.5296271429780507
3.724252625033721;0.0049235090716650606
0.29324518367402475;0.3959668106749029;0.9150855595118924
3.212410182355202;0.04313107510297902
0.8860886417225591;0.35617604410344733;0.30208897099415144
0.4875575816623658;1.6945446374392545
0.7810377246747175;0.6085360082568592;0.1406256191802386
2.018189636625665;0.33566958069883707
0.7642838839409731;0.6374784043410909;0.11408103194754712
3.6075729529193836;0.010128168867962965
0.7046855109555779;0.09064463692436978;0.7180080453139596
3.139769867408126;0.05201155616965545
0.5094657698905243;0.7976210008807837;0.32309347293311574
1.7607586207166825;0.45301541559956604
0.40309514038129984;0.1759703135587661;0.9635540752121756
3.5325793512212296;0.014516461118508881
0.34509743235994755;0.5238857904398481;0.7824149871314794
1.0426869886439063;0.9582051588027574
0.29687069988222003;0.4411544831694132;0.8493384928700274
2.9561582414701624;0.07876543143505448
0.8702370919207432;0.3868771125606948;0.3312358970501675
0.22465431733120353;2.328745807592599
0.7408360175017554;0.12677622972066682;0.6606875724478231
1.485559950203959;0.6102179926318193
0.8561509097481789;0.45909845918218123;0.23847594833460434
0.5185550317461469;1.6381244201989167
0.43555812147006323;0.6766215598471113;0.595646460108309
0.15333591356363635;2.587010718395602
0.4457179307221596;0.6806371458876838;0.5827519146426897
0.11122089484627956;2.777229021729928
0.3338367813279976;0.23502969374903224;0.9982257726251412
3.1054073552435155;0.05654094397593865
0.5299487895834868;0.7292547835546876;0.43287959710624163
0.10899640951687464;2.788412238678077
0.39939272564009726;0.7662384357653002;0.6047561739672633
1.6015709109613716;0.539443435740904
0.6567864331119342;0.7373950592993141;0.1581073693113709
2.9072974019002165;0.08697787636452028
0.9031471303258061;0.3368498786982825;0.3490945609663417
1.104318034533012;0.9008565380365601
0.7955737255779246;0.5279878111926468;0.37024718490965636
0.009829757806164465;3.613249217564171
0.3356692167818163;0.21899329683536364;0.9728369601731098
3.507271056607833;0.01618722943533715
0.6410184254054183;0.7031014914940729;0.3187374907609062
0.18201655342498585;2.4754806309200497
0.6373634573672198;0.2139149288513848;0.7491568723410418
0.13393544369117566;2.6700477775573255
0.5724926068790525;0.7696089788558665;0.3561027735723781
1.2372134627429598;0.7880095559875774
0.5869405922462433;0.15635995417520826;0.7975728871538442
1.4935787227701078;0.6050963852422606
0.3953308362035547;0.6164812807025564;0.7038661791982308
0.30443351410033626;2.097413753063888
0.8800730591033614;0.3794161347611417;0.3121255895557705
0.43427949176317043;1.7982840691171587
0.31912547826570875;0.34261855585913364;0.9715621909065019
2.176225069018042;0.2754114722088129
0.7144531644724312;0.6338463130127033;0.36055126806286036
0.033408906014598734;3.302284774123454
0.8093976835542562;0.5805852790583831;0.08849595131700516
3.8176854728734724;0.002126147657166528
0.7281038069514991;0.6164273249126951;0.5426992085785701
0.014000524206580142;3.5407052809331216
0.7637221008243867;0.5969960823663619;0.25781492996218386
0.2274432372205999;2.319802863478841
0.3548717447029042;0.47678702660068173;0.8194309628121837
0.7687653075535362;1.2615948068711729
0.8392778959254982;0.5134270205692687;0.2041281508653795
1.2130105649716882;0.8075402110200228
0.3882983946138403;0.7683112825194983;0.5666521799667376
1.8822098722943394;0.3944637086394068
0.6978811793366482;0.13555124390610826;0.7331397985605255
1.3533602174307482;0.6999997672945274
0.3951523119240017;0.21696272412080814;0.9016654106251372
2.089995697475639;0.30726873179498154
0.8751977828889954;0.16520767206813894;0.47424705670603085
1.4999625880232617;0.6010441963400335
0.5799594335339979;0.7087090957552897;0.4022193525018496
0.01835149100287343;3.4764807905161477
0.8147858229184533;0.5426459558003546;0.22550672289078386
0.6852329984358867;1.3740809368455122
0.7908501229159218;0.25812795371991004;0.5549118730320449
6.0842730556828016e-5;3.968860142595636
0.3379284730195939;0.3512008058601478;0.9200281140494717
1.483926143232777;0.6112658542608038
0.8957192107810766;0.3921302801066068;0.23019850495567754
1.5244113607333907;0.5857291709448788
0.4003444547516917;0.32134652379582473;0.8583811865865367
0.45166164742969306;1.7634305638219074
0.3390950485619236;0.31931824928399205;0.885008515724458
1.660412807843133;0.5061325549377743
0.5015461135605991;0.8201878429638897;0.27959826181012004
3.267801806701125;0.03697689475518575
0.6948618936145708;0.20545323816765;0.7097009285544567
0.12505978144218405;2.710508084587331
0.44428649128823616;0.7127028978138769;0.5444016348371984
0.2833189290120158;2.154210462025833
0.6048298556866627;0.7572284899559167;0.2582351643799986
1.4099468970699767;0.6602995045660208
0.7071659698976273;0.6903189549075841;0.15289247855964605
2.2424144898302503;0.25253704222883844
