100
2
0.8057428817181367;0.5862153423140052;0.0848823783105663
3.9841092179399555;1.581373686539175e-5
0.4386346234200066;0.15422102984575678;1.078989011901866
3.9484783458211408;0.00016698219564095632
0.4306524041769223;0.8348445478612095;0.34294011873396524
3.9495442618919334;0.00016012283619555535
0.2810941561207695;0.3958506596681851;0.8924335333810365
3.9690881590078453;5.995325242051837e-5
0.9416497254819621;0.23061338767180403;0.2585715691082066
3.9770370827602664;3.305090944487695e-5
0.7492742513061291;0.06949068429962461;0.664384233147082
3.9697272512468507;5.749523125961064e-5
0.4538765053913651;0.14988504741222422;1.052751435410298
3.87365322919135;0.0010137946013471393
0.669878108089064;0.6763578252568144;0.4249562703234982
0.08065380269111756;2.9446692768027227
0.4936635647916571;0.7821004664105685;0.4082901341923311
1.0684653168644025;0.9338014768611501
0.8601959561125821;0.4794864876932507;0.1917068656354401
1.517292118405855;0.590155638208287
0.3169694028635597;0.43229756662492236;0.8474897339574685
1.9893031993232035;0.3475967917572039
0.9243030337823144;0.14771921605406407;0.3661769523516126
3.873959013204645;0.0010088538759121493
0.8734914999021645;0.42039575120738004;0.38080419985825076
0.6280497244485158;1.4580661927600225
0.320260330355623;0.2387824831892696;1.0297766021019779
3.474879871004593;0.01846800362002049
0.5860799801918489;0.20860059079566057;0.8009133647489342
0.33106859050529575;2.029526184186279
0.42321694245790337;0.8140149323696514;0.3990126252347419
2.75217487847632;0.11630281403587305
0.373310451667485;0.7972671086949324;0.48910437181741073
3.1034220827096157;0.05680918548347026
0.38175366846658393;0.21631718107574724;0.9099700195835001
2.3843398878846633;0.2078167392067104
0.8810026877049862;0.3476359671593487;0.4564519522983168
0.32230121650656;2.0514380625263473
0.9112075219187267;0.37577000356344475;0.17191072418467826
2.896017358373175;0.08894179437575452
0.40899655623696757;0.18691671286620398;0.9366242663143511
2.8906440302467247;0.08988638981080081
0.4811901169569518;0.8261661409864279;0.33229333790844673
3.4399835995767596;0.021106488232472524
0.5694251793100831;0.2716102898453865;0.7865952067393434
0.0005770654008461626;3.904488323013725
0.9018614718301201;0.35660383495328646;0.27522809466374454
1.2553327066934719;0.7736674685151952
0.5074789740638905;0.810115606723847;0.34383094830915834
2.5312252771975063;0.16729532510343093
0.7026258405259973;0.1189529812489085;0.703829970265357
1.891568440581885;0.3901963345241463
0.4416751106554887;0.15990259584549452;1.0495383007948824
3.547781137105768;0.013559332984768527
0.9139856028965551;0.32736977677099055;0.24962249159132094
1.7716223315682786;0.4475301737358789
0.6335655375002072;0.7303697265308318;0.5016700399279308
0.8373223630347115;1.1771095538451442
0.7572082062613603;0.09135757633196723;0.6469440297846488
2.803236717832977;0.10608900516248279
0.7077973464380143;0.08317877984085283;0.723591301724914
3.5145011840009164;0.015700016879957045
0.7679278233352339;0.5644164315509924;0.5301627225841495
0.0017587886615303896;3.834007131189879
0.8555892060128879;0.0994997842613719;0.5137131872624838
3.0766803260611684;0.060492955631363914
0.36797177939540365;0.20198156450522134;0.9928488876441001
3.2032091548833637;0.04420458175074005
0.649807669992813;0.6813178215142633;0.5495362867691314
0.02302604411643121;3.416052646130243
0.2897964955190332;0.4139472185984067;0.8740817386831514
3.3886487296572687;0.02533563876426369
0.4720473034767464;0.7471796183409439;0.46829414741078185
0.4333461901975275;1.800184774112209
0.3620132206960219;0.19717660419462124;1.0141997682537918
3.5509705236224387;0.013362920545782175
0.6030082016133128;0.24274882639034628;0.7600991241850363
0.028901063542719152;3.3488885513905484
0.8174070958181557;0.5549042474358578;0.2167949349344522
1.6314585138188231;0.5223160983932
0.7888895392709611;0.5403960816460931;0.36282893380416914
0.014461220965593298;3.533441953732468
0.7967522147283209;0.5973131359659565;0.0950706568150549
3.682045156135933;0.006582792331721885
0.40477478121955357;0.30410950147641425;0.8699259022583679
0.517211871101897;1.6405141223576267
0.8776766102565894;0.3706586176803615;0.4741460909024114
0.3194805797025587;2.0585760538012683
0.4743251723430828;0.16963486023957902;0.9529828828536517
2.4441246754126458;0.1906460589462608
0.6400670673873606;0.12888916803100783;0.7760708831899494
1.9906679600935433;0.34702663896968106
0.8077786343672472;0.532344644544041;0.2851575093319585
0.18133348478346176;2.478002701718884
0.9186741525067704;0.29371174899708524;0.29849639895614866
1.8244203820623417;0.42157612065729294
0.5334711794858908;0.18942391903429967;0.826009965093094
1.023048697110471;0.9772139063945258
0.2810941561207695;0.3958506596681851;0.8924335333810365
3.9690881590078453;5.995325242051837e-5
0.3399732900374923;0.7542553718345364;0.5708931352071785
3.0261252738226037;0.06782056784991546
0.3956958208981022;0.2538766294360286;0.8861614509571859
1.2397346637985485;0.7859997569168226
0.6569622634463566;0.7268328932887624;0.20448211013763787
1.6406654530819607;0.5171269054265055
0.8890649608698319;0.44287442131108856;0.11598222804333537
3.7549887171855425;0.0038714122437136607
0.8210764662240085;0.5242293359470243;0.34422841701454987
0.4377765708452619;1.7911891202734525
0.42034670300111254;0.7056074922622797;0.5710551422103955
0.4465070306330138;1.7736597678571888
0.5436798059589685;0.7854889140523039;0.31969677646291234
1.5427850923556907;0.5744290787742312
0.3479016851304235;0.6550629470410939;0.6788147291839705
1.4556397678939057;0.6296438824519701
0.9363634145269817;0.2575361957395797;0.24090374197741105
3.362146147332066;0.027683770489912173
0.3889607053872106;0.7909197436084614;0.49902100454073717
2.4830901996991765;0.17996056473316038
0.7343265591334012;0.6684597261519213;0.13561313993725332
3.0929220714205163;0.058239907830731116
0.6848601892234268;0.12246929614058119;0.7225666303981914
1.8704425366297779;0.399877612778088
0.3089599258544455;0.6412389071705457;0.7353755231932956
2.8788518849818385;0.09197998699308867
0.5170791810647375;0.2080327693824539;0.8304106319767566
0.7438583484944427;1.2939694262375125
0.7791682845267163;0.6179383640993732;0.10583073163925288
3.2025415952897496;0.04428304137902952
0.41390917528842364;0.7417091385124315;0.5346540636452862
0.9155965853495625;1.0881241340322445
0.832471126745852;0.5174252729328143;0.2339906660108289
0.8394925221664955;1.1745395409314117
0.6180184508727291;0.16256849818376368;0.7917393714367505
1.0499410556736257;0.9512757984492679
0.32630396123921646;0.7244851291714557;0.6159832902959383
3.0214412542330935;0.06852387605797987
0.7398567935099079;0.5947289382748391;0.6171331644124052
0.00015128403560582353;4.049350314205856
0.3358410653076263;0.6629117345546686;0.6692355042437635
1.9135313476242133;0.38031333619655827
0.7171010674891973;0.10271226642451417;0.6895062560806365
2.468041406989008;0.1840408888617117
0.4070214065739763;0.16918449527180146;0.9735290143835427
3.801862776163801;0.0025163664560737048
0.38313479543417983;0.2465376147256311;0.9040993361955205
1.600604924606367;0.5400042889404907
0.6621244182406391;0.7160166824575832;0.29237737280730425
1.1117643712533243;0.8941548658518121
0.3388273141959253;0.7378140011736238;0.589803905530909
2.7424859485623414;0.11830485374032088
0.696926840765061;0.700412120965587;0.1558949122070548
2.3458035404902304;0.21939703685013268
0.793036548063711;0.10517742353834;0.6021149530004096
2.248958659993205;0.2503472740230086
0.8461587676556346;0.48384837484735016;0.31396038360168
0.586494351089634;1.5231775836896082
0.8947739780274347;0.42535149912175146;0.13585267984513683
3.2336029308624386;0.0407142973717867
0.5544864490051501;0.19203540060959748;0.809941774837124
0.7903640530117598;1.2342671971614925
0.8755574035046895;0.4615438054430597;0.14547758122397608
2.5341241927039064;0.16655110060182188
0.7217228066978971;0.6296545422673586;0.4421871908673406
0.05247953710339814;3.136143030325255
0.8519753763101302;0.4960378017020355;0.1821450685028174
1.5547744656587743;0.5671506375678477
0.9179234536478689;0.31704553209880126;0.24583091378990554
1.9806512657148805;0.35122676125280466
0.8830729960084213;0.4492015806793979;0.14062160519421898
2.9148039993090524;0.0856851696982483
0.5449614485140052;0.19263647993683203;0.8161247160328744
0.8494230569732873;1.1628570516544354
0.5580852643359885;0.7525643503784386;0.44259326597090043
0.46800334811592803;1.7315725395890893
0.5249842425953031;0.18744896283869172;0.8353963672843794
1.1548468856135792;0.8562947840545825
0.4759259531851552;0.6869626724902609;0.603139733077676
0.029009852110743025;3.3477187001265944
0.48238483604316323;0.770872516971442;0.4625741829081054
0.794159669870856;1.2295342031585823
0.3724581717044972;0.19951124153093597;0.9592947016174743
3.18846289068392;0.0459558902713394
0.6146743168930505;0.16408745197325905;0.77450881751897
1.032583496516711;0.9679388694592141
0.304186720525182;0.6480788120300363;0.7440763907623212
3.174404849729769;0.04766102132704574
0.2971511320317547;0.6484240530902724;0.769253910495052
3.5607311095438394;0.01277126911666404
0.7808698542239915;0.5762597380223312;0.25253087972884486
0.25035625348990326;2.2489317468350927
0.5447255001681711;0.2827891433512711;0.7959223949210806
0.0009145033452382704;3.8799514779043527
0.7230527619513311;0.6231787749010788;0.46206174559036595
0.02083941365649801;3.443404899184105
0.7781766113460301;0.5739661580933337;0.29558241812617586
0.15324254454631436;2.587394303898125
0.5633729321043291;0.2740972475533607;0.7979879736862573
0.0006659507881076756;3.8974418614982387
