100
2
0.9418027980518006;0.2298883288405161;0.24632453104067403
3.998106991890702;2.2402049357973913e-7
0.2830967900774138;0.3642908256385228;0.9116425896919186
3.9062762346848205;0.0005555366739726091
0.4421526182819792;0.8354076016737992;0.33583276023643577
3.960577232208124;9.761629741029388e-5
0.33028150840381837;0.21364338880603695;1.1457255290257813
3.859502500075657;0.0012558762281646484
0.8061117402326782;0.585752694002508;0.08412898049858923
3.997814304672005;2.9866060738786966e-7
0.7315535364371231;0.07172214407560398;0.6856720596550767
3.962051844032767;9.043339253004222e-5
0.7141732637200798;0.6782686919594103;0.2257196088325595
1.607100913352095;0.5362415568294236
0.572038792994121;0.1863150841391511;0.7988325568028026
0.7902626638789456;1.2343939061682325
0.45055833090488795;0.6600629752394346;0.6125974174110836
0.039389698015804095;3.24551617644397
0.6935669918844926;0.6479566378131368;0.522516179642118
0.01321610080716552;3.553370895423171
0.3343574466463929;0.2114915113672729;1.1067316873991462
3.801850950968328;0.0025166706920140528
0.8943926733824702;0.32925405973256083;0.3028367172144898
0.6591572083952777;1.4116173188289551
0.415497086287245;0.3113169385994929;0.8676364352875406
0.35486725082156606;1.9720378374675473
0.33153138994835507;0.25363802193038326;1.0213338700667118
2.75854202486264;0.11499836219267595
0.814350537405893;0.07501183493366478;0.5772875559978236
3.679805696098193;0.0066778372930832676
0.347102861812669;0.24588274482399353;0.9886941151715815
2.452597208432459;0.1882891592605998
0.9100467950270701;0.38595587105473694;0.1726665483606393
3.327679235454637;0.030908184690183166
0.5178730607799549;0.7946868358373784;0.3550494736399045
1.6865984243765821;0.4918342535960341
0.8905947553210303;0.43068634816565105;0.15398705552471814
2.7934860379962454;0.1079960329225764
0.4247928879566003;0.8031025592330374;0.47563250589340816
2.2519132099142056;0.24936280540885983
0.6270061469841173;0.7095045220035991;0.32294016709346773
0.16136957355552436;2.554536297546968
0.7935632568004393;0.5979510161363122;0.1274414376612723
2.8690314255750455;0.09374524643834956
0.5501325109332688;0.7749007820999045;0.3849572907400799
1.1150908629353118;0.8911763506653264
0.7221328190734515;0.11140967901168389;0.7033449639422701
2.0797587071584487;0.3112112890873119
0.6158763085993914;0.724182240761947;0.3118190061600613
0.31849142810697545;2.061089636287095
0.5954444508836246;0.7376958533782321;0.33219458900591436
0.41248306087130354;1.8434892940550318
0.9392846006786404;0.26142072149430284;0.24447855374230254
3.7851943049746803;0.0029639768749725624
0.2888741794806275;0.4212701661222042;0.87230425180496
3.4375088059591175;0.021300819707256734
0.9153454736038468;0.34987557107089856;0.2044208374134252
2.418111615505487;0.19800021392369602
0.4286905712852222;0.6407934239084899;0.6603802009261507
0.09039697883772864;2.887753365208297
0.3404335863180851;0.30042995871580086;0.9263667589590496
1.7966722848855978;0.4350720985448105
0.7769977149361332;0.5748165610631913;0.30901647672340876
0.14342858523704033;2.628549922177637
0.7743185606860279;0.6168784310618123;0.29396277181996544
2.0195266592391157;0.3351246196376019
0.7488780801608934;0.6325337141680832;0.3584573144327424
0.8492260152534967;1.1630876233783425
0.3464668773463759;0.20077066183485348;1.0622275539783708
3.838025312223702;0.0016738017579270832
0.7999118013700257;0.09302241412340315;0.5959705848250914
2.7627785248739767;0.11413532509376684
0.8111760772765741;0.5583554809417461;0.26851747553951844
1.1900067681531736;0.8265095136048476
0.6251474419507994;0.20427797649331425;0.7809514526517239
0.2511807352710559;2.2464633575998554
0.34321024499577657;0.2024336392165186;1.100248477213264
3.8681148068766515;0.0011054062195997843
0.6594890604883084;0.10229740567853125;0.7458972858171982
3.0104884323416723;0.07018477057969169
0.5365658693770882;0.7770602314751898;0.396446694762151
1.0578566204166127;0.9437703395195041
0.6706391602240724;0.6889440691302599;0.3401098818070504
0.2854741690015512;2.1482828570163983
0.8538353457388247;0.4912876203185653;0.18940542595347365
1.4777106604901404;0.6152657438003639
0.6533228214193068;0.17488705147628814;0.7396561823984461
0.5883637631503261;1.520168819799233
0.6392872266214126;0.162229608035824;0.7601909939898005
0.9255103856678762;1.0773723722013608
0.322194183100395;0.27243486609966744;0.9739343662896341
2.7498960607113068;0.11677183668377025
0.9316105222165465;0.29806303703738585;0.2176641674603581
3.26159825151289;0.03764005505256999
0.5016291893990629;0.760268482767041;0.5339101758712183
0.5249116945133638;1.626880101826041
0.3029040297974991;0.5067674502909293;0.81642227566216
2.660612793700254;0.13605880900489675
0.8804668238132037;0.40324284808982236;0.27539594031157244
0.6979522445120891;1.3562107954778546
0.8638879185095789;0.15711340012007202;0.48575958622099513
1.4562947461453848;0.6292132326088508
0.4672086823650508;0.7682644437783983;0.5069862012248751
0.8124926921005686;1.2069576314460342
0.8858224770359013;0.3982098446003057;0.2495131222621091
0.9082252787619625;1.0961911157210016
0.40622170781537037;0.4434384753539592;0.8030043110092554
0.09243443240993737;2.876313172601115
0.3922254814943883;0.5151475105263225;0.7621859145015734
0.19121555257229447;2.4420875294828717
0.7281782564930038;0.138183030851121;0.6731866430566886
1.1794101164594204;0.8353841193743745
0.3836995818370583;0.7575140622446314;0.5504655193582809
1.7561631228420609;0.4553509241810883
0.9046827677038042;0.3158406801104445;0.28607402243519403
1.0523766784879909;0.9489601927035105
0.8162942383588911;0.550725605155632;0.4574403861357872
1.194694234998965;0.8226114635977372
0.838216652707176;0.5350172306817343;0.10647908729322934
3.251554204379229;0.038727624593211135
0.8676830279692038;0.4731208033836538;0.34603738927566086
2.120655165849037;0.2956673844382819
0.35441524814626746;0.21709619958141596;1.0428328219746812
3.0210581032749593;0.06858159109605455
0.8235750719467212;0.5532460142689583;0.14265054302544505
2.4850500216693776;0.17943345017456128
0.48804514626700896;0.27378098781145516;0.8371122465392314
0.13694900341790062;2.6566841437774342
0.3126064602525514;0.3549145912190648;0.9402355958924917
2.3787650897864347;0.20946679609184665
0.8988366219082388;0.4096801291127335;0.16614763543738084
2.7711811800273023;0.11243513588078924
0.8589187976024096;0.4862327407684757;0.19523219390131002
1.7913652092778394;0.43768952350405227
0.7444576238516627;0.6046911405092349;0.41174270408204405
0.04400212304086195;3.2049348023485402
0.3747800489596272;0.1809131700624442;1.030723390519539
3.969322837210398;5.9044652997155635e-5
0.3538752913112973;0.451492608663713;0.8239448911677388
0.8009545457224294;1.2211119889109052
0.850450190603756;0.12965980389304146;0.5150775198807751
1.942799479833241;0.3674257993225027
0.869858692400386;0.466210841504673;0.30406872057962725
1.9381895902441826;0.3694344830494945
0.6047007223378359;0.6944505440296647;0.45177690648488583
0.0018639208652495884;3.8291713215912986
0.8483959768674638;0.5203962618237751;0.09911506116649699
3.687557102930739;0.006351881945439476
0.3199603878420968;0.37133793992710795;0.8812941033472693
2.007908269560434;0.3398810719398241
0.8305542278082014;0.5439841732512524;0.12455623233869012
2.705540802837023;0.12612951873322648
0.43853136679455706;0.8170790704246179;0.4367683250662864
2.7476579044434684;0.1172335989336397
0.674129491990885;0.1531833939326537;0.7271666141916853
0.9726104366377084;1.027769883940637
0.735678467782053;0.11868622560056487;0.6682851021124273
1.761919174126965;0.45242703400363293
0.6794504289901453;0.09776200167861031;0.7271807208814598
3.0189410762468767;0.06890098859630062
0.47340364168639326;0.6970372117791808;0.5388164931598823
0.06154602462426461;3.069207174236841
0.6967348211563205;0.08350660651581976;0.7411431312106492
3.6104492284045078;0.009976371109895712
0.5110326112575792;0.196302961788051;0.8389638468318977
1.0601141107647147;0.9416403919903148
0.4585321592411209;0.7806405678422242;0.42595562494778727
1.1652189890387843;0.847406600268222
0.7654866619491082;0.12174504241810762;0.6323006107948698
1.6261008670997184;0.5253544635235228
0.2978963547679109;0.5010582574622133;0.827586672226876
2.921975700383139;0.08446071274836064
0.475445297277676;0.22998580608243271;0.8512531846847964
0.6894154849498704;1.368173584817041
0.7542194355073706;0.11367775764148491;0.6467194656968817
1.9014506361451144;0.3857267327647222
0.5404481201361523;0.7866329567328613;0.3178073644949485
1.5525004596758996;0.5685254040787717
0.8061117402326782;0.585752694002508;0.08412898049858923
3.997814304672005;2.9866060738786966e-7
0.3648174964022057;0.2883991276103545;0.9045487661737508
1.3212212803310055;0.7234456784452319
0.3997576138081894;0.5255235006158292;0.7527547965973096
0.1303399627356128;2.686234909849984
0.555767564352346;0.7187898511803388;0.41809949485036707
0.04571044548149992;3.190510394204608
0.9219588048274016;0.35009428772042844;0.19427170797823912
3.518780335612108;0.01541539914568767
0.45641272531365257;0.6230755897113452;0.6357016075669668
0.00013761001133004203;3.953214692569203
0.5640823389897074;0.720285607535306;0.4038079195150541
0.05863091752017797;3.0900780380536785
0.43811130029860174;0.23929913823654653;0.8703153750668426
0.907449451146402;1.0970438010426717
0.3920811124506791;0.4441329249278227;0.807461743755548
0.20312591111230682;2.400346230231443
0.3010614965780475;0.3560666810300416;0.8850747408417202
2.9110970631822415;0.08632212103829828
0.784408124184697;0.6045120175206868;0.2859083131922944
2.0490580201232578;0.32324556057027964
