100
2
0.4524136031969057;0.8346204728062251;0.31466163499514266
3.9151724348520385;0.00045456510882092664
0.4242210572728686;0.17785164399579298;1.1693749669478364
2.986784570637735;0.07385804634979344
0.770124607278559;0.06850481358890788;0.6439305503308317
3.940249101952031;0.0002248179065158144
0.287480223104443;0.437936091728175;0.9391823201617578
3.5137569509032307;0.01574980136998346
0.9415908409860317;0.22445121966880585;0.25124029921407975
3.9870471135901604;1.0503091710556342e-5
0.7997869752765824;0.5943124461136003;0.08455106772189463
3.9878395562891957;9.256349973080409e-6
0.396556597450953;0.18175454948337652;1.0180618994855408
3.3963089780152456;0.024677974753896156
0.8224366024854;0.4637988329199471;0.44880318404562264
2.3588361173132034e-6;3.993858957670882
0.3603804552094422;0.5189318111099944;0.7816393719870731
0.6690328591150835;1.397255705053191
0.5440733168391512;0.19954487516694297;0.8165908458992617
0.7092492443825302;1.3405717724181268
0.3274445018293536;0.22913821253805988;0.9712962586408325
3.4733076197168486;0.018582814905501475
0.5572028626757234;0.760268640557719;0.39891217895906594
0.661296923920768;1.4084903230401857
0.5295486147995065;0.7649747236824648;0.36873866476264944
0.6383018022318215;1.4425501166797128
0.6455924112585056;0.10309721325029281;0.7567489478067081
3.1450494937999656;0.05133453612091817
0.5041430457624912;0.8141234432694533;0.2883032614604558
2.7869836834459054;0.1092790677014738
0.35250242179504365;0.32250615747322403;0.8784924118122706
1.2752191551001997;0.7581950814867775
0.29046481502048754;0.44980249852721105;0.91849538777746
3.326229034232717;0.031048121621743745
0.3705418476738843;0.24790682705192743;0.9063236170000248
1.8314866325091335;0.41818947457053246
0.38158190840997347;0.6226702151861878;0.7052700669581196
0.5148550897094359;1.644718954375264
0.7588366024248825;0.6407191924885118;0.12266405334812401
2.8966954562737155;0.08882300591307088
0.3163715972189768;0.2704640973710821;0.9310020797338617
2.998735463745678;0.07199254806511639
0.6014663957433933;0.7814871183823952;0.17490697090726698
3.965429963925679;7.501748350152406e-5
0.919145748512958;0.30467502270431945;0.2968323361460404
1.9454913421346733;0.3662564954774032
0.8431164525219583;0.3897976872126682;0.4253605596713463
0.00018957158258733675;3.945115572986177
0.4432934663754733;0.721968003448578;0.5864344903619166
0.36322166238075415;1.9525067065860906
0.7652652835088493;0.08903981760876381;0.6390759950904372
2.8944491880842382;0.08921686219353343
0.6147699095599976;0.14289274979821026;0.7855302043716188
1.696775640534979;0.4863620054614963
0.8848787498586368;0.4470941782050274;0.1343221049792252
3.1171680212703907;0.054966640657809276
0.3517732795353887;0.29789976293968146;0.8893327995007709
1.5171496892114005;0.5902444711883861
0.30570200211231857;0.27519849478103864;0.9457619578364106
3.369356640493351;0.02703369418449117
0.47269767443556754;0.34522809877109345;0.8108077510623429
0.000374718493887009;3.9229441308544266
0.8721153324127772;0.43431055670865026;0.22909003379458562
0.8269928076416738;1.1894270113615872
0.7193655227203583;0.17095913856152503;0.6761430901089515
0.49572923016495335;1.6794075719307144
0.48433431881910183;0.6772593888574547;0.5585938777922635
0.004312348258174152;3.7416384589376204
0.379816969398684;0.4251870435253677;0.8559672714085025
0.3647647910214429;1.9489343631264953
0.9326690433266375;0.25807772723901357;0.26665820086882214
2.940885689092659;0.08128139835674629
0.9093607656378676;0.25457248843286095;0.5168635018139698
1.3216186089756314;0.7231517184119837
0.6306940721188351;0.10899032234372666;0.7686393294763237
3.030066358289909;0.06723204081268325
0.3676289630361337;0.18428373555882951;0.9844336329099825
3.9884501564900443;8.349489087695949e-6
0.4201563989247862;0.18907404762727997;0.960019763133672
2.578660399888915;0.1553772519790675
0.4573669180601513;0.3104496627391281;0.8388283442978756
0.09007532552578526;2.8895732603828033
0.812896289109522;0.5223141138110252;0.3007490640677218
0.1625815503694267;2.5497254483222456
0.9065986517487563;0.3717893552099562;0.1996753226058145
2.0442266405217793;0.3251684795700594
0.6212554543261921;0.11991683408324805;0.7751851783793772
2.598427254503185;0.1505721016596474
0.4826342523888936;0.7875422348284629;0.42205918845175666
1.2591869147654668;0.7706469922241211
0.43420463201247333;0.7720816555091866;0.46797005003631675
1.1885114297084156;0.827756578156376
0.7871148214893477;0.5362335047910187;0.4386662655354035
0.0014201992867171995;3.8506780731657315
0.9078398146798917;0.3609443833694946;0.23986443464374352
1.857869669654612;0.4057219538939878
0.35505672238016384;0.21889307746887687;0.9821062310350571
2.9467742047813337;0.08030587845073456
0.7936254197461602;0.5934735904957454;0.14619540467721243
2.1726016302135047;0.2767025398782507
0.7450640068394342;0.6527041166902913;0.14217399501462905
2.3176944763731258;0.22810404499188114
0.40320477382847947;0.34715726843893996;0.847502227016929
0.2950652283937594;2.1222689530149217
0.5731083891334469;0.1343318243899554;0.8302522725271267
2.556524004996426;0.16087047467266283
0.864307193650454;0.41646039485576286;0.33426795396744885
0.2639496195744877;2.2089085218852462
0.3902166524094482;0.8036939198400707;0.493832852984901
2.9060159759808757;0.08719968459319737
0.7326660699943521;0.6665468775184006;0.16383583832385568
2.4287801201638426;0.19496251594879127
0.7294548273106901;0.6674218720916102;0.15621494436811872
2.082652091489927;0.31009343316181676
0.8512577025574509;0.444214098086928;0.2842640871674285
0.18269248144057956;2.4729908399109024
0.40592365049730394;0.6880465946253311;0.6101299144062269
0.4924637033134978;1.6854333769693086
0.5955562963476669;0.1622761936542198;0.7971453006729723
1.2288943747792436;0.7946740378465041
0.8794596954961937;0.3949980122682623;0.27564295234689307
0.5481617535290079;1.5866438899218802
0.4457672480751278;0.8226944772030789;0.35413939815826795
3.031668664342198;0.06699360878683001
0.5777802719062147;0.12761389530778058;0.8077011243673108
2.8236014022789844;0.10217131363983002
0.8448683026550758;0.5274637652464065;0.09884791448488792
3.96859851082481;6.187144133032472e-5
0.50568310794063;0.7358522806931338;0.4527566088294434
0.1911034157823947;2.442488348788428
0.3614334745945053;0.2611357091373422;0.8967771438405852
1.7887011222536524;0.43900786412581483
0.8609048418286236;0.4095230045441525;0.3467551674390846
0.15401148049183486;2.5842396219501684
0.6924453878728818;0.11611789517931072;0.7162190984276581
2.065395448606038;0.31680195300238645
0.5203931771312542;0.7705629683291542;0.3875166359479985
0.7590032443536499;1.2741715540623673
0.8807919283828318;0.37178771294683494;0.5297650006107978
0.4084581962652763;1.852028823048715
0.7886729053886901;0.5637961688803735;0.24751378039910682
0.21916167474446835;2.346573413563839
0.7759135474678207;0.5799314734852283;0.2561039480555186
0.19817906113871556;2.417486786145799
0.8828654129006839;0.284652910565414;0.38303027313912985
0.3908544519719086;1.890120313453674
0.832518082475901;0.5460370712185431;0.09818943003695774
3.682236754674838;0.006574693666849096
0.5136606034165584;0.7934198440561713;0.34290031271303817
1.5809012295793532;0.5515454384993812
0.4640817034090356;0.7458853152137545;0.4829231292636443
0.4632057656609576;1.74083689818996
0.42780509501878494;0.6447061249169496;0.6464074727379101
0.10395738259802459;2.814260471859539
0.7796246792062905;0.5749440631648423;0.25462120254731885
0.19716916566369616;2.421019777065108
0.8759446702731615;0.4071815193033457;0.26351851332694376
0.5478762042099485;1.5871298004530892
0.6793481273037139;0.15180703517630423;0.7209842650787375
0.9842601906005082;1.0158646647477574
0.638805700614516;0.19592634915172308;0.7591597893839626
0.3114895965499996;2.079039475091517
0.7033864177891463;0.17266398552932943;0.6980678101046114
0.4901444394964628;1.6897317856285716
0.7055401663430311;0.16087450376840995;0.6903032775095245
0.6974694742974672;1.3568839584395846
0.7855760287177399;0.5548877021636801;0.31243178359509804
0.06243963313787709;3.0629226847042683
0.7525756758499704;0.6091810138163647;0.25270484875175653
0.20867484967415942;2.3814371544668416
0.4085500291310923;0.7876949496094964;0.4918419174238818
1.978677544125534;0.35205860323318455
0.8795720196677709;0.37313706937939906;0.30811264199000554
0.38097271516371356;1.9120532262740055
0.6638579224592324;0.15676983142800843;0.7356089766377093
0.9313272001464346;1.07111539218266
0.43751895334815494;0.7686928232424661;0.5611283702745982
1.0760595610701031;0.9267279309010165
0.4514993858914477;0.6345743750603453;0.6572864137390514
0.007951916718303182;3.651257835616793
0.7660621613429712;0.07631981653416609;0.6403306442512257
3.52283950317186;0.015147977093437008
0.3976987981373075;0.7016819643676456;0.6018453218734338
0.7160596645178433;1.3312473163535476
0.6656311695910292;0.7240535355107318;0.2144303742449481
2.0218985423795854;0.3341593888957192
0.4242298901139891;0.6738995124729864;0.6680824974002063
0.22334728996337272;2.3329619748982235
0.30980686103492916;0.279267037367445;0.9386954689794346
3.135560367843167;0.05255494037872997
0.44606403516090565;0.7132864022347823;0.5423953133446926
0.27475488453476854;2.1780722303030187
0.3273009559716181;0.27590812179839097;0.9119546139743754
2.517988975687174;0.17071998729580568
0.3429772213854883;0.5955130815699469;0.7264774657167106
1.2834966823437122;0.7518361790072813
0.5639151951633959;0.7619086324443113;0.39772627092639423
0.7768882431899798;1.2512376803803757
0.5827765825054171;0.18591890465742816;0.7910788022129617
0.7275610651311246;1.3156734582340284
