100
2
0.7886963633033397;0.6088946943122789;0.08493144523981232
3.9988013258956143;8.981468335384281e-8
0.28595864038780927;0.4434684634234814;0.8727941621669565
3.608964284688333;0.01005458954039499
0.4557035006252881;0.835174791137355;0.31064949624058236
3.9826128042043303;1.8935838654463723e-5
0.9391196285185485;0.2612020130084021;0.24709379849157592
3.7589566813707016;0.003745085164494561
0.3301436761998085;0.23076632117265897;0.9980392553715123
3.338021487495596;0.029920242991006103
0.7785416109093773;0.06730496505263216;0.6304142933524253
3.9933503024809287;2.7659543916099994e-6
0.33263161215555137;0.24530338216651157;0.981872950409875
2.8983459078693783;0.08853427127398326
0.34847142131102565;0.29160529382574923;0.9424201908001912
1.6725492994974611;0.49946619636066947
0.7459608751587162;0.6570851073299204;0.10861121934283932
3.328031843093938;0.030874212241839734
0.7589074237129909;0.09292852573566919;0.6480817424795271
2.72817885910525;0.12129897933719118
0.5640471953550357;0.7095465491230358;0.4706126060444628
0.013855806047256513;3.543013054424059
0.6997454418263309;0.7022720641325095;0.1363440795204421
3.088945604404435;0.058787023655992116
0.3672348660662408;0.18776998988241064;0.9344445603205227
3.8305867016663524;0.0018328272198170584
0.5885075098967705;0.7066988743657775;0.4963807733023504
0.018290501407355195;3.477320980530547
0.43594986661340773;0.6267178504286883;0.6665838454885936
0.03623928814578345;3.274774508702548
0.9102406437808807;0.35388222686838994;0.21575551040089128
1.9282299699197847;0.37380114971544665
0.8615769751632805;0.4856400392919098;0.18121188774523866
2.1564886288011507;0.2824935606368599
0.4745615879978344;0.826764921391937;0.30217841696000053
3.4082527383875876;0.023671246237785222
0.3044282681178413;0.3814933735351229;0.8752139451467157
2.6540080110612467;0.13755742987980518
0.5020705503494385;0.7494102598072515;0.4485659927899356
0.3510809169737585;1.9809976543899024
0.42180835904540714;0.19458976222737626;0.8873700672801007
2.3339283234860804;0.22304842155892118
0.30911041513053644;0.47696557234682996;0.8427043272240892
2.326509203509485;0.22534970254970754
0.8008167397313236;0.10372727114423733;0.5972528193820966
2.3351575018631094;0.22266864462911443
0.8160633774020604;0.08088890153053517;0.5835974817863714
3.4026871209170944;0.024137538873648487
0.3943035763284449;0.6499155363642221;0.6498905699676834
0.4371332550120631;1.7924911090510998
0.9020894378283328;0.30654228347067763;0.3487039577780058
0.906201389345818;1.098416964048991
0.3593035748153607;0.34613367340917034;0.8666865736950612
0.9655436478600682;1.0350604249266473
0.4083580319361166;0.17576802093365723;0.9008586539566198
3.4241513576276623;0.022366321432501557
0.8111384998656238;0.5522300197262116;0.2096981924922563
0.8507381601985656;1.16131943048286
0.8786303663096294;0.40893587097023243;0.3177703904508524
0.694417930929016;1.3611482306400855
0.643290342703377;0.11675488833763119;0.7672017336135354
2.4839450814754924;0.17973051472668297
0.5435998547875248;0.22685934526851728;0.8107630637724703
0.2916572494703319;2.1314452248011535
0.334109530731671;0.5287326782588799;0.7854580380796834
1.3827303689273052;0.6791481273972516
0.8982727051147819;0.39718959660038616;0.18958115812595674
1.9872076122087023;0.348473552569142
0.6638368554509849;0.16602495995985642;0.7292653498109037
0.721766793285947;1.323492423466001
0.5382901973660965;0.759689765541012;0.39311246752553825
0.5402632882135305;1.6001591044444436
0.5096393666830364;0.8048332643072781;0.3358568478655623
2.191552714378512;0.2699951971322096
0.8865528895055362;0.3186472820572027;0.34288506167890603
0.41413486439094754;1.8400024221387699
0.6559431802342014;0.1330188604373593;0.7457003621607122
1.694278682533357;0.4877002551461625
0.36236568073054337;0.2565251777651631;0.9128806645406935
1.8491629221440697;0.409805721674044
0.3729044417419177;0.20089481915257812;0.9119775055023079
3.123147696815869;0.05417583741128482
0.6073824428303045;0.6924789863306938;0.5333875345471801
0.0009078924741373184;3.8803828760410455
0.3556875790188462;0.6402060757885678;0.6829541176042097
1.140509925525816;0.8687235534780451
0.8312593409593255;0.4644051858548248;0.312297483693555
0.02778781178230262;3.361000747932949
0.7236837518737106;0.6810270032751377;0.11437106590473521
3.4749913985864387;0.018459873984466024
0.31171178956274453;0.6802565760055461;0.6955833045124348
3.096875949417507;0.05769878225655309
0.8911869101249232;0.4263697513311226;0.16184291554651437
2.5623456451536866;0.1594142600411626
0.7404909915953236;0.08962875774012244;0.6700233897171689
2.9442557827619598;0.08072225226971368
0.4935144991046421;0.8147340834999738;0.3678378763707462
2.6731187361390836;0.133248723805097
0.6134524708108269;0.1484961726102793;0.7777771787579996
1.5115579033025146;0.5937406585444062
0.5949867848024406;0.14402059103502707;0.7994420225596085
1.8578126938222468;0.4057485800066409
0.5549812404248877;0.7493354428079022;0.4317545213211469
0.385349247205409;1.902289047515006
0.8726629422052625;0.4174687905910838;0.2718883138986042
0.5469996666883236;1.5886226340886624
0.8923159398400289;0.3726865154976966;0.265240711258628
0.8862807731957948;1.1205813200884818
0.5718486712150025;0.7703036486075836;0.282442412597877
1.2600624508257108;0.7699623168407934
0.46407514372183134;0.71763390797565;0.5690105736356501
0.1972444702381388;2.420755932754651
0.413363570284407;0.7270892136107413;0.5509406679896052
0.7364569542577124;1.3037741451238132
0.8556969549575714;0.33052128589269003;0.44159991069195753
0.028383540535499015;3.3544869248977705
0.8040003627943041;0.08407165708220903;0.6047120038479193
3.1806364796558557;0.04690087518510331
0.5945690182075172;0.10886187351502655;0.8358449247324818
3.605365348505817;0.010245495857468426
0.3882756766884494;0.7801144499290142;0.5143398724415376
2.1791084536405707;0.2743870158207365
0.7715166870901848;0.6286906805384591;0.09854255439553455
3.550059576366259;0.01341886436066787
0.32064873279812617;0.4887509224370412;0.8221961019599398
1.8287649845419542;0.41949148871358494
0.3384617336274087;0.5039106149139854;0.7947474495201102
1.2132897459692706;0.8073124496695802
0.9371647868771944;0.2864248879123529;0.22204096191023917
3.8764846553738015;0.0009685144481272913
0.7099790466810726;0.12028976510910405;0.6965816169331805
1.8034806336736695;0.43173137121002464
0.486324169114268;0.7694101207290287;0.41584191980396173
0.7476159050411612;1.2890245038116694
0.41688993093946086;0.5768063406313948;0.706528053562586
0.060319134228568556;3.077920972759861
0.44859665196141485;0.7250250943674901;0.5226052962429947
0.34903493243678513;1.9858677950999946
0.8371803645270395;0.49045797858450185;0.2431248790387099
0.3492632137436508;1.9853234048867474
0.843769520753404;0.5147133174548588;0.1948333713122334
1.844746149623344;0.4118888540583755
0.821214942294533;0.514157875655139;0.2933292061971794
0.24768587651883495;2.256963890830889
0.8166931545392432;0.5483673691232289;0.2767682847167451
1.0895162578040885;0.9143204390591263
0.6274608025210459;0.1518572670211335;0.7640901342752848
1.2881553773355792;0.7482780621023506
0.3498965706756106;0.2992024177717663;0.902516038259432
1.5509587607009916;0.569458969351416
0.9332046191408955;0.27837141014154726;0.24041525582480452
3.1474274777883493;0.05103123429872939
0.4445378122926219;0.7376395233899395;0.5097871886820143
0.5096725435599803;1.654018380857556
0.6708063236241261;0.1283538628419839;0.7327593044706112
1.7510364924076258;0.45796707301380746
0.679239874025492;0.13384270388200903;0.7229357398144771
1.5047595996053647;0.5980138762479952
0.33813738888977357;0.5907915328332275;0.7580131127842791
1.4164822841047047;0.6558398331664624
0.3125125880539885;0.5676798412699465;0.7633242390709184
2.3297965739075126;0.22432810846440612
0.894823080825276;0.3820103264448233;0.2605748657042984
1.198490060966685;0.8194672275634427
0.8983509676006788;0.21171624980044462;0.39642326925308075
1.3156187227463316;0.7276017694274681
0.9147547791966274;0.3366597436061991;0.2537366396560315
2.005373098137916;0.34092523711856887
0.6452797583150321;0.15617592771100075;0.7482727075180008
1.0455758653204468;0.9554397007010893
0.6219700474354807;0.7072275092076098;0.376685954615893
0.10331194772611135;2.8176249081951914
0.8891331473264747;0.44253273546334826;0.12026052517679074
3.727909257198285;0.004791485522615422
0.7704495204974879;0.5998227747325038;0.44698561429805916
0.5185333234974148;1.6381630042574327
0.8578847815178868;0.44455394428510514;0.31487530421393445
0.3581106531701561;1.964416760726409
0.5649717905864595;0.1594861366978259;0.8234840898649791
1.6120775215826515;0.5333729283500008
0.4440836846993409;0.6019097995023613;0.6778235433553337
0.002510915779218491;3.8020747601897247
0.8191287276098583;0.5246351077571231;0.4089219312039257
0.3719660434620848;1.9324052847611755
0.5245981212865446;0.7926704252767212;0.3316247518198255
1.6560934006651216;0.5085217002764864
0.845457575624888;0.2659628416074094;0.5190279899284812
0.07786380287860487;2.9617003533526503
0.8471067628293529;0.43620370977488326;0.3730733901086856
0.07480966331252302;2.9807554539607337
0.4279107201980596;0.3128902814615242;0.8705466619849769
0.24230682028499478;2.273319993371235
0.8571415079924511;0.4188105071292726;0.3630617802719292
0.13570538028639637;2.662176933128914
0.37927034172529395;0.4681591723441957;0.8412766515256505
0.33648997519283513;2.0161797366502903
0.4801208081121414;0.8038687917381669;0.3953227275199885
1.9336498452516235;0.37142029910504465
0.3805465795262401;0.7622423502170429;0.5392470178474734
1.9303436034891661;0.372871367316802
