100
2
0.941596880658392;0.24537003700731658;0.2379157747729023
3.993312074273691;2.7978613829310055e-6
0.433329122302264;0.8353165908312156;0.3708628618364605
3.9729792778851682;4.578724555976064e-5
0.28934243626319983;0.5219762212174008;0.8971419171668013
3.4555817430810194;0.01990370477837176
0.2929067376001517;0.33030345592709315;1.0415690271019755
3.4703545720963316;0.0187994891930786
0.8085022870717614;0.5823972066933205;0.08450882743773067
3.9827854005661596;1.856136444371969e-5
0.7736899233124858;0.067460068450941;0.6315854614129761
3.991737268577745;4.271458539441322e-6
0.4817920372552225;0.19218593073911314;0.994708983786636
1.500682517436088;0.6005886123177985
0.7819225778435899;0.1658626220264511;0.609917604574693
0.6146708615872176;1.4786329496040922
0.8686174072090489;0.35862668301343004;0.4667598761301428
0.12879411391937573;2.693278240544925
0.6372487026291972;0.09677023537270917;0.8107158804057827
3.6284419109383372;0.009054102523976452
0.8862495730562693;0.42771390320670477;0.1808654583861633
1.879762666532717;0.39558518358019384
0.7036919882673476;0.0808629694839044;0.7066383519476309
3.688155935629429;0.006327053776432127
0.664587877769027;0.1209617636533497;0.7608943272048042
2.087255787598812;0.30832053951193017
0.5585188534805464;0.7566921713448505;0.34634145032680264
0.5717109249861226;1.5472481958757172
0.6923384184394539;0.1770484825062873;0.699558326980564
0.4416431063740391;1.7833937384657863
0.856750016843456;0.5038900158517251;0.11008889587355142
3.2964177369373044;0.03400189983482749
0.5686694435862057;0.20068349729987678;0.8344808284100842
0.5319840244869894;1.6144946257415833
0.8986162564676354;0.42029005648583045;0.1461778478978364
3.699523718160231;0.005865323705503452
0.5084526549142832;0.8249265291579538;0.24738616727093943
3.983819018604373;1.6397192069572702e-5
0.8032959766748085;0.13130920288516784;0.5841154362182635
1.448893021355956;0.6340941323372986
0.9175672170675321;0.2809824601784507;0.2911947086465158
1.7017438358103723;0.4837076752451777
0.711333055631156;0.6665768378706987;0.22289693971766458
0.6516998526881249;1.422582691139167
0.38680385956736657;0.3115119797014382;0.8684972858254857
0.698515150954153;1.3554263972315648
0.5449632709915101;0.8053257995049348;0.2560630777676431
3.193373178417581;0.045368501958471676
0.37495609177720635;0.25883034487095125;0.9093353838689024
1.5339198758473516;0.5798591158689654
0.3566342654941635;0.27309883794499623;0.9198942286337685
1.7111605280197386;0.47870714090621197
0.8216751792814752;0.5573522508915544;0.1200952101484579
2.669669953730445;0.134020080941426
0.8462117063813167;0.18488764285517018;0.5008801932623651
0.7085078595803775;1.3415915028399787
0.738205845953461;0.1480023167806878;0.6669663804541837
0.920626221833776;1.082655462520931
0.9102868348611225;0.33850970775586803;0.36551103485574205
1.6235744447892475;0.5267920169601019
0.5311447533116007;0.8136768029393787;0.2603095267977685
3.546537108021432;0.01363635676080543
0.3320050627888686;0.5992659574741044;0.7332074632171836
1.659293927824124;0.5067505902881858
0.609185378152814;0.688586087765158;0.5142467806759248
8.419455589184756e-5;4.036787231136937
0.5213834801396917;0.7091558557428697;0.5534825208724984
0.02122942314507443;3.438416614156467
0.7944983854127959;0.5344841242914162;0.5708066819905642
0.024467072590864634;3.398788911349932
0.9294618434462788;0.23577132393727765;0.28377251223304106
2.6823942769704554;0.13118763761558874
0.4067842402688857;0.40654178113544726;0.8452739590440526
0.12299723011608146;2.720158792569796
0.6712776353421372;0.7231978251683943;0.16449844327820826
2.4813595919574305;0.1804268458222293
0.7907921686949396;0.15860445657100283;0.5942572101516796
0.7689996904759062;1.2612945934624045
0.5885653227016793;0.7345792930415257;0.35998443923044815
0.29062474020703655;2.1342398387312853
0.3477362106884385;0.6061084844501681;0.7221389413813991
1.1873986434890438;0.8286857261446702
0.475045958289516;0.7632779350570468;0.439313728529357
0.669792031183415;1.3961591105683622
0.491828321118404;0.7119514664266816;0.5360344234007621
0.07035886476374403;3.009349045666906
0.8285624581896459;0.49439128380130887;0.38101437144381134
0.1708833614194704;2.5173617308649963
0.42202988013258474;0.6470793461496688;0.6430055301588165
0.14637217039904696;2.616027527390567
0.3607727358019158;0.6258520980078;0.6919113115602399
0.9385471648498102;1.063401407901181
0.3013881833172913;0.6194707869606104;0.7950697826167072
3.1220488791843564;0.05432066801567125
0.6513731467636225;0.7331595877465809;0.19763324005230284
1.8516268812809176;0.4086469896687244
0.627134396166565;0.6995584917648994;0.42775664882318937
0.058003730599081246;3.0946451838547757
0.3935435259687169;0.21942286770302621;0.9685510163866532
2.0500866661513024;0.3228371815888533
0.7740975495906873;0.5701164410347604;0.446389759949912
0.05671269916763929;3.1041355701737565
0.8777386875456035;0.4473955050348417;0.17418663994120648
1.8388776824195345;0.41466871532465016
0.46223498483166325;0.7484850804690071;0.4755319756397149
0.5094609586695882;1.6543996040375355
0.601616969104617;0.1035423157451205;0.8551197794371151
3.8105339408989054;0.0022983492698665457
0.8251710131841867;0.5399003430205116;0.1924190127593925
1.3956826730037595;0.6701220958806441
0.9024134567096418;0.39452619242747256;0.17877533042468768
2.446239739939004;0.19005593197555318
0.7510157194628843;0.6212249575724784;0.27886589234588477
0.466295101976755;1.734862944366378
0.7252774138406833;0.0871810490510269;0.6887532299700166
3.1548280927508765;0.050093792017736206
0.4467372859758327;0.7007313353384296;0.5584001088550904
0.19290004547517953;2.4360845379153013
0.6562222064398014;0.20564724286227914;0.7397263142257285
0.16930329988503987;2.523444011197019
0.40112861992008725;0.29611619268906425;0.8681421722576667
0.6276314787260729;1.4587036380176155
0.6833474059598262;0.682547360177479;0.3600831898357403
0.3679721770836161;1.941543766159886
0.8101541973247726;0.11448285240015303;0.5923519874704757
2.0017161515923187;0.3424354176582704
0.3264226181243915;0.25817398643189476;0.978298479477746
2.84209299309166;0.09868970621443512
0.6012554067666332;0.7302889206273006;0.41629125833627256
0.30483019587934296;2.0963730117642676
0.6488030718853446;0.20934334159852672;0.7477353071817396
0.15045696955967736;2.598905644931698
0.3236899688585152;0.5187906511047263;0.8070795458524511
1.740784268917897;0.4632329141051036
0.6179210026437807;0.7398622462068973;0.3305006101235205
0.8509831703951678;1.1610332078180756
0.8184880278607659;0.4995368509311146;0.5291838443304592
0.05788762879230857;3.0954937070134263
0.8348745814667031;0.5275590397036664;0.1760583296154655
1.655142192086674;0.5090490066316355
0.5189841462608055;0.7915509253889756;0.3389795638175732
1.5360765916520136;0.5785343108003195
0.4977487006884706;0.7791429301900005;0.38509301970142584
0.9765891758506224;1.023688112883076
0.4410488414667184;0.24799259822319436;0.8632108717448023
0.7327623211927587;1.3087008236311073
0.9144080148752913;0.37052864655332285;0.3001577648687928
3.193065644138741;0.04540516631665467
0.9083053493809337;0.32514487730759717;0.3819601313866035
1.318461271384134;0.7254905179233476
0.33087724239151073;0.2333704055188347;0.9575530752588436
3.2442274167930685;0.03953181817898852
0.4370184718460747;0.7662427399509618;0.4937303260392787
1.0309031380036342;0.9695671253031155
0.8507119441357105;0.4810720508318319;0.2589691291425034
0.7657597271310395;1.265451792949158
0.30626138842049416;0.45714076159841077;0.8760334796428946
2.4606798636739735;0.186058136527103
0.6803305006811183;0.6977948245778157;0.22666761225848336
0.8678174926639826;1.1415485970226977
0.593373902867439;0.19397018300968855;0.7825483967948904
0.5153894734475672;1.6437642236698258
0.8825879345806218;0.38509353644061944;0.322790520067704
0.5703485710822211;1.54949155074585
0.8639500019064688;0.4545125125659699;0.22972198572684696
0.8307204595324723;1.1849657567967606
0.7644127888779771;0.610028243043638;0.28898208532125
0.6272933706012126;1.4592192032845126
0.8176091682072693;0.5488829188069884;0.17712620626516679
1.205538159962015;0.8136580888088601
0.4854703003919842;0.7364979150509041;0.4808019521815356
0.2533703391405054;2.239934115604213
0.7185650850374963;0.6382564900666752;0.4250659083777635
0.10730494218802902;2.7970076190554263
0.3213566580459077;0.47145404871362473;0.8355177133829905
1.7938647741267335;0.4364552894944699
0.40893277055616517;0.21915017561515127;0.938639847037311
1.7757788464155364;0.4454447534483251
0.6071129641701164;0.7191311780773911;0.407115248519795
0.1635989428968748;2.54570429665133
0.5102029597903454;0.1436343502434804;0.8792924259770412
3.103721038212874;0.056768745809725914
0.34861419593197385;0.7774326242235662;0.6793356471721572
3.277065877557805;0.03599868819097245
0.2935030846106877;0.5205780003508133;0.8855097190976632
3.2019214977470387;0.044355992356772324
0.41376370858293116;0.2379184294985615;0.9016260624329204
1.2554522941131379;0.7735735914026098
0.43977997000670255;0.6696330055333246;0.6420334792152755
0.10559391123483107;2.805785240792409
0.7336600015161682;0.64064209170537;0.35054138386648265
0.4908792478773676;1.6883682370090995
0.744698656586175;0.6288086546801576;0.33058395161017007
0.48631982470551544;1.696854428740144
0.7482352573487905;0.6561283631963347;0.10110683218780242
3.7282770029661814;0.00477831082808392
0.35636203686483336;0.5931010978319874;0.7224727891014522
0.9120254487773967;1.0920245089295613
0.4277664855273999;0.23016135489601644;0.878058856148262
1.2172241705657036;0.8041088617332619
