100
2
0.44173075369320375;0.8358396845763417;0.3299996303901988
3.996547262036209;7.45409212976037e-7
0.4091567055094316;0.17704537165848783;1.0014784829046044
3.3428348412336217;0.029466434012640784
0.28155688246052923;0.4333337686709375;0.902028057360668
3.9031711008830823;0.0005931914835604856
0.8284654977793072;0.5533919754573102;0.08617679962438222
3.9765188472439696;3.456180194827083e-5
0.7767734409004977;0.06788135312719223;0.6282718375834974
3.9629303122793007;8.628539614121185e-5
0.9406837611035083;0.2396951090849975;0.2527574804927916
3.8504519808075974;0.0014245446903329156
0.3697346329363866;0.20464336851027526;0.9749822346315588
3.058268295119555;0.06310620107821104
0.7440308327725775;0.08665501198025817;0.6658051936282618
3.0730552905043234;0.061002477806092276
0.7632493189419729;0.6339174775801595;0.12558024637299026
2.5824483132875278;0.15444916793907462
0.3020926053122928;0.3972313428175254;0.9451804990136862
2.7314926007793177;0.12060146474711991
0.4639540293888729;0.7764994124146927;0.42987434759088394
1.0209449461558364;0.979272131776451
0.7115914889628889;0.09458612186425486;0.6966474466994047
2.883279646895529;0.09119054630737017
0.3244531276470649;0.7391985268391112;0.5941024993864763
3.363898594661456;0.027525000399554172
0.5533556433408625;0.1352393953874563;0.8228008538998209
2.811821190226189;0.10442683447081677
0.30544500223392196;0.2568443883446598;0.9169681755474195
3.679158822950847;0.006705423469456075
0.6001230178461775;0.7646108904990644;0.2373248400963518
1.7620708411511918;0.4523501838643069
0.45340459634921504;0.7672820723892861;0.4611786803416922
0.8921045313460871;1.1140531153993172
0.7309989516588662;0.6238165688110305;0.5758027954446252
0.08382958660427282;2.9256960080960055
0.39605418671726367;0.5103453767769062;0.7634260545620131
0.15445712758216262;2.582415766385008
0.3182657541640231;0.22380355093058008;0.9354238730277483
3.9529077411662037;0.0001394270092233569
0.4963377665888048;0.7270638465670368;0.4836709938529608
0.14252424741813147;2.632428899868811
0.3846444319197957;0.7876895038604108;0.50917008989751
2.4855043969764905;0.17931138124791635
0.42646321368162227;0.5264093187120651;0.7356183707051789
0.008304884366199455;3.6437803312025046
0.6169572336425666;0.7177583091738358;0.3591741172579555
0.20912056168564427;2.37993249399815
0.8735615941124301;0.35028055459143265;0.4914562806845117
0.18743961937211975;2.455667720433372
0.2842030745883942;0.4382997871518022;0.8753279439760493
3.7245156129794306;0.004913951774955623
0.38666701599369707;0.6952399790933116;0.6074830705035466
0.8494805362007792;1.1627898007020083
0.35080026328317476;0.6064801485990472;0.7172107321463957
1.1042959107081924;0.9008765203390755
0.35710254324918467;0.7574929477076524;0.5577563934987124
2.4909153212208004;0.17786177008306225
0.6255879219835946;0.1554476219408649;0.7937076746724177
1.1951358665003227;0.8222450761872188
0.8669159236460463;0.17202485883275606;0.5320983556031369
1.2044815004209188;0.8145266023912475
0.6458810632884651;0.10667668478597266;0.7559834470654132
2.9504226377370806;0.07970490202756524
0.8680850955915039;0.41559846800935407;0.28382774876458733
0.36022793866631736;1.9594682633424674
0.9019464117421553;0.3252576119217988;0.29702277551429324
0.9606869515929034;1.0401013798336982
0.6841174160923592;0.7195929198837816;0.11955852585838679
3.849208941096826;0.001448556276885789
0.4445311871743432;0.5840017184317613;0.6855785795913637
2.5486707722669256e-5;3.9798317420435274
0.3302926343168268;0.703123070181927;0.637005999462025
2.544318037036163;0.1639506030572539
0.3696093181949073;0.6644525091400207;0.6538854008424642
0.9574938884735219;1.0434292217138692
0.7940665332301665;0.5975920601345257;0.1423794580769816
2.927548861943735;0.08351629399815579
0.3116819356324112;0.4802018166519135;0.8204983961243374
2.2083949866509722;0.2641271775414638
0.8327349803164638;0.46031836588198544;0.3724628596553164
0.0266335588849551;3.3738419059364193
0.9162271264381376;0.2829187205962491;0.31531645346003345
1.6164661029989884;0.5308532935153747
0.7362384973873085;0.6500621894233694;0.18838800512002876
1.0923405861987845;0.9117366371047602
0.519531550492003;0.2166724300666327;0.8340264323174088
0.5686122653539244;1.5523569303958924
0.576999444753755;0.12874564650471623;0.806543060532737
2.777184956075448;0.11122971341088539
0.48512794257590486;0.14298666778399638;0.8639727769904479
3.627603373089791;0.00909604097829291
0.39033815266982075;0.4930962867326382;0.7778912872730402
0.2041297092473119;2.396901071814574
0.4363943139509715;0.22880719519508286;0.8872594766714944
1.1314764736131966;0.8766411562582294
0.5412169617488196;0.7994593372577548;0.28990814055721176
2.4633677055146532;0.18531997646428766
0.5143194464653669;0.18089884074456192;0.8447573160142007
1.4613079285557065;0.6259251250031993
0.40702286286764905;0.6621883904106262;0.6345890034334168
0.3355981370581393;2.0183648313829794
0.49960369739604654;0.8125850453676254;0.34391972296186085
2.594639715860559;0.15148556173938477
0.5804890224361196;0.1162117485378542;0.8131327023347664
3.410751184995687;0.023463525784696716
0.7859228614294784;0.6123497711399932;0.0869462676661724
3.9719159197678224;4.946853539107284e-5
0.4692820489536826;0.749888710765219;0.47634490977716704
0.4849851942119643;1.6993500588449097
0.33882270188330516;0.439777942258773;0.8462287244956849
1.20568409603974;0.8135382040370803
0.8627582417471346;0.37736175983444953;0.3506534357776114
0.08778033636010085;2.902670475730457
0.8048439026405385;0.5201433380116864;0.37764320932622597
0.03649499382828579;3.272348475644389
0.8498231204483153;0.4066333035314322;0.35491535176144046
0.027737618313700328;3.361553039522503
0.348554874550303;0.3523484709753947;0.8880228388310903
1.1846611453195839;0.8309755428543183
0.9207041899128935;0.3014212809542257;0.2546821416603152
2.0512209027115063;0.3223873003641576
0.6518917249824921;0.15234888010894898;0.7457179093751116
1.1098464701892456;0.8958764272216962
0.8441673011732928;0.37209622804948417;0.523667592899752
3.956839405435565e-5;3.9748782030720036
0.6929776630167979;0.7086567149331537;0.1543030833237647
3.1420739638968476;0.05171548055134321
0.3918931887009602;0.8173126925151046;0.4445076590030545
3.4624453172768392;0.019386465136180014
0.3236443074603934;0.4461656114512669;0.836134025825602
1.7118726277717018;0.47833061071029015
0.8815025245182714;0.39108219975326747;0.33470151214401594
0.5884480542581895;1.520033338459324
0.37760855773054913;0.7718261965351663;0.5440093639796553
2.2266649384391943;0.2578594452917498
0.8382281321631115;0.47330018267464424;0.3454259357849659
0.1619152628538987;2.552367436393815
0.7289560707173016;0.10188181941225484;0.678576597134932
2.4396579510779492;0.19189617446969026
0.739741293369837;0.6436044909690007;0.20209582511437363
0.9163389451875296;1.0873151632033444
0.6528384633849456;0.68359284643531;0.3942138244567562
0.04649469033574889;3.1839895915844534
0.6768900343539138;0.7101776725349241;0.19451025786763942
1.5288478433736958;0.582984370330881
0.9083479404387362;0.2913615048121054;0.30472161355327165
1.1775679768214387;0.836935807523628
0.3892207256715207;0.501056269218323;0.8005044436600189
0.21683085101132019;2.3542268629931686
0.5880444962399533;0.18259973625411022;0.8053227266722774
0.7648157970504011;1.2666658927715095
0.7175067996920342;0.6755993243643099;0.17124996932102562
1.6595129039129997;0.5066295884663948
0.7568009316222342;0.5923350617975377;0.4360634914444208
0.05856420084046169;3.0905625410033584
0.7036926082334769;0.7002707266913153;0.1485957580205611
3.4436509986523207;0.020820273218988338
0.4807250534225232;0.2203943854248041;0.8546042876962275
0.8150121588389347;1.2038912052536141
0.5477954493386895;0.19476153878577881;0.8163061020453386
0.7810489721817983;1.2459699695414368
0.8103164200954391;0.5789493078371638;0.09329508984101949
3.721427383141315;0.005026788935423205
0.8211966421124574;0.5526772133348739;0.1609234693208567
1.9710591721357804;0.35528257809533664
0.4126639414895813;0.6168213177362682;0.6794908003735248
0.14124240947366276;2.637953165323155
0.5923238177026472;0.18247802370862704;0.790252086696767
0.7405081564635096;1.2983968126200025
0.29977106826638555;0.5375413649128751;0.8065265074273098
2.8825735192735134;0.09131617557225928
0.5289042209796172;0.8070394796834993;0.2711098574666678
2.7642345004320066;0.11383962441809392
0.6683213561127429;0.674543443550576;0.4407599881224724
0.05502596490511315;3.116721409613064
0.4223369410456551;0.5412536049474779;0.7271775797243478
0.020530079733878208;3.44739721927127
0.6614197200842662;0.7187243962419677;0.26791711317642886
1.2579381681957427;0.7716244596894056
0.7534857953089465;0.5967689880236403;0.4071479154215811
0.06252230747053143;3.0623438636273823
0.47396577250621974;0.6819835910774802;0.5690229088419592
0.023173306291139735;3.4142620642712247
0.3789962835305871;0.7835097976148079;0.5218855169136801
2.50418618713735;0.17433792717111288
0.634950251763998;0.6911367834425587;0.43912055685983625
0.030272640270777255;3.3343112589194583
0.8650021036685034;0.4573980444748579;0.3100813380710994
0.9917451326189932;1.0082890801560203
0.8907649651299219;0.363302371434683;0.28621354146146594
0.7098813435201484;1.339703084685406
0.3615809112324548;0.3449885721854475;0.9021976619500155
0.9235260519948787;1.0795155379720491
0.48498403034819904;0.7845173776983237;0.4087875568431723
1.1553033912904545;0.8559017747108552
0.8142398956513844;0.5708047036714875;0.10643549410583841
3.122412546969503;0.054272710243573545
0.884962941799531;0.32158314380450903;0.4083431644078397
0.3781893494548141;1.9183052889192316
