100
2
0.8292405205070705;0.5522620002450932;0.08622650566727877
3.9900472510770104;6.198789971843911e-6
0.30670106714583173;0.2593581291340764;0.9765456891803606
3.5792883934363906;0.011685450959674626
0.4532782683677972;0.8346749865399206;0.31384831016699966
3.92399826271282;0.0003644875181890111
0.9415242419344418;0.23750151893368673;0.2447067086674061
3.959181050688492;0.00010467142086544598
0.7685901477370937;0.06872344103142665;0.6570743354406664
3.931802173298163;0.0002931886994184364
0.28090386837089937;0.427122487808027;0.8623606696944233
3.9506447653251735;0.00015319277428021613
0.6552608009214231;0.19053339244691697;0.7367947846363604
0.33607746424931245;2.017189923209644
0.4876086450999846;0.8172230895337799;0.36601447521180197
2.7888792542285383;0.10890409951002594
0.5010049494536506;0.20512180957513224;0.8450606867456097
0.9455991952620889;1.0559222004213318
0.6911894630308107;0.14712046656262948;0.7134858387914483
1.0554283184052684;0.9460666776532288
0.8735379462443061;0.12759601587890262;0.4704769192992877
2.4432942004440377;0.19087809088250252
0.4143343649745666;0.16779767543281432;0.9571207950944706
3.7095948866975372;0.005471433172107409
0.783297221862159;0.10449714621350907;0.6133609682358425
2.248537285069283;0.2504878887147874
0.8452939647601246;0.5187026714671646;0.13033185424413055
2.53626748507135;0.1660022032214961
0.612315196382147;0.16074858954350485;0.7821365002506482
1.1407919513339162;0.8684774473042025
0.43060549163420264;0.8001928510685828;0.4354857743313585
2.0641002009663;0.31730951263765694
0.8202699335818385;0.5638330425118792;0.19930228113578524
3.5137160254780166;0.01575254146128891
0.3277931606471196;0.24132153222185168;0.940121711324149
3.1492600202203884;0.05079819222369104
0.8551564811936799;0.07966983415355197;0.5355849981317112
3.9511360668224955;0.00015014876428729186
0.5982033856154384;0.7051676195685328;0.38808793658820756
0.02299900567797186;3.4163820830261638
0.47205236973723413;0.8215038963792659;0.39745346744423243
2.9720204680222277;0.0762009019114929
0.30721464883980343;0.4604945560427586;0.8356738678344713
2.4139828139434307;0.19918394164716863
0.5274678097295;0.8080175365701547;0.3385829335609978
2.8115095291260594;0.10448690608258629
0.7586113652371509;0.6283160497229091;0.24059878151373912
1.2965598136734307;0.7418965968400619
0.9249028830044714;0.26750858191934074;0.29121102846058267
2.230443840371493;0.2565756257266564
0.5110744535873011;0.18410859015134146;0.8588972557542918
1.398454106743325;0.6682040385235486
0.7122588771028733;0.09002266884798989;0.7178711415792353
3.10716931723751;0.056303478505350474
0.8579464591835189;0.497145734772753;0.14234445699407916
2.6406969479198663;0.14060839723704802
0.420638954397612;0.7044889565030472;0.5824119304619051
0.4347944310844151;1.7972366786644531
0.33395896294815397;0.47971018001807775;0.8129301319721863
1.3419644040303333;0.7082369126379733
0.41524064699222846;0.7551958007135299;0.5228455089387045
1.10987323537573;0.8958523804188303
0.8946048367653247;0.23730243291064562;0.456485144533434
0.9281153293639697;1.0745656320298982
0.3199388960477556;0.25148672593922233;0.9192325646620727
3.203549753864995;0.044164580413302575
0.3111754131593035;0.3284843129580686;0.8976800345826816
2.5914893650180546;0.15224796247001268
0.8370890194725481;0.5372105719677162;0.103783469620014
3.3265267096637228;0.03101936920962899
0.3014255151388935;0.5246707003816155;0.8269498527902281
2.766900594517527;0.11329935065864721
0.890534853284263;0.3835942371125666;0.24576770365794479
0.9415956885347612;1.060161544232403
0.6353025573920661;0.744350029289357;0.20780755393521189
1.851433340034631;0.40873791951419775
0.9014505124572959;0.22218318843859597;0.41840462235273224
1.2913866270749255;0.7458188921050892
0.7021173857528085;0.6847172326738628;0.2753354724029157
1.208329352367316;0.8113679427257604
0.2880328781334508;0.43750252997317235;0.8518388609727718
3.4792509569145493;0.018150816142225586
0.35473933855307554;0.29551741109204577;0.901964590503237
1.4698849228498385;0.6203324934397372
0.34539420583918085;0.5060670713514691;0.7903211763249944
1.015326950566906;0.9847896155369354
0.36747278215088974;0.34178232849709345;0.8732742425769334
0.8239823985203762;1.1930433496893413
0.42592293002538106;0.6007087980021255;0.6769581426213765
0.0434189766522113;3.209930148631475
0.7948847104731566;0.593098119592831;0.1312135719659765
2.353064455513959;0.21718381063311654
0.5708341985306644;0.11564563836147251;0.8135033412882239
3.6186598580382987;0.009549678220110575
0.6685550733580675;0.6673323393783435;0.3430348263251347
0.015014939139647479;3.524873096165229
0.407595567496435;0.7844051468059479;0.49350619586906785
1.899530768467947;0.3865921423369475
0.6311627875218242;0.7598955595235714;0.18149671796450764
3.5671390385649615;0.012390557176624493
0.4905736794540547;0.7441625206652637;0.48080096176861015
0.3166000478871708;2.065911094212156
0.3985057882235702;0.7943760260326536;0.5034546534802384
2.385757577553733;0.20739847170210496
0.4584079497338547;0.17665587230440308;0.8854076684043657
2.4075944157002844;0.20102445708348413
0.7170113933417621;0.6610265899973161;0.22261953028273987
0.6423274681191312;1.43651407836824
0.9228138993437466;0.27637120675180893;0.3132181346457149
2.0775625981211427;0.3120616164250783
0.706956557090926;0.18190641042911684;0.6903186990456844
0.35079705280169843;1.9816721416104006
0.4019982849737243;0.7268714557332315;0.565637071989952
0.9062447400972935;1.0983692377263592
0.5376907279793265;0.22362762290906413;0.8191943213322461
0.3586013691268603;1.963268009022308
0.738534514154435;0.6647100024836475;0.1602727846847724
3.2425611379217374;0.03971599126282852
0.4668181529563318;0.6873717864640041;0.5564226086019032
0.051551826418056466;3.143350734870098
0.8086386637046129;0.5715701695839236;0.19113124808304172
2.0163068271724547;0.3364380580230058
0.544178844043874;0.7782313659356521;0.32927720508630076
1.1865998642175601;0.8293532763502907
0.8821951153100724;0.413753885523303;0.22508773351999486
0.9975821528299889;1.0024207737015034
0.444091645134904;0.6516957624457255;0.6185916109351476
0.04530861796731389;3.1938757741816035
0.6769804992278804;0.6738984619525631;0.3021052711228855
0.11042454361862378;2.781216998538481
0.32958901565421195;0.580968267918117;0.7452420421863721
1.673866959625819;0.4987465403492681
0.4374752430750557;0.6180687196811415;0.6535630217404863
0.022743493742176473;3.419505646890022
0.3900368693599489;0.7394186093334914;0.5488460021232375
1.2987557671596146;0.7402371180199806
0.9085047223844135;0.33505507946174357;0.28588250500332096
1.4355605496475299;0.6429653451304116
0.775025472626002;0.621376172103769;0.1150873926882706
2.855662089602062;0.09618034662553464
0.5540219561642733;0.1352193161564147;0.9135544178199093
2.8022051104553123;0.10628980578747348
0.7605687501928341;0.08561920098866423;0.6486593074030539
3.0656057294498362;0.06205722378519855
0.2977343199421745;0.29305160428152865;0.9148221873823296
3.520380772950511;0.015309662880455455
0.34481886142663243;0.49074302323806557;0.8035516940103009
1.0213784978927336;0.9788476116429158
0.7249678776552925;0.6479804402979801;0.23393959599224987
0.44246303670310083;1.7817472331551885
0.7592377225054304;0.6408124410136061;0.11469866069446433
3.009375820934397;0.07035477074652835
0.682799444625743;0.7000123850921952;0.25513562248008703
1.1188212068768868;0.8878474052527041
0.36253048979145547;0.2486350213122763;0.9113636630374724
1.9985759838304586;0.34373595591743744
0.813190979459158;0.5455952995192973;0.21217771262951055
0.7027560126071012;1.3495342481373518
0.6206873855253286;0.1767571172958963;0.7644582063559617
0.6986423832336467;1.355249176962756
0.5789427242155687;0.7671452080029476;0.3405977818994217
1.2494033636625015;0.7783348315775789
0.7362222460251002;0.13365359347248487;0.6676374062109147
1.289724644126897;0.7470828680201399
0.7867769120004379;0.6090849627199192;0.10008630952257166
3.3702362536887387;0.02695496675577666
0.8781420573311222;0.45305726725993295;0.16314799840691607
2.2837424315583377;0.23891994409574854
0.5967062865332453;0.6966397180523408;0.3987431565509773
0.0016146938097663453;3.8408816824018372
0.603403726087387;0.7332608560246859;0.31605588128284706
0.38940160578333183;1.893319537314166
0.45111859875839266;0.8314820617300573;0.40387812584727684
3.6490435926584257;0.008055601401351935
0.39188412928222094;0.6788117550430043;0.6312880589789572
0.633073307151631;1.4504371491175247
0.5309738807075998;0.8028581248260779;0.35041782654308995
2.458746516450349;0.18659024741450936
0.8273275259292326;0.5422073527569579;0.14719260044240493
1.8711212561632355;0.39956388201355303
0.37693016054608797;0.6866312581313222;0.6233702239441038
0.967883492555416;1.0326406943424957
0.9143263529563412;0.3646881222033241;0.1778168774986295
2.8587635363188313;0.09561215688769359
0.5877584972222752;0.7672419135732538;0.30415725155883333
1.4947317098336472;0.6043628733001127
0.36415945332161276;0.446132649034952;0.8514930633350416
0.5917003757481241;1.5148178606088174
0.5589678579918252;0.7720584465788926;0.32416078784869384
1.1129972872894431;0.893049823560648
0.3824030114031393;0.7195465342110519;0.5796966988837822
1.1865561575909853;0.8293898167846391
0.38656604229234165;0.7475271425625085;0.5744115179899607
1.5046616263113155;0.5980756420467934
0.6194458088857856;0.13408625742564917;0.7746744311257722
1.9892696220717927;0.3476108276081747
0.3281188884123372;0.7501380517753857;0.760563165762061
3.4242942620162475;0.022354773459213915
0.9163802793497243;0.37135979457903123;0.1672252787289736
3.6773076935717466;0.006784693335847068
