100
2
0.4467841811423135;0.8358062707026012;0.31941341181704236
3.9990392628086995;5.769542589746159e-8
0.4787602003681609;0.1704625830051818;1.0499787695364866
2.33594798204206;0.22242463517628064
0.8040360184236577;0.5885435331989203;0.08492392193274262
3.9813084913191914;2.1886948498685566e-5
0.7817883086167807;0.06734966919919955;0.6298560859693857
3.988419092293254;8.394495345712891e-6
0.9414942916139312;0.22034514864465804;0.2707190735268349
3.9951653803376552;1.4617302022087002e-6
0.28020550594374505;0.4494471239617368;0.8486111096204304
3.9928447484485936;3.2027167193030125e-6
0.8893064470074781;0.4180354173094557;0.19182590444112202
1.7939576379756128;0.4364094853586151
0.35020585062176063;0.5450308118654319;0.7635413613676052
0.9407544572089852;1.0610545570435403
0.8453047967977552;0.386235621202597;0.4423647958733562
0.0014817736221705968;3.84750652251106
0.41882260867559673;0.7899418306275561;0.5231464000370006
1.8759136730606762;0.39735375562153047
0.8391630285347019;0.5157264612217719;0.17608744734207418
1.3353624126684596;0.7130471267218861
0.7189035987799368;0.6300912270202755;0.2992705355761473
0.03631607069770811;3.2740450354593684
0.4411355774533912;0.6488564272118722;0.6387583747468496
0.05074474825315479;3.1496809480422727
0.8785860161398438;0.36329096944231215;0.397805327149361
0.31225164310753584;2.077072390850444
0.849293469648572;0.5066473207167611;0.14935445840340303
1.9926652658772777;0.3461934246266333
0.3199617317269735;0.2993893271812448;0.8996378069103441
2.4876900882916186;0.17872492650272997
0.8625050640231507;0.4928560533381611;0.1420691475179227
3.2042179755658937;0.04408616050450482
0.3387781052445769;0.20278042651328926;1.0129836912347585
3.9902569348543646;5.9401940695996755e-6
0.8168373310598332;0.5267327775394021;0.2723033204011901
0.33557325749340766;2.0184258474448966
0.8215634737429478;0.5583409409145084;0.1254974339077219
2.8029953479450995;0.10613596707696067
0.2916402228360846;0.28763194013493437;0.9339097149546741
3.8921779025271666;0.0007365614010307521
0.49872341149662824;0.7758336243696013;0.40146699579967815
0.8815912946179774;1.1258675675731302
0.3659845353476087;0.36159963905070325;0.8596413006322566
0.7553597092151546;1.2789024108376132
0.8046657522204508;0.13231788566865457;0.5930702509461034
1.4286259514228103;0.6476202807751624
0.8288193034125023;0.1056278100991588;0.5539915422771696
2.4675691320993764;0.1841698837951575
0.9161041744828096;0.31724687338338614;0.24977832669947905
1.8206283016718532;0.4234019003848319
0.5580359641872815;0.2361672189721965;0.7974853009218902
0.15021419446520656;2.5999151551043145
0.7351401132025266;0.6605633519077813;0.16863998357028004
1.9547869755365281;0.36223911176419826
0.39692338204421257;0.20485279086418587;0.9181286395476917
2.4420042134612547;0.191238867091254
0.4584059869975606;0.8252648073318235;0.3439161419105878
3.1902550593798376;0.045741013618754406
0.6866038015324515;0.11563326272198905;0.7243206590302291
2.127033845970583;0.29329220483413937
0.3917291802653237;0.726884114463063;0.6207144596737093
1.089418451106832;0.9144100418087966
0.8854411699682327;0.3829485023913379;0.2766851746259306
0.668333937267449;1.398266201534872
0.7310387150398995;0.1219052550321026;0.6872249186070938
1.665027595173803;0.503589663474842
0.5222653682351102;0.72386776609343;0.4534296962220467
0.07985355108472408;2.949518725753935
0.3534019649329443;0.2800860744458436;0.9008586440528265
1.6915732977858617;0.48915340272031754
0.328920829090237;0.257129339286074;0.9428246379208362
2.7769498128414933;0.11127677814620507
0.748926921973945;0.08228920584615114;0.6582137948258393
3.270971725556442;0.03664054645611885
0.30501285567303565;0.2599558483535706;0.9761121992368501
3.641826799165508;0.008398422174725764
0.4029257379558635;0.47300703752879136;0.7841579927333207
0.10134700283445118;2.827945241664309
0.8093087516489954;0.1081745701687302;0.578928465659976
2.216359445895209;0.26138244053882026
0.6364994353034193;0.6804772754025215;0.4909596983521124
0.0012606063196685142;3.8592405333908877
0.33459713303158;0.21393379228599885;0.99550174749443
3.708933663422788;0.005496858024524211
0.8434831586058488;0.19006663631514883;0.5037357301356198
0.6100679684863032;1.4857940535132816
0.9316383819982677;0.2672318866792833;0.28969720909678365
2.867193652590588;0.09407779344205217
0.7951608290358344;0.09469928933777805;0.6008186321199626
2.6734452070727768;0.13317584616993794
0.2958251479198208;0.4650743130609575;0.8381242352451319
3.012487924725139;0.06987985602341919
0.8031383903841787;0.5883189698797653;0.09412867025867618
3.574181986200012;0.011979147132536143
0.6110664765292279;0.6976778698783103;0.4685760412164602
0.012771028177707517;3.5607351326524515
0.8734842946691795;0.44082465592488435;0.22573325378120868
1.105213053918327;0.9000485074715139
0.7763246112216872;0.6203075324722426;0.11198540956425382
2.9588786678091163;0.07832209984560155
0.7680553062395276;0.14513294760645243;0.6241469431352992
0.992376418531631;1.0076527522649104
0.8559303233967575;0.16273947124833202;0.4922999802234902
1.210203306790559;0.8098336736064393
0.6244641275233344;0.1151091126690141;0.7725269227314292
2.795364848259313;0.10762699662749174
0.7210568302947972;0.17214183430351973;0.7118180431951525
0.4755347993261709;1.7171735486523703
0.37355194108396594;0.5826612734832403;0.7257388794010957
0.5273096797964912;1.622666005136231
0.4299697909370179;0.8337910225939269;0.34637434962743824
3.8741189860354046;0.0010062739902840312
0.44934734195614134;0.2548604469833761;0.8751126636990091
0.5564612204435179;1.5726080861394371
0.903643388997778;0.350046389881799;0.2530103542579521
1.2848302726165517;0.750816117161716
0.5403147124900256;0.7358146412331843;0.41070053743536883
0.16454152797252378;2.5419927775306825
0.48842082150706473;0.7944232263594366;0.37644907096971586
1.5137220244851928;0.5923855808183828
0.4056190706346356;0.7985198459254061;0.538319463567632
2.389239087014814;0.20637361926953698
0.3587916802712781;0.6084237524240375;0.7082353756347458
0.9098746522432654;1.0943806559313531
0.6983497487436161;0.6700066546182123;0.326668956641176
0.3648855411822504;1.9486552833392594
0.7024286901772551;0.673786686129918;0.25103686506321576
0.6150577326616534;1.4780330718426704
0.7620074446263408;0.6130910072263859;0.2092021029935079
0.6358099909701771;1.44630221460047
0.38393372455870967;0.255201346404454;0.8877578521257623
1.4228143046683963;0.6515431035423964
0.511189145873645;0.7522116678815993;0.4158532744564178
0.3763477760101741;1.9224601632286136
0.6567147778955864;0.7358529276162394;0.23234697014229483
2.658956334288287;0.13643371273973526
0.43437823133423725;0.8335777752748863;0.36197241270102487
3.8344056077139426;0.0017502646375550945
0.7922095497697412;0.5777787950753863;0.3303794906437053
0.7725077992430229;1.2568108857010767
0.9093654623123253;0.3340546333482241;0.24800236163531286
1.487091376694167;0.6092371325508806
0.30275534750816524;0.48371987850214787;0.8217286303537978
2.6451676296582325;0.1395791032809517
0.5629324641397717;0.7043284009219781;0.4843169226964398
0.003728862972412881;3.7594711966472674
0.5269257818873531;0.7398947690617191;0.4236364117181517
0.20593913372793804;2.390718447517303
0.46247496306442615;0.8103011634869643;0.3683902928878079
2.2679073822587164;0.24407819177369214
0.4888576922861298;0.6925438056227534;0.5528536855945546
0.01884207399852111;3.4697763366078713
0.5972426143834083;0.7561948791418172;0.2687942217906004
1.1170677978538375;0.8894106729605001
0.5839793364842839;0.1243463920867389;0.8155901738158555
2.899246974726249;0.08837686910685147
0.4186442404740014;0.23053423556359892;0.8831568711494264
1.3394367596416938;0.710075231928925
0.48057932816289056;0.15357905208668568;0.8876464408423875
3.1143344055962072;0.05534364986211889
0.579312070165759;0.19446814140796248;0.802664733170751
0.5812944294664173;1.5315877433304084
0.6590991352846111;0.7318417586095177;0.27988849532621707
2.3551360473348657;0.2165550421384815
0.9162743879506311;0.3436203861160571;0.2059061963442911
2.346859987501896;0.21907410677545397
0.7905431003963368;0.5970169102721042;0.2290149833939516
2.1046825353917082;0.30167292259014644
0.6666423708169117;0.6888981728459148;0.3098123424176905
0.22493125900883698;2.3278545225162426
0.30899803325744635;0.2512933722608168;0.9787313350301651
3.635447365272183;0.008707705079570409
0.8674901662996768;0.45561199304748584;0.21877564256951698
1.127625271650986;0.8800372094189883
0.5366196703777582;0.29250830936856753;0.7929641108732817
6.501081697384552e-5;4.032316725059499
0.9188169197264779;0.18246966406241028;0.37007861921797564
2.6772009121756817;0.13233921808229873
0.4731686203820791;0.7105575130661766;0.5717303408949743
0.11738756311589128;2.746912824255572
0.46431223892235535;0.808751707034655;0.4000812346974865
2.184332869134666;0.2725373799321974
0.5868033800237898;0.1875832732735785;0.7947165184454419
0.668788220712545;1.3976092999867589
0.6340036335673023;0.21469326852097392;0.7571576039825314
0.13395713930480802;2.6699509136087123
0.7743037466389973;0.07334488012139811;0.6293383976968063
3.6658283573130577;0.0072871308777698336
0.6778383254680265;0.6944182139180934;0.25612901847548025
0.6196989010476049;1.4708606364233834
0.6729651443330087;0.16908582497749897;0.7446067274886254
0.6276131353448485;1.4587316030818362
0.791630992530441;0.5617032230024085;0.33945797493052254
0.2570804930182933;2.2289562640094553
0.5707043381000803;0.7167255218613185;0.4248345887288898
0.04467971124477835;3.1991766775917623
0.5341319844830941;0.7612427257791549;0.41146135438310893
0.5623951984759233;1.5626746822253221
