200
4
0.0
63.946719138815865;-15.2261481201269;-2489.303897724185
73.2599420971756;42765.01086386946;1927.4598386690968
1.999295358070733;449.8280500832628;-192.0140430760315
0.0
63.8041808034873;-15.161246891414654;-2482.7496737712163
73.2851138238837;42749.284652523056;1926.5363705218874
1.9987270391286873;449.89000192033393;-192.00527846979847
0.0
63.96600510156488;-15.235316722144754;-2493.3287857872524
73.25893961629251;42768.31298307687;1927.7544296019576
1.999389733335563;449.82326126202855;-191.96907658527311
0.0
63.96648372790714;-15.232761427335856;-2494.633388058842
73.25925718021675;42767.15547911837;1927.760424314942
1.9983911324047572;449.98787835879955;-191.9469415216746
0.0
63.88541331520724;-15.207647674225385;-2494.119210853887
73.26736079981467;42757.46663754947;1927.2838214719918
1.999202598591596;449.6872510775665;-191.92886477325575
0.0
63.97898312807468;-15.213202223789368;-2501.117955161315
73.25955704567917;42755.74955873244;1927.4924673449584
1.998465968767456;449.8058279005438;-191.84645170017166
0.0
64.04224763729498;-15.187610303985009;-2523.4649983907207
73.25732928996491;42749.21176543296;1927.8897949801385
1.9991201993545191;449.76349607563685;-191.6088727734377
0.0
64.05749228418107;-15.234803279832125;-2523.7544140000473
73.25688450401375;42779.336983857276;1929.4244448181867
1.9999353408925216;448.91859086537045;-191.5862216620504
0.0
64.04944327979062;-15.189323441142651;-2525.5039996353407
73.2571735259717;42751.69848335011;1928.1297468874402
1.9991026405406793;449.72367812036794;-191.56880671811055
0.0
64.07409887173104;-15.234751045961085;-2528.880643072013
73.25637917876283;42796.53362366444;1930.4240393648865
1.9999249809730475;449.20055088473407;-191.53273439374323
0.0
64.07855114850736;-15.234734250456725;-2531.3161667528825
73.25632828076156;42796.42446364293;1930.4760833540488
1.9999202805948422;449.14904970066897;-191.51331822958892
0.0
64.14179903847273;-15.250348331126945;-2527.375925161962
73.25623690335236;42813.52779486677;1931.4547799787304
1.9997719312837565;448.24944189031197;-191.46715818551343
0.0
64.08940412821089;-15.229673542616743;-2533.2591692660503
73.25658184140916;42779.72854664858;1929.8739371784068
1.9995512948354537;449.2124854639231;-191.44797461789722
0.0
66.77375485343016;-15.397171812738396;-2443.771994550601
73.25439617597645;43224.59722081486;1951.7125813104733
1.999370248455794;434.6589865689714;-191.2435542122391
0.0
74.424809889957;-15.526615986432695;-2461.2201172734626
73.25398592371545;43249.47879113626;1952.771591066361
1.999048808494924;434.8056010951542;-191.1455952412973
0.0
74.4928394515284;-15.52678670858494;-2473.1189792430528
73.25373686979263;43244.91992411349;1952.8358261063374
1.9991194772413001;434.4110125901663;-191.10071387461565
0.0
75.03178118973251;-15.569578544972114;-2470.9560492964556
73.25362039436207;43254.37923676872;1953.3369597456742
1.9999036552663476;434.38714870919443;-191.07621408222317
0.0
74.97148385630643;-15.565730967766237;-2471.5443687622646
73.2536325446055;43254.360236729764;1953.362654057101
1.9998813284174104;434.38880262784437;-191.063501278134
0.0
76.01743301442876;-15.611794057260736;-2460.0772487952463
73.25335356117128;43274.60304968367;1954.4478828608928
1.999192478347297;431.6510717684388;-191.0277684924239
0.0
75.91913511259203;-15.608963773550151;-2459.4372024434842
73.25331975912648;43277.6204387159;1954.635869785795
1.9991591488975577;431.664758334946;-191.0147388197849
0.0
68.12965821698596;-15.381557442152275;-2489.634287822922
73.25487444550664;43122.21828183313;1947.7146719872135
1.9966929522551558;436.63310868261675;-190.9624456327558
0.0
66.21593203562988;-15.376320538225581;-2471.4110096010213
73.25448196507075;43195.25409355439;1951.520886437902
1.9987092166646179;434.20157658842186;-190.84718630613926
0.0
72.13004932129188;-15.512031299600359;-2461.380668652049
73.25317130273774;43340.419641387314;1958.6187893004812
1.9998996907594186;428.727673861757;-190.66964164368864
0.0
71.00069627201412;-15.499214514299986;-2460.94645948669
73.253077282127;43338.47879179278;1958.7039701954163
1.9998145425222345;428.4392991576929;-190.63007562792797
0.0
78.19718527414314;-15.650377080988413;-2440.8566953467084
73.25176373241798;43546.970330893455;1970.9478704174485
1.9999439399191412;415.2723131624345;-189.82935851018036
0.0
78.73849647777095;-15.666441935661137;-2440.961025829511
73.25171370616596;43547.02174024595;1970.9265092202509
1.9999830398610352;415.01858404938133;-189.82618532202525
0.0
78.96974284607278;-15.671550224997272;-2440.3280221656164
73.25166812572662;43552.52199149991;1971.3272763835537
1.9999826653950838;415.21531623817134;-189.7938111325016
0.0
63.95948212391742;-15.234229314800988;-2491.979682484248
73.25920069975501;42768.31743849743;1927.699059456838
1.999564005059764;449.8363042205661;-191.9882397451872
0.0
63.95948212391742;-15.234229314800988;-2491.979682484248
73.25920069975501;42768.31743849743;1927.699059456838
1.999564005059764;449.8363042205661;-191.9882397451872
0.0
63.95948212391742;-15.234229314800988;-2491.979682484248
73.25920069975501;42768.31743849743;1927.699059456838
1.999564005059764;449.8363042205661;-191.9882397451872
0.0
63.96055168248129;-15.233797900455782;-2492.1586661396395
73.25920814529454;42767.97681466893;1927.6959126416973
1.9994635667275122;449.8551633664938;-191.9830623787026
0.0
63.95545642587048;-15.219917079147507;-2495.5331454075526
73.26206694185024;42757.5143773524;1927.3037831378
1.9993353632168318;449.9180324677958;-191.93898525399175
0.0
63.959418765610785;-15.21991871579058;-2495.646762942252
73.26234438990801;42757.26250234184;1927.2959495928928
1.9993062503200645;449.9342106395543;-191.93832230032064
0.0
63.95039454619953;-15.219136370348505;-2495.5732298671223
73.2608871893359;42757.97190506835;1927.3352844028625
1.9993472051384407;449.90528920437237;-191.93444959674656
0.0
63.95039454619953;-15.219136370348505;-2495.5732298671223
73.2608871893359;42757.97190506835;1927.3352844028625
1.9993472051384407;449.90528920437237;-191.93444959674656
0.0
63.95039454619953;-15.219136370348505;-2495.5732298671223
73.2608871893359;42757.97190506835;1927.3352844028625
1.9993472051384407;449.90528920437237;-191.93444959674656
0.0
63.95045278687628;-15.219253309857876;-2495.586603495769
73.26087341882825;42758.03434564269;1927.3387222660756
1.999344494059258;449.9055187972084;-191.93431650779468
0.0
63.915878744220024;-15.184980222234362;-2506.1130491506888
73.26737435811378;42748.899412758445;1927.439697391592
1.9990504261635034;449.9913849687745;-191.7337386707187
0.0
64.04074792699932;-15.187067302085234;-2522.4157795750803
73.25723755563831;42749.45646748669;1927.9077119971596
1.9997937795960927;449.7136768686845;-191.60903034357628
0.0
64.04344838688813;-15.19755060623818;-2524.5464568014063
73.25715222209826;42754.94700979363;1928.2070538146118
1.9994585868512618;449.698089076176;-191.5964237446752
0.0
64.05979615141548;-15.197923881497871;-2528.6305852730766
73.25688516341698;42757.111633574525;1928.5157529051949
1.9994834397017431;449.6935064905868;-191.52840047296766
0.0
64.07674410248687;-15.235714512796319;-2530.7982103826907
73.2563933010732;42795.2105142756;1930.4058333480787
1.9999852347397955;449.11084547871945;-191.51728006283716
0.0
64.08048389493558;-15.243745575451412;-2529.6891342461886
73.2562619640357;42798.52980687213;1930.5790229140744
1.9999560723253964;448.9974583153233;-191.51287729578448
0.0
64.08966616508764;-15.237128445461034;-2534.8085758222355
73.25652137062379;42783.75324813804;1930.0850316618114
1.9999168479112313;449.30116183143275;-191.44187477169186
0.0
64.08780351297793;-15.22762085799345;-2533.5061530048274
73.25665272041728;42779.179116893996;1929.8673449701926
1.9998613808995471;449.1695453078064;-191.44074319448526
0.0
64.10967246356542;-15.237641389277439;-2534.3267324035833
73.25646954901144;42789.93174777539;1930.4650938275997
1.9999530738247535;448.6147412317193;-191.4145212367169
0.0
64.19947093158062;-15.265351409728316;-2531.5812219383233
73.25614366832492;42834.58030403475;1933.078639764719
1.9999744992674147;448.32654698866514;-191.26860884501525
0.0
64.19947093158062;-15.265351409728316;-2531.5812219383233
73.25614366832492;42834.58030403475;1933.078639764719
1.9999744992674147;448.32654698866514;-191.26860884501525
0.0
64.19947093158062;-15.265351409728316;-2531.5812219383233
73.25614366832492;42834.58030403475;1933.078639764719
1.9999744992674147;448.32654698866514;-191.26860884501525
0.0
64.23083567336819;-15.262968809785617;-2532.8244554242083
73.2560793260216;42846.37987278765;1933.8438303955472
1.9996800050710095;448.34503956950863;-191.20592116101182
0.0
74.5476428187797;-15.529764807244657;-2472.4088045449826
73.25373607383851;43248.7404870193;1953.0227026572197
1.9991523748497753;434.4115242663541;-191.09916349562494
0.0
75.37039515582255;-15.58748382423701;-2460.1928634528167
73.25347669123381;43267.33640093314;1954.3105819405346
1.9994724998172673;432.2439664365159;-190.96121338123706
0.0
75.41184841320695;-15.590979237982474;-2461.394538357422
73.25347647629954;43272.63260237733;1954.585017081477
1.9995064154743554;432.1969386916644;-190.9545346235753
0.0
71.93630383659448;-15.424138418827473;-2483.777354752846
73.25454391995869;43162.904805835205;1949.5944843841355
1.9980258073973707;438.51045353959296;-190.94214548125336
0.0
67.6729723106971;-15.37223608487943;-2492.2246881940996
73.25468919193773;43123.13406790052;1947.97089496528
1.9969602926238708;436.6694515583587;-190.90512720062438
0.0
67.37640392796558;-15.399503523625727;-2462.7155754812075
73.25419253504397;43219.35226611689;1952.5507560062283
1.9993848907023404;434.4076413363891;-190.8480036027077
0.0
78.78562316686269;-15.667385967672592;-2440.8573797865497
73.25170994485181;43547.074294649516;1970.9292862096968
1.9999870097591967;415.07966307448976;-189.82390122875702
0.0
63.957264732057716;-15.220256878434723;-2495.624516948302
73.26199946339032;42757.71513543527;1927.3188748551659
1.999340322848896;449.9183183022597;-191.93747823065183
0.0
64.03288745387178;-15.187518483762416;-2520.7700450463335
73.25756246729793;42748.935307284715;1927.819073233048
1.9994326367131812;449.9085804796017;-191.62942318814495
0.0
64.07644819412677;-15.23741166938303;-2530.2089475348926
73.2564079021557;42790.25588461716;1930.2042478920878
1.9999600730932061;449.12754156286326;-191.50446388996602
0.0
73.33561163378232;-15.451260800268788;-2470.4552509677765
73.2540713289624;43240.14562699484;1952.5764487235217
1.9998154142875115;434.73645043248865;-191.06867466316285
0.0
75.01236723221223;-15.567965508104878;-2465.7583213612925
73.2536068345995;43257.136684351266;1953.63773477791
1.9998173411711988;434.46095285655133;-191.0292614901045
0.0
68.57970338405217;-15.395719686814175;-2495.907712778822
73.25456528063138;43127.11754948641;1947.9470219077725
1.9995348891671643;437.88013102856195;-190.92788367040717
0.0
65.85993210104853;-15.33267483721557;-2490.337400414857
73.25501508224936;43119.35225302545;1947.7746886485777
1.999440195163967;437.1352801022526;-190.89652390568716
0.0
68.5781641531993;-15.397977727260475;-2493.9653865249666
73.25455157844735;43143.23627685026;1948.9205119937435
1.9982853843658936;437.11518377905793;-190.8798784705897
0.0
67.18664118250565;-15.392327059238248;-2466.529792715158
73.25428463186873;43209.35798167102;1952.0388377164081
1.9995533442556583;434.82941771899783;-190.8604798555482
0.0
65.5845554535669;-15.268946258944101;-2498.6256997035503
73.25508250409469;43103.29060393201;1947.520377355006
1.998383957827;437.0255945399808;-190.7150653952419
0.0
63.895949549606904;-15.190811547177793;-2500.132891147133
73.26788497357842;42752.57096657831;1927.3496324973332
1.9995667331249989;449.93870314125206;-191.8242241371314
0.0
73.51026527783621;-15.500944276224526;-2471.980798702813
73.25395086905343;43242.77994620944;1952.8963741116384
1.999995512794555;434.96359995048397;-191.0274735102766
0.0
66.27338446082682;-15.384164682223204;-2468.8226077313343
73.2542576284633;43206.66223638372;1952.0513863048623
1.9997745345166433;434.8449694011283;-190.8298226656828
0.0
63.96072232753527;-15.233992600505697;-2492.294356763623
73.25921990329637;42768.05994205744;1927.7048444257628
1.999447044670932;449.86005584121637;-191.9813514339332
0.0
63.96617529143638;-15.235511460805341;-2493.464543809636
73.25895137340935;42768.396140798424;1927.7633661060513
1.9995400853386176;449.8281579387022;-191.9673646021391
0.0
63.97020613070152;-15.236889426736768;-2494.8057474108687
73.25883402514266;42768.72570063661;1927.828827847212
1.999453504157732;449.8226231192459;-191.95094137147365
0.0
63.846116481940804;-15.20114717065349;-2491.0053820530406
73.27062134819346;42759.16403367448;1927.2943910110525
1.9972070236054842;449.9994513088891;-191.9455876730709
0.0
63.9518013790171;-15.21967431810926;-2495.5751070917227
73.2623113700937;42757.85519172716;1927.324795881689
1.9993796250567237;449.90527212802124;-191.93650497410633
0.0
63.951859615593364;-15.219791253016417;-2495.5884818639374
73.26204223983251;42757.9176297164;1927.3282336589132
1.999376913614168;449.9055019776218;-191.93637187287007
0.0
63.95110267380143;-15.219371974172477;-2495.5361305959696
73.26105484070399;42758.194785636086;1927.3465316543825
1.9993508632799906;449.9001830091437;-191.93443944191213
0.0
63.96182782108243;-15.220202612053713;-2495.697599508331
73.26091481141808;42758.42501913822;1927.3693624324485
1.9992944152368743;449.9245865658612;-191.9327127107167
0.0
63.957539835489015;-15.219857056477844;-2496.274125366115
73.2627639280584;42757.59483643955;1927.339469378752
1.9993656024155642;449.8831507552159;-191.92827959903494
0.0
63.883451415238035;-15.200441520555142;-2492.8783755439
73.27046682947373;42757.377603440655;1927.2993906988045
1.9983467148671072;449.887141545024;-191.92235005951537
0.0
63.96522769646174;-15.216524984782506;-2499.043805229521
73.26023741886652;42758.14614850168;1927.5174520631738
1.9987902357165424;449.8114134306251;-191.87618583660665
0.0
63.96742293758338;-15.216144185727478;-2499.104822264819
73.26012066310108;42758.12948641658;1927.5239963129434
1.9987719338668626;449.7982013763974;-191.87390176156356
0.0
63.98308778134063;-15.228056121439694;-2503.381679483871
73.25972917741622;42763.10795299104;1927.910112390506
1.999103342940779;449.74616374178544;-191.82534321829442
0.0
63.98335007166812;-15.223979390347031;-2504.551106675167
73.2600352277449;42761.86124582379;1927.9071380934436
1.99816833819489;449.90594843749597;-191.8048334316523
0.0
64.01606994858786;-15.233229926981572;-2514.5807653011907
73.25716356404759;42781.54661346687;1929.0156393165246
1.9996081218467336;449.5449826668116;-191.7611789459952
0.0
64.02432678704909;-15.230546682200673;-2515.291065556235
73.25718003422483;42773.76778774277;1928.7737376789983
1.9994130906736212;449.6405156939333;-191.71458239802917
0.0
64.03916902089072;-15.186340591457487;-2522.564689815321
73.25727345271605;42751.949735072536;1928.0363583703668
1.9990131142565497;449.67579349276383;-191.6046185940281
0.0
64.05620163868086;-15.23320302243413;-2523.275944462993
73.25692922109955;42778.77380653982;1929.3812260957575
1.999997896783647;448.9129892710681;-191.59154839754137
0.0
64.07449394339066;-15.242906149048958;-2528.320075180359
73.25643871013246;42792.783828185355;1930.2648691790966
1.999442640186445;449.06047608810354;-191.52409684766036
0.0
64.07961957635094;-15.244321908657875;-2529.5224516481258
73.25628373787598;42800.930724220474;1930.669547755698
1.9998564635316676;449.0141627311685;-191.52149114957814
0.0
64.10277710203333;-15.2374910665379;-2532.06042251
73.25644892962127;42791.22422986369;1930.4561810245073
1.999950496737591;448.82229203163445;-191.44382864539497
0.0
64.10617627616843;-15.237432345639407;-2533.838879140823
73.25647221865125;42790.74748485822;1930.4740937849986
1.9999273305700707;448.6309637022813;-191.42512952175062
0.0
64.24752317578003;-15.267040349603196;-2530.1801419116173
73.25622326840357;42850.19153737709;1934.2675030021592
1.9996770716515357;448.36990683562686;-191.1252399660238
0.0
74.91889803950725;-15.535750072034626;-2471.6003314088844
73.25380540418932;43249.08426719268;1952.9359000506367
1.9995578268482501;434.12934204094614;-191.11771629171258
0.0
65.96021579145047;-15.3579456110497;-2482.8797568853624
73.25479164242844;43136.85027107402;1948.0472516773439
1.9986006654507587;437.87745544930635;-191.08801835102054
0.0
74.60550831486422;-15.55312290162344;-2470.759601435005
73.25373626932912;43254.76671858532;1953.3254168331955
1.9993566463778154;434.4211892713473;-191.07625809325245
0.0
73.37497961153561;-15.518090529720494;-2466.975408503523
73.25374427455783;43248.00426951525;1953.05387253528
1.9994152682875723;433.65742534023354;-191.04774207562033
0.0
75.8484345510937;-15.606519148641109;-2459.0572615767246
73.25333045516847;43281.66662560557;1954.8920005256236
1.99908372407633;431.74542842707234;-190.99465663825612
0.0
68.12947909225738;-15.376323196821849;-2489.8127802263657
73.25484945775462;43128.04077669124;1948.038071193281
1.996969933993211;436.84050506442276;-190.94745204997952
0.0
67.97716259631049;-15.376898949314413;-2489.2637888471445
73.25483976837135;43130.279804913596;1948.1572093789698
1.9970111067567131;436.8296063692161;-190.9403184369602
0.0
68.18383417453578;-15.378691448317618;-2490.5850166879486
73.25496842329548;43125.558755931066;1948.0332562605636
1.9978141761186587;436.438849856606;-190.9222801605028
0.0
67.84873769151066;-15.375756494173626;-2491.2805202488503
73.25499079191724;43124.94968844743;1948.024316690528
1.9965511482298612;436.7772008014864;-190.91181978552984
0.0
67.84873769151066;-15.375756494173626;-2491.2805202488503
73.25499079191724;43124.94968844743;1948.024316690528
1.9965511482298612;436.7772008014864;-190.91181978552984
0.0
67.84873769151066;-15.375756494173626;-2491.2805202488503
73.25499079191724;43124.94968844743;1948.024316690528
1.9965511482298612;436.7772008014864;-190.91181978552984
0.0
71.28322037232017;-15.506238624016571;-2461.607962004595
73.25322185694007;43338.58495469558;1958.7624979679413
1.9998008100200573;428.4413175892151;-190.6209195789608
0.0
70.62066944053693;-15.498520827490934;-2458.7133626870627
73.25318936009506;43380.5196962459;1961.1930361754557
1.9994796073939756;427.8909448959101;-190.49103688972968
0.0
78.78678102219597;-15.667380890637446;-2440.8576255568173
73.25171088932083;43547.32824700452;1970.943559604396
1.9999825126383908;415.07362088645993;-189.82337098035794
0.0
63.9887013292631;-15.233083017776899;-2494.8901556401433
73.25820076245509;42768.53537049301;1927.8815379614255
1.9999322635936871;449.8500435111714;-191.9314790344632
0.0
63.9649413575092;-15.213119963278338;-2498.2602703026155
73.26094044547004;42757.69803324722;1927.4998410024702
1.9988664102721936;449.9491746867173;-191.8749251835988
0.0
63.94030386885357;-15.191147417925988;-2514.893493761862
73.26687059875196;42750.26097192837;1927.840842468956
1.9995064505275013;449.888259498254;-191.62011479334745
0.0
64.04238540730162;-15.189164402205888;-2523.235489684971
73.25730902020685;42751.083990930594;1927.9911814141487
1.9997931122361612;449.69704996034386;-191.60631944502848
0.0
64.04227401752497;-15.188877447423394;-2523.2509200707054
73.25732356641011;42750.68152687355;1927.9790738647052
1.9997532936157643;449.7119719791129;-191.605277038553
0.0
64.04208598263206;-15.187016361846425;-2523.2713365269274
73.25737630238862;42750.23440816108;1927.9622797132456
1.9995583980204268;449.67099983667293;-191.59959558815115
0.0
64.04201783711238;-15.186727618604364;-2523.301456690562
73.25739096507778;42749.80177299629;1927.9487742729877
1.9995145758718142;449.6864932995287;-191.59852496123884
0.0
64.0819592283191;-15.235433829844675;-2532.6965613823318
73.25635130428573;42796.90813367001;1930.5441114629077
1.9999616903459914;449.1481374298247;-191.49815969144413
0.0
73.70094493540643;-15.510469428139405;-2469.0771076144024
73.25382496318477;43245.58432370526;1953.0377960157402
1.9997646607320978;434.93501049422076;-191.0262784558419
0.0
75.41140404386533;-15.591430283611453;-2461.2923946646993
73.25347725707265;43273.53938933287;1954.6339831455773
1.9995375407785312;432.19623556890724;-190.95282546259156
0.0
68.58908207806063;-15.394860833779711;-2497.089283832572
73.25456535624885;43136.19362144746;1948.5487352534556
1.998413948193526;437.32379625701935;-190.89066628290053
0.0
65.88223112569868;-15.338809543801196;-2492.814384874248
73.25501491775364;43123.36995987043;1948.0854090884775
1.9991670551241938;436.5457653541112;-190.8572868310479
0.0
64.04268545360522;-15.202336685304928;-2522.7915771073845
73.25719199836;42756.11017535407;1928.1723408738387
1.9999517223408725;449.8846574759078;-191.62770635609564
0.0
64.07826212299307;-15.23915437033362;-2531.2255896910433
73.25653633226011;42789.46722398403;1930.1946560575955
1.999968002750086;449.18423093417687;-191.49494962438533
0.0
73.68750288481479;-15.512536032420227;-2468.9395444858224
73.25394584186148;43245.553674753144;1953.0801187359746
1.9999361316027255;434.944225326355;-191.01080193983958
0.0
75.42111802879644;-15.591796068796768;-2460.390174008764
73.25347329445427;43277.30731544995;1954.8862418156998
1.9995425755813325;432.2480038552808;-190.92985987567863
0.0
63.953034192050275;-15.229327418436672;-2491.7201406074087
73.26069174396424;42767.18502549523;1927.6637675411382
1.999543481594189;449.938926019821;-191.97861489799573
0.0
63.96152501480626;-15.23499844774837;-2493.324318582512
73.25934486625064;42768.38248515645;1927.7567585206273
1.9997238132301225;449.8762671687218;-191.9683720170352
0.0
63.9471457929743;-15.219370340720776;-2495.4224082412193
73.26117129994687;42758.446745825604;1927.354367033653
1.9993799441783742;449.88400848760546;-191.93510289267093
0.0
63.96619523994064;-15.225843979441665;-2494.478474049118
73.26026380333181;42764.939632995214;1927.6894459696532
1.9996401002426287;449.8604511867638;-191.92988997259604
0.0
63.922457379178006;-15.207544828557088;-2494.736803321861
73.270578961129;42757.990280440514;1927.3646655123487
1.998751413695575;449.76221068216495;-191.9180702594653
0.0
63.96683646168553;-15.2185416593676;-2498.265950239751
73.26075742860323;42759.30313534044;1927.5505526382874
1.9980582093610095;449.93822335689333;-191.8836787516577
0.0
63.99968735592466;-15.227358878601347;-2507.16957747847
73.26019576231842;42762.92123942717;1928.0369985242971
1.9984989763163643;449.8383886983963;-191.78177973600626
0.0
64.0252951327872;-15.237826845495434;-2517.5507822620634
73.2570964413606;42788.209846708574;1929.4060520336134
1.9995615703084857;449.5916814798919;-191.7389374081621
0.0
64.02441726137857;-15.230531705393394;-2515.302249332622
73.25720767580982;42773.76786666305;1928.7742283620687
1.9993807294770405;449.64598527128487;-191.71444806703647
0.0
64.03995082730786;-15.186136603357328;-2522.798145530403
73.25765045428285;42752.33492343065;1928.0738327986614
1.998841058643715;449.59808889301064;-191.59721422046553
0.0
64.06163182185266;-15.241568549273978;-2525.9758165630383
73.25699504546462;42782.74855531635;1929.6391644967175
1.99983629374027;448.9837279278987;-191.57008089389996
0.0
64.06292137909327;-15.24316925028777;-2526.2642598963535
73.25699137673419;42783.3118843922;1929.68241689677
1.9997737505114372;448.9893227466054;-191.5647455285897
0.0
64.10540630512969;-15.239230236156892;-2533.4244895464417
73.25645373120594;42792.375091634116;1930.5258306260969
1.999960424836269;448.6385567616679;-191.43459876625008
0.0
65.79841553900519;-15.34416508579413;-2481.5849641828013
73.25481813276512;43141.95690460199;1948.270753961099
1.9980276777452128;437.89541964190903;-191.09660602710366
0.0
73.6668288003441;-15.513463282389365;-2468.372678532667
73.2538488935637;43249.39370420825;1953.224209473856
1.9997963374353445;434.93530002208837;-191.02471259779344
0.0
75.3083077526601;-15.58366075747161;-2457.0435094775307
73.25346425212778;43283.153957618764;1954.9664784594179
1.9999055898119151;431.2643347013619;-190.99904731992714
0.0
75.75504948328748;-15.606042816002718;-2457.395636300249
73.2534241795459;43284.589786111814;1955.036421306401
1.9995420741110188;431.5940449063578;-190.9967155065996
0.0
68.37497359935205;-15.384555159785876;-2487.60927583929
73.25496629144858;43140.07854327487;1948.5407415376362
1.9963597340470598;437.5194719187852;-190.98442350516365
0.0
72.8291883312605;-15.523884316342235;-2461.5898434329074
73.25377166301763;43258.33329914781;1954.0112197134613
1.9989089405646978;432.417240819264;-190.97051583106594
0.0
75.55620017962731;-15.60074965511445;-2456.3734438186907
73.25340055809781;43291.661963674036;1955.4811017551917
1.9994332063312774;431.68929359931406;-190.9635455446169
0.0
68.82814638178502;-15.401507600865807;-2493.735994892508
73.25461918356694;43136.33885961053;1948.586504394987
1.9983605759760912;437.3925365238435;-190.8764614919267
0.0
66.23988366531812;-15.367929440605762;-2473.9723081586726
73.25460252514276;43199.27483148977;1951.728419784909
1.9987995446843851;434.4644556253137;-190.83635478161113
0.0
76.83952447814288;-15.629108114353613;-2453.6541471652176
73.25338206698416;43323.05624356778;1957.4713723238765
1.9996584023866897;431.0820332003262;-190.79213490449214
0.0
70.67840527518442;-15.500510478948097;-2459.5766153287827
73.2532295782089;43375.95428648516;1960.9192897055796
1.9993477410842568;427.8761248222016;-190.50899804229272
0.0
78.23046373049134;-15.652228629684027;-2440.9310450128733
73.25176881750394;43548.27616552987;1970.9845478791995
1.9999195905532159;415.27566297150616;-189.83931963712797
0.0
78.14221804611941;-15.64731476803914;-2440.8714907481462
73.25176965384382;43547.99594603286;1970.9810680503442
1.999897626712062;415.25543683448257;-189.8357808652601
0.0
78.14221804611941;-15.64731476803914;-2440.8714907481462
73.25176965384382;43547.99594603286;1970.9810680503442
1.999897626712062;415.25543683448257;-189.8357808652601
0.0
78.14221804611941;-15.64731476803914;-2440.8714907481462
73.25176965384382;43547.99594603286;1970.9810680503442
1.999897626712062;415.25543683448257;-189.8357808652601
0.0
78.75601897895449;-15.666568815449855;-2440.876896554274
73.25171165150326;43549.057059349514;1971.007373718164
1.9999783406715002;415.0559385068805;-189.83028816841372
0.0
78.70917371639453;-15.664352461189301;-2440.8771456779145
73.25171651788907;43548.33848603629;1970.9762255694518
1.9999672123648813;415.0563889949726;-189.8297824328085
0.0
78.70917371639453;-15.664352461189301;-2440.8771456779145
73.25171651788907;43548.33848603629;1970.9762255694518
1.9999672123648813;415.0563889949726;-189.8297824328085
0.0
78.70917371639453;-15.664352461189301;-2440.8771456779145
73.25171651788907;43548.33848603629;1970.9762255694518
1.9999672123648813;415.0563889949726;-189.8297824328085
0.0
78.7737375009399;-15.667153619380057;-2440.8774761192644
73.25171127402318;43551.794224634454;1971.1650970689943
1.9999927297443716;415.0439494041884;-189.82338692665707
0.0
63.96508985208565;-15.213309289804393;-2498.246298015497
73.26099393079153;42757.819607431906;1927.5038736649763
1.9988542751575378;449.94320987752076;-191.87513320514708
0.0
63.96803891552185;-15.220628720801779;-2500.7932756029472
73.26073940148362;42760.42196427749;1927.7037451059564
1.9991233452381245;449.7936036403536;-191.84971024190196
0.0
63.97875454307785;-15.216286089875355;-2500.9545174824216
73.26087317452196;42758.32170573541;1927.6271654112077
1.998895025667921;449.93601287157213;-191.84271198912356
0.0
64.0681566278209;-15.239842980305857;-2526.644714661843
73.25648669425914;42795.535328643375;1930.2892764364844
1.9999192120104354;449.0661241024106;-191.56080196731943
0.0
64.05282983387363;-15.203247124793826;-2527.91598613248
73.2573265756948;42757.072161456235;1928.457793620959
1.9993455912714515;449.62826968582635;-191.54718361821347
0.0
64.07938157267996;-15.245845720363791;-2528.1332538771703
73.25633079193851;42802.18773816848;1930.7089338515368
1.9997851297795886;449.156089900192;-191.52863350235947
0.0
75.42067297655963;-15.592246744127245;-2460.287981512197
73.25347407366095;43278.214429194995;1954.9352252147758
1.9995736759722098;432.247302025241;-190.928149652362
0.0
64.5028968600022;-15.312024082410021;-2487.160148210917
73.25606209604351;43134.29874526061;1948.6114105245058
1.9969615835060173;442.54188650558547;-190.9124691409107
0.0
63.90700472473376;-15.22098183738699;-2485.05651784948
73.26452835427412;42767.45258915888;1927.3920360123773
1.9992614010495804;449.8371530342524;-192.06741050517098
0.0
63.95682558386947;-15.232143337006294;-2492.423535606252
73.26066998886262;42769.083288450245;1927.7864188709243
1.998806106128578;449.98567640091244;-191.96860517764026
0.0
63.97721730940172;-15.22216022972805;-2496.0218462666708
73.26151325054803;42760.626536606134;1927.5107962484335
1.9992241580691767;449.8955607786231;-191.92425671338134
0.0
63.96700601967519;-15.220862811098451;-2496.2683150257126
73.26204188447994;42759.426069481764;1927.4370410197337
1.999698648346367;449.82348815534147;-191.92019133609978
0.0
63.96700601967519;-15.220862811098451;-2496.2683150257126
73.26204188447994;42759.426069481764;1927.4370410197337
1.999698648346367;449.82348815534147;-191.92019133609978
0.0
63.96700601967519;-15.220862811098451;-2496.2683150257126
73.26204188447994;42759.426069481764;1927.4370410197337
1.999698648346367;449.82348815534147;-191.92019133609978
0.0
63.91148948289721;-15.205538374165819;-2494.403656015754
73.26679874421853;42759.299870684496;1927.4433423560467
1.9989924612826433;449.69774450222735;-191.90989181599284
0.0
64.02321896778177;-15.232694279789392;-2515.020250811844
73.25729841904393;42774.815365819566;1928.8072233132266
1.9992157987945611;449.66503273125693;-191.7204546803399
0.0
64.04434389154412;-15.23059817173985;-2519.7493082691926
73.257217816926;42776.72489312648;1929.1409125300443
1.999888400058175;448.95254455984156;-191.6398985824303
0.0
64.07305617201423;-15.243585951967507;-2528.1650604309893
73.25638520624813;42803.974042291426;1930.730076276047
1.9998275647252457;449.090400048035;-191.55092124679712
0.0
64.08985149198855;-15.249782327972023;-2529.973641652335
73.25644058087472;42803.330601860194;1930.9282685343014
1.9994311723613134;449.1255862145261;-191.4733113093894
0.0
65.8059467316077;-15.349823347757496;-2479.841431643983
73.25530245127953;43149.13868629766;1948.6458240772795
1.998393179034505;440.2054973707154;-191.09435460913411
0.0
76.62709825900887;-15.618665984082437;-2465.0939832628524
73.25395530983441;43256.410660259135;1953.3881119857583
1.9999082979571168;433.15749686863035;-191.05469971658695
0.0
69.7004680541964;-15.405352546893033;-2483.594286556769
73.25520105444929;43147.06420296413;1948.6579527498868
1.9957421834791345;436.80667481840004;-191.03408905882605
0.0
75.65610171972496;-15.60359339781972;-2457.0150305577426
73.25343470568542;43288.63887777801;1955.292723671802
1.999466564780774;431.6748765026262;-190.97661902155744
0.0
73.14075788371002;-15.538891241695783;-2459.3216422864657
73.25389817159342;43260.48333407179;1954.1477606573999
1.999047284233292;432.2629360089871;-190.95022472866347
0.0
76.84147425948298;-15.627100706162352;-2455.0103031787867
73.25342702177167;43313.14047709994;1956.8244949965601
1.9986523120481656;431.3292404738051;-190.84642482423467
0.0
76.81561257827862;-15.632649676719868;-2453.433563333737
73.25339851143235;43353.87191324093;1958.8768685211337
1.9996773376229047;431.23233147296384;-190.8319108657565
0.0
76.77735000162716;-15.624832923137706;-2453.4638272667853
73.25342490409245;43323.741243890116;1957.4919429940692
1.9990655504560697;431.068628596687;-190.79404070421555
0.0
78.68510127857603;-15.664491594822834;-2440.5725661737897
73.25175705236539;43550.27685695463;1970.9942000691613
1.999914913760738;415.18195070509717;-189.863370098985
0.0
78.72529628424262;-15.664448241070968;-2440.907811528417
73.25171798315569;43548.819415199825;1970.999856482964
1.9999628105355667;415.1399333974585;-189.8296604890918
0.0
78.77489618258161;-15.667148550040384;-2440.8777226052825
73.25171221837815;43552.04728340577;1971.1792933342497
1.9999882327379093;415.037886743357;-189.82286843341092
0.0
64.05353431790967;-15.205888511512498;-2524.2690878484777
73.2573295522449;42761.684540709284;1928.4859044076172
1.999890109722429;449.69542928331197;-191.6131085922995
0.0
72.16518043178287;-15.438898000060705;-2481.2125572393093
73.25462439991402;43181.75295126536;1950.368035300784
1.9994357240323297;439.7296843530713;-190.97503852463456
0.0
76.11514221206092;-15.601830176086429;-2460.4377800543343
73.25347447939754;43286.894075772514;1955.2234572062068
1.99959797327663;432.1076545332449;-190.97316904029452
0.0
75.42915535348013;-15.600475795501273;-2457.9883223637344
73.25342917828596;43290.82973517197;1955.438031001358
1.999727637143281;431.6897317059767;-190.95943156077027
0.0
68.49902526048453;-15.38796862666286;-2492.4508239328875
73.25464857559001;43141.46006289053;1948.8096898548115
1.9984550835251425;437.41082082803416;-190.8853727579052
0.0
63.927316745938434;-15.219398410352815;-2495.152959162092
73.26298023159652;42760.60152945877;1927.44248556363
1.9994988309982298;449.85494356584;-191.9363199928078
0.0
63.95337477098615;-15.219001317282842;-2498.102107945534
73.26171622898362;42761.67699742393;1927.6756924485303
1.999031899427998;449.84439454536664;-191.8779077358163
0.0
65.8224498555392;-15.352267277325915;-2479.060400278932
73.25486534649333;43153.127255602514;1948.9082027381562
1.998851631002212;438.00045951490074;-191.06960792843446
0.0
65.82728527368614;-15.346767264909882;-2480.6892837289292
73.25476302324837;43156.263887885405;1949.0903822139521
1.9995371978947727;437.3748892487474;-191.05693220629365
0.0
63.96765220378631;-15.220668315743456;-2496.3712067232345
73.26224349197031;42760.29496687678;1927.4817646607128
1.9995617832934087;449.8757908670305;-191.9188841901842
0.0
68.86591655536432;-15.368275172905491;-2497.597216427959
73.25484504630431;43148.70307552686;1950.3885039231347
1.9995573537931643;439.55000016876954;-190.49526577632608
0.0
63.93596380520514;-15.219027971614874;-2496.4898365957415
73.26239919231311;42762.27342196639;1927.555573118779
1.9994718512493348;449.81550758346947;-191.9271073520507
0.0
64.54478230265693;-15.355696286638242;-2454.3441185558045
73.25493818270179;43238.51160255118;1953.2392007774945
1.9999184952531708;434.43412197632244;-190.97883906303656
0.0
75.18291206883241;-15.568370745273567;-2461.9506054801664
73.25348247410554;43272.75866277349;1954.824117156073
1.9996150212389854;431.8219479323108;-190.89591002605565
