200
4
0.0
63.74635315682324;-15.243276922147006;-2460.66418772736
73.25003125005357;42849.1605977983;1925.389320754787
1.999930979906538;449.9869182737199;-193.12881816112136
0.0
63.748827215018544;-15.244483169737196;-2461.643746022186
73.24997267767246;42849.26547325974;1925.4323876319345
1.9999335438562915;449.9686955780179;-193.11711609999915
0.0
63.747883154839165;-15.244129518916454;-2461.8696375950376
73.24998533535816;42848.45593527822;1925.3965610862585
1.9998567020114126;449.9958638073204;-193.11698136669386
0.0
63.749856577892665;-15.245653291177916;-2461.8216262548494
73.24988374871751;42850.525450021334;1925.4843091142968
1.9998399701524383;449.971012560993;-193.1157658315625
0.0
63.749856577892665;-15.245653291177916;-2461.8216262548494
73.24988374871751;42850.525450021334;1925.4843091142968
1.9998399701524383;449.971012560993;-193.1157658315625
0.0
63.749856577892665;-15.245653291177916;-2461.8216262548494
73.24988374871751;42850.525450021334;1925.4843091142968
1.9998399701524383;449.971012560993;-193.1157658315625
0.0
63.751108985503514;-15.247572035740589;-2462.830329729161
73.24973784753249;42850.861710323676;1925.503284145397
1.9998380711921657;449.9812319416835;-193.1095540035775
0.0
63.75216594355782;-15.245778998746008;-2463.1229340342534
73.24985589028925;42849.47839048167;1925.4889623396055
1.9997116817019607;449.9920551686824;-193.10061410730532
0.0
63.75586562910116;-15.250674670846992;-2466.9901361732977
73.2496328262174;42848.67315850013;1925.5569597388828
1.9998054240666534;449.9527586147766;-193.06717311062613
0.0
63.763036901102886;-15.259601604789493;-2467.3736737831314
73.2492560876371;42855.57910271223;1925.8591666347554
1.9999567120276707;449.92334255316626;-193.06175307483198
0.0
63.78235514097032;-15.296851026797007;-2471.6920212249315
73.24789739293894;42879.72086822315;1926.997917615207
1.9995744805665425;449.9528582467347;-193.02522680815693
0.0
63.7665818766038;-15.267591538602098;-2471.57570173588
73.24914810883944;42853.59128779734;1925.912485568118
1.9999269227783707;449.948207164785;-193.025199751283
0.0
63.768327643467195;-15.266551292018978;-2471.9318674215556
73.24915117954086;42853.182981601065;1925.9188396221375
1.9998661934274329;449.9480681158645;-193.01780439415734
0.0
63.7683834497013;-15.26659250425557;-2471.95198895077
73.24914926321883;42853.20146266599;1925.9203973028036
1.9998505816628043;449.94766659397555;-193.0175684208612
0.0
63.76838378652376;-15.2665935270839;-2471.953382382591
73.24914933468098;42853.199778190254;1925.9203911500451
1.9998509256255237;449.94493294368505;-193.01755412163877
0.0
63.7684406528384;-15.266390989265377;-2471.953621195459
73.24915123065932;42853.02754106775;1925.9121103972468
1.9998516260792079;449.9369424739213;-193.0174824506627
0.0
63.78443912594893;-15.297847621465863;-2472.502842989989
73.24784290293452;42879.87190195424;1927.0353896263202
1.999591794988215;449.94031503034404;-193.01552655009425
0.0
63.786978089642965;-15.298486576205116;-2472.9737107265496
73.24776444722;42880.54402478896;1927.0820656432466
1.9996717732843055;449.93400016666186;-193.0082505122317
0.0
63.7706930484729;-15.26896318282813;-2473.044727035584
73.24903734949731;42853.829737381435;1925.976920669825
1.9998745498889645;449.92995266396247;-193.0071378774749
0.0
63.788148006077726;-15.299267231896417;-2473.6059350459973
73.24774152942528;42880.46157925888;1927.1038953051261
1.9995693007008164;449.9502918645541;-193.00113971594058
0.0
63.7890756393983;-15.297854418373143;-2473.730954544267
73.24777086097927;42879.1480310088;1927.0537708845782
1.9996401939641193;449.9260862644763;-192.99804336620178
0.0
63.773778766550244;-15.269605306900614;-2474.096113991708
73.24896134369946;42854.12367180126;1926.0323392381792
1.999897263849558;449.9224880915076;-192.9932570418796
0.0
63.774115040799835;-15.269696435531564;-2474.1266753919867
73.24894644170438;42854.26153801128;1926.0382191111294
1.9999136763884269;449.91994111323737;-192.99273321268615
0.0
63.79441600192043;-15.302466070780861;-2475.7203664565786
73.24758757805279;42881.609601377364;1927.243866599788
1.9994804170767668;449.9401304337476;-192.9739986410755
0.0
63.793740619434125;-15.302048309512273;-2475.8024947895146
73.24760281058965;42881.48621242273;1927.2421891550202
1.999429514727704;449.9300436153606;-192.97354549911844
0.0
63.77741879733066;-15.264770790268084;-2474.8647746807424
73.24910939006539;42851.65863659653;1926.0091753179984
1.9999178573568561;449.90956744494963;-192.97237678181548
0.0
63.7947644944793;-15.302366835989444;-2475.870709771754
73.2475841078057;42881.50392560405;1927.2457626230403
1.999507426632811;449.9254953216622;-192.97197500376205
0.0
63.794391166741114;-15.302256922299085;-2475.934465940267
73.24759169480103;42881.46647293644;1927.246907422854
1.9994023819844615;449.94040356599555;-192.97162539207568
0.0
63.79703399689303;-15.303380355280424;-2476.686499204605
73.24752690303177;42881.8087065986;1927.292236885475
1.9994875591424386;449.92950160259574;-192.96170865425307
0.0
63.78037484370332;-15.265864246126654;-2475.782269381071
73.24904050125092;42851.91581546711;1926.0576271292773
1.9999797007954148;449.89521828368845;-192.96042242324563
0.0
63.78129446961089;-15.265838767067049;-2476.2432727036144
73.24900494986822;42851.72499926007;1926.0612121844858
1.9999902788248085;449.8812331182172;-192.95544483746093
0.0
63.799615927207476;-15.304324933561809;-2477.6063466661826
73.2475257502408;42881.58289331227;1927.3224170157605
1.9995756064183916;449.9091676626435;-192.94993777074146
0.0
63.802113878843194;-15.305636405059726;-2478.812130334277
73.24744889466675;42881.372547260384;1927.3622863729586
1.9995693305353506;449.91066064082594;-192.93587552025343
0.0
63.80189069144598;-15.29484558500535;-2481.160174706356
73.24800959466529;42867.55431382512;1926.9075005163072
1.9993314167113563;449.9642328077246;-192.9038564662688
0.0
70.81676552281236;-15.465724403520385;-2483.218294941371
73.24535226473986;42920.388513347956;1928.888816082328
1.9997680966479316;448.9215235202408;-192.85929529189892
0.0
70.96153894169903;-15.466175662497943;-2481.760646094958
73.24520976430527;42924.60687992695;1929.0045542181635
1.9998574167312042;448.87351387207076;-192.85795046678078
0.0
63.80966624838697;-15.28245209223937;-2484.6803666318024
73.24808933924336;42860.57568987877;1926.7698266761245
1.9995236013360742;449.903243318543;-192.84869140144767
0.0
63.82786832234762;-15.306852514671323;-2487.1949572838685
73.24722664846998;42881.818937926975;1927.8055632210494
1.9997000533389142;449.816198557084;-192.8154085638902
0.0
63.829706806712174;-15.307702436365163;-2487.8693324592346
73.24721738299957;42882.11210893215;1927.8453196360254
1.9996856727368315;449.8129776415829;-192.8066926562083
0.0
68.71549894915427;-15.414573857120544;-2483.683952343652
73.24581049102376;42917.9100001591;1929.190439359841
1.9989909192029358;449.0936824413471;-192.7886526365027
0.0
69.87090435639331;-15.414456025988311;-2489.1364889832357
73.24586380452209;42898.47836621391;1928.310313202939
1.998890733022853;449.23201134195875;-192.75241242221657
0.0
69.07161381341152;-15.422428520771618;-2473.7995043837054
73.24358479929188;42974.16796405603;1931.5163739982802
1.9998582992464498;447.33646482840487;-192.72871831729427
0.0
69.01746465236356;-15.4203615929487;-2473.564458588166
73.24354443809216;42974.266059404494;1931.5397603479312
1.9998496709662894;447.3653856389996;-192.72616393833562
0.0
69.35475801189244;-15.4271884329594;-2473.812545153336
73.24337302071821;42975.8924939688;1931.608557153053
1.999746463981626;447.1477008204907;-192.7214218175995
0.0
69.31182134083178;-15.425796083778954;-2473.6529230259825
73.2433223759823;42977.26516949127;1931.6962986988651
1.999799430879497;447.1040270939637;-192.71490756838887
0.0
69.4488390656824;-15.428593188637828;-2473.50829522362
73.24310545045925;42978.79129770858;1931.787881302415
1.9999126969945762;447.088618944323;-192.70803689161437
0.0
69.44867675023066;-15.428580218692767;-2473.319162212367
73.243034638785;42979.876513742514;1931.8481866615803
1.99998194821945;447.0874867939295;-192.7045271347533
0.0
69.45037726354653;-15.428615525605691;-2473.3178549963473
73.24303373947936;42979.886716244844;1931.84891037568
1.9999820309841811;447.08738743733807;-192.704452402006
0.0
76.31946034761431;-15.557757248572363;-2477.723365204968
73.24267234542381;42999.451828122095;1932.52305050396
1.999878627453512;446.7403302374012;-192.67343241669698
0.0
76.31946034761431;-15.557757248572363;-2477.723365204968
73.24267234542381;42999.451828122095;1932.52305050396
1.999878627453512;446.7403302374012;-192.67343241669698
0.0
76.31946034761431;-15.557757248572363;-2477.723365204968
73.24267234542381;42999.451828122095;1932.52305050396
1.999878627453512;446.7403302374012;-192.67343241669698
0.0
73.52145480569213;-15.509494344122823;-2471.6691621542764
73.24260687994321;43006.741432825744;1933.0486361710437
1.9993533611996277;447.21230791278214;-192.66873437022295
0.0
75.65215764324519;-15.547205187548691;-2475.203620022967
73.24237958335334;43014.48663589897;1933.4701291814367
1.9995152855403986;446.58622126003644;-192.62617842223867
0.0
79.42830165340979;-15.653330607535818;-2483.7143558328066
73.24215797954032;43048.095986782035;1935.5597417289116
1.9999732024804537;444.3079984689436;-192.393856988242
0.0
79.41236310853921;-15.65320808757484;-2483.6415507268553
73.24217058566117;43043.16625941841;1935.3333295542075
1.9999733470452108;444.3036404285965;-192.3897936276815
0.0
79.18144306379168;-15.648095176144475;-2483.359812930073
73.24222111423674;43038.59562227459;1935.1390156264335
1.99999912610015;444.2788108048927;-192.38017578401914
0.0
79.39645686551056;-15.652616664275271;-2483.5988969857513
73.24216414774594;43045.65047472527;1935.4957081276946
1.999945090990277;444.32225378595484;-192.3760634802251
0.0
79.39958588178865;-15.652723811662025;-2483.5972422688924
73.24216284774643;43046.66575906474;1935.5541651795706
1.9999530017825908;444.3214616833288;-192.37298412725795
0.0
63.76172964071835;-15.25715684849722;-2468.8144989280154
73.24951117858946;42848.82832842417;1925.6329810330521
1.9999318940436717;449.97745377267853;-193.047893884933
0.0
63.76191538042773;-15.257270328034211;-2468.8673138156873
73.24950515920794;42848.8741496939;1925.6368130805579
1.9999312977694972;449.97840287827535;-193.0472534141639
0.0
63.76198626572036;-15.257224079053094;-2468.8770394079797
73.24950616449087;42848.820347046574;1925.6351051197423
1.9999288542731546;449.97977801135966;-193.04703247846953
0.0
63.76219972688211;-15.25702413615652;-2468.9614399890083
73.24949842081676;42848.92862495911;1925.6437846566073
1.9999173330466997;449.9741872100034;-193.04564358253356
0.0
63.76227065318148;-15.256977887508704;-2468.971168335485
73.24949942598468;42848.87481693506;1925.6420764191732
1.9999148907374158;449.97556198098374;-193.04542265429694
0.0
63.76245637401589;-15.257091371583583;-2469.0239855360805
73.24949340650792;42848.92063890363;1925.6459086220923
1.9999142946780393;449.9765112799989;-193.0447821470542
0.0
63.763893615669495;-15.263224829701949;-2470.3130982237135
73.24939866768679;42850.48659275762;1925.758765142347
1.999812739333093;449.9977817034374;-193.0352790635891
0.0
63.76776035586297;-15.266476559227074;-2471.8522567630343
73.24916628804021;42853.08238672025;1925.9114797291197
1.999967321403693;449.9464645448915;-193.01921017637005
0.0
63.76921681188653;-15.267486152030811;-2472.2379684315715
73.24909405128378;42853.74116430385;1925.9482139082443
1.9998025030680164;449.9875149177013;-193.0150132296368
0.0
63.76927381346514;-15.26728360835928;-2472.2382065821844
73.24909594646797;42853.56892716983;1925.9399329996554
1.9998031060461807;449.9795187674641;-193.0149416226819
0.0
63.77013664729184;-15.26907513329222;-2472.7266178836235
73.24902310772283;42854.14944670374;1925.9720576684879
1.9998460539993266;449.9463315872534;-193.01164369209005
0.0
63.785994646348904;-15.297545202527209;-2472.9390801181476
73.24780570438746;42879.6712725715;1927.0410782452238
1.9997180173543225;449.9500345897874;-193.0094891834855
0.0
63.78652052875238;-15.29729305909676;-2472.9453776116543
73.24780198862129;42879.762806970895;1927.0487345393021
1.9996195206665317;449.9560923156084;-193.0082058760667
0.0
63.771062931830194;-15.268969011343334;-2473.0625261628675
73.24902812957784;42853.95286056011;1925.983663185074
1.9998740760709515;449.9438764758055;-193.00641859320913
0.0
63.78753947000208;-15.298763854815363;-2473.365260034332
73.247759670546;42880.33659050191;1927.0893189138965
1.9996028591209931;449.94843109261126;-193.0038655219723
0.0
63.78768124338624;-15.299021472857207;-2473.404735670219
73.24775790795603;42880.44485867145;1927.0969937319906
1.999591845959137;449.9541275575963;-193.0033185988688
0.0
63.77339317943214;-15.26792932054375;-2474.214914866672
73.24902413912055;42852.880662875774;1925.9899448972342
1.9996988931530286;449.94728116707495;-192.9908237110285
0.0
63.775637565656204;-15.262940396385112;-2474.4502639271536
73.24914782008318;42851.88010934175;1926.007608525139
1.9998088640247027;449.93657747442563;-192.97631612809303
0.0
63.79480394033525;-15.302624514737257;-2475.8740331885415
73.24757926982814;42881.60577880079;1927.2498417151871
1.9994773297402888;449.94013765861513;-192.97212391385352
0.0
63.79486639479676;-15.302548209468581;-2476.118652860649
73.24757689111762;42881.580571544175;1927.258978427762
1.9994322154638342;449.9341832435222;-192.9694229802448
0.0
63.79533494276301;-15.302757125624643;-2476.2586480914088
73.24756937813393;42881.52736467766;1927.2622865888618
1.9994225645388715;449.94075995721676;-192.96766658181065
0.0
63.7957300788731;-15.302838536532178;-2476.3380108833394
73.24755955703826;42881.58023946919;1927.267767422298
1.9994189313146122;449.9416668128195;-192.96645561684193
0.0
63.797367264077316;-15.303479524196181;-2476.7711334918235
73.24751949579155;42881.847161652615;1927.297551384406
1.999476549172431;449.93355361813013;-192.96050584571285
0.0
63.79784213576496;-15.303770859060329;-2476.9553932660465
73.24750469274309;42881.96129087333;1927.309627207418
1.9995076507905363;449.92704066670257;-192.9583023710627
0.0
63.79709793001306;-15.298292136722313;-2477.247793204015
73.24760851320697;42878.42249100823;1927.1635744839193
1.9994153883900352;449.9513232152136;-192.95354565945996
0.0
63.80725578222789;-15.306486772425352;-2478.7037463605297
73.2473404662463;42884.28672555823;1927.5151180920304
1.9994067246908966;449.9438072172855;-192.92726558874227
0.0
63.793599874411605;-15.271647591641699;-2482.0321696083515
73.24845249828957;42855.10206005554;1926.3875639009232
1.9996509434183996;449.92585709063565;-192.89121082988038
0.0
63.80819647325419;-15.280395177353322;-2484.1586233809894
73.24823568527148;42858.457512582434;1926.652257335706
1.999639257999003;449.9158309644253;-192.8558530082328
0.0
63.8112073693379;-15.281760965503882;-2486.2113357585213
73.24827443286915;42857.84089352589;1926.6742150492103
1.9998674310010964;449.89103966091153;-192.83603673322222
0.0
63.8112073693379;-15.281760965503882;-2486.2113357585213
73.24827443286915;42857.84089352589;1926.6742150492103
1.9998674310010964;449.89103966091153;-192.83603673322222
0.0
63.8112073693379;-15.281760965503882;-2486.2113357585213
73.24827443286915;42857.84089352589;1926.6742150492103
1.9998674310010964;449.89103966091153;-192.83603673322222
0.0
63.8112073693379;-15.281760965503882;-2486.2113357585213
73.24827443286915;42857.84089352589;1926.6742150492103
1.9998674310010964;449.89103966091153;-192.83603673322222
0.0
63.8112073693379;-15.281760965503882;-2486.2113357585213
73.24827443286915;42857.84089352589;1926.6742150492103
1.9998674310010964;449.89103966091153;-192.83603673322222
0.0
63.81748787559048;-15.285383527561176;-2487.1392388466134
73.24790705392765;42861.540136812815;1926.9155497590195
1.9997407176814064;449.9056988641665;-192.81607009063146
0.0
63.82907987187324;-15.3014361201231;-2487.7773602714024
73.24728603399095;42877.70229567289;1927.5908449612857
1.9998771898691898;449.8524510920171;-192.81155737394835
0.0
63.832080735977506;-15.3041529808323;-2488.4509488954027
73.24727539851716;42878.3863480673;1927.6464054291318
1.9997173389766127;449.87855100041975;-192.80458259551415
0.0
68.53436342023832;-15.41074521101543;-2484.069215591611
73.24576477859992;42918.194896763154;1929.255504009904
1.9997769997699515;449.10541363360477;-192.77248043532128
0.0
69.02262474391084;-15.420584382509414;-2473.659687777511
73.2435393839476;42974.74428987203;1931.5578755940219
1.9998819848299407;447.3740298059887;-192.7256149915914
0.0
69.31577827346038;-15.426193267474492;-2474.0373612832846
73.24337400110593;42975.478232793736;1931.6066520818006
1.9997794235765876;447.1809596548396;-192.7179345450428
0.0
69.45896897561649;-15.428785917788852;-2473.395076965671
73.24307565110077;42979.41687996184;1931.8202227250656
1.9999837891952283;447.1073340767825;-192.70647582825563
0.0
69.45730519775167;-15.42875178215539;-2473.3614933619065
73.24306141780991;42979.58508309413;1931.8311514231318
1.9999849057803833;447.10086909055184;-192.7056834112403
0.0
69.45730519775167;-15.42875178215539;-2473.3614933619065
73.24306141780991;42979.58508309413;1931.8311514231318
1.9999849057803833;447.10086909055184;-192.7056834112403
0.0
69.45730519775167;-15.42875178215539;-2473.3614933619065
73.24306141780991;42979.58508309413;1931.8311514231318
1.9999849057803833;447.10086909055184;-192.7056834112403
0.0
68.54536879896385;-15.390444534294293;-2490.9251398710576
73.2465210438984;42892.54505753798;1928.1825461183591
1.9995179371952863;449.61289902709694;-192.7056015918368
0.0
69.45542173726983;-15.428725426250004;-2473.3265956064474
73.24305014001135;42979.825640439194;1931.844427843046
1.9999805652057092;447.0909989382983;-192.7049245821772
0.0
74.82195706844385;-15.541477765740057;-2471.8219250691286
73.24252901751147;43012.955794466805;1933.3247162633998
1.9994905762246635;447.4862794448891;-192.65431618237506
0.0
73.7515012445953;-15.515500785670838;-2471.319206992864
73.24253734909648;43012.47762820102;1933.3385329903397
1.9994527859589486;447.54390801664914;-192.6542792300737
0.0
79.40891012928222;-15.653169560519283;-2483.7086280217486
73.24216988712703;43043.681737660714;1935.3648630507018
1.9999783800811948;444.3039252755845;-192.38757654301298
0.0
63.762797884863524;-15.256228693218846;-2470.8124299804126
73.24939878741142;42849.357139473075;1925.7190023107896
1.9998951605823385;449.9978759801471;-193.02743317624578
0.0
63.77253839776751;-15.268579224274871;-2473.163176472948
73.2490207703491;42854.268170396484;1926.0126950703623
1.999889062737697;449.99356397332804;-193.0020150867323
0.0
63.7877348102514;-15.299015902599072;-2473.5809355354613
73.24776119220107;42880.15864081591;1927.0903253845643
1.9996110265056157;449.94855955896014;-193.00171762923304
0.0
63.79685523208821;-15.303338445965695;-2476.6542385780035
73.24753363924955;42881.674679840944;1927.2845650156964
1.999421641117906;449.9458019113855;-192.96233166658837
0.0
63.781322282824995;-15.266595747202699;-2476.087969785365
73.24898529108707;42852.30236355517;1926.0787258249754
1.9999246872760454;449.9303883805927;-192.95755723164686
0.0
63.78157880744475;-15.266659152388339;-2476.2090484951154
73.24898233372454;42852.249155034464;1926.0816709917096
1.999913225503361;449.93878263883965;-192.9560596338594
0.0
63.79883463631234;-15.304417792156084;-2477.106242670688
73.24749518124379;42882.03862541212;1927.3225589524075
1.999445837360175;449.94041388774696;-192.95578621971794
0.0
63.79900529854046;-15.304219515645864;-2477.4103266211087
73.2474696825387;42882.095775498565;1927.332094664387
1.9994496466356304;449.9392034085759;-192.9528148573365
0.0
63.800702197195655;-15.304911912621654;-2477.9696269132
73.24742752060249;42882.26702212282;1927.3617577042646
1.9994472635385458;449.93890342406195;-192.94569652102808
0.0
63.802334977557386;-15.306199199563464;-2478.308092254643
73.24739827154258;42882.70775393777;1927.3996379613639
1.9994401567450912;449.9377441036398;-192.94072731402233
0.0
63.80242479684518;-15.30598289289205;-2478.6061524396873
73.24738785120775;42882.71243857761;1927.4105196408057
1.9994382742518264;449.9454894123648;-192.93748992324404
0.0
63.808555929976954;-15.28136543387451;-2484.2221259301914
73.2481316588504;42860.27158124151;1926.741477834422
1.9996814866769976;449.93055064468234;-192.8535059756313
0.0
63.80613191091471;-15.275303483992118;-2484.8513804371732
73.24828949800303;42855.99175368996;1926.5482469932501
1.999976488846642;449.9248614144326;-192.84997144472783
0.0
63.839498556947994;-15.2929420213179;-2493.1837521166367
73.24788365110467;42863.853839468444;1927.2601069428165
1.9996209246071173;449.9365737721537;-192.73422643618193
0.0
69.48682267537873;-15.42979225908952;-2474.081830799973
73.24340533703754;42975.34321850429;1931.6012996142
1.9997951172278243;447.20831002000307;-192.71667781354782
0.0
69.44527655780571;-15.428503881382966;-2473.3193830604096
73.24304906624612;42979.842501488485;1931.8464210174918
1.9999808177085554;447.0916686799235;-192.70466708933196
0.0
69.47487406755279;-15.40711233674136;-2487.2467620218713
73.24513372753617;42948.051350229376;1931.017944271421
1.9996365109499896;449.3086256503015;-192.61859854585933
0.0
69.30306842939594;-15.406974975101718;-2487.7545265467033
73.24507474171406;42942.919210897984;1931.1816959922826
1.9996172301727249;449.2767198129148;-192.4937142597188
0.0
79.4032012862074;-15.652896600175719;-2483.359213461793
73.2421297564608;43054.5622824335;1936.0370967686013
1.9999881475684993;444.3763723954447;-192.34047591326004
0.0
79.39588138075784;-15.65277804767468;-2483.3536092339928
73.24213635976108;43051.11105190781;1935.9050427551242
1.9999835827632295;444.3446727034449;-192.32894066495498
0.0
79.38456204017744;-15.652476723657042;-2483.363496997773
73.24213700160728;43050.2231556112;1935.8746620225945
1.9999831372054064;444.35323427493694;-192.32350027448712
0.0
79.38456244750031;-15.652476699447051;-2483.485703909934
73.24213696470741;43050.42644861665;1935.8871358641074
1.9999831571440825;444.352360552477;-192.32227299013098
0.0
63.788807642691005;-15.298039284823956;-2473.7266037322393
73.24776633035918;42879.44119564441;1927.0664633597403
1.9996196209690935;449.963140151615;-192.99838623209462
0.0
63.77288108788759;-15.267893741738735;-2474.152588955248
73.24903718448822;42852.80195897651;1925.984152032685
1.9997835314390082;449.95074505393944;-192.99202369795003
0.0
63.7900859484887;-15.300527706760215;-2474.788275711294
73.24768372828375;42879.979494698426;1927.1203536550345
1.9996147056601692;449.9653339162282;-192.98921861117026
0.0
63.79061160075451;-15.300275591524988;-2474.794556968951
73.24768001312167;42880.07099457064;1927.1280087533812
1.9996142929618452;449.971385734602;-192.9879352125617
0.0
63.802348530216314;-15.305968052905477;-2478.633952571932
73.24739687201792;42882.58557262347;1927.407254144033
1.9994558249461754;449.9496753731333;-192.9372103001741
0.0
63.82434301915598;-15.314736993817489;-2486.1711540662495
73.24703145194071;42885.028646733794;1927.821505435152
1.9998966799924098;449.94032712695605;-192.84463194088332
0.0
69.22248828427246;-15.419439348905032;-2477.588693859318
73.2439845158875;42965.191775229716;1931.3058667283974
1.9998177101198207;447.94215471702677;-192.70834607150329
0.0
69.35704299075775;-15.41013913237466;-2486.222877238512
73.24482469288807;42956.501488472095;1931.6242549963922
1.9998132161360667;449.0112632724165;-192.4972958802209
0.0
63.789153354341146;-15.299563358757887;-2474.0884119240295
73.24772583055518;42880.26021393429;1927.1145443885966
1.9996346160601677;449.9758633481061;-192.9954007800502
0.0
63.77428943595803;-15.269711085956997;-2474.264533991492
73.24894773349997;42854.13417832974;1926.0387924028794
1.9997104227586442;449.96759450845235;-192.99112810541342
0.0
63.78721978588728;-15.263554429280001;-2478.9378000403635
73.24849818198733;42852.96518224626;1926.1180762124986
1.9999653665866781;449.9550415419677;-192.93004960682387
0.0
63.813322832581896;-15.311712866393428;-2481.2825614379726
73.24721183120526;42883.88553743835;1927.589698449171
1.9998262744508273;449.95224156370097;-192.89984795650815
0.0
63.80158031128621;-15.279857117247804;-2482.605656243216
73.24843006560246;42855.730707078124;1926.4466348938668
1.999509849573731;449.98524739651873;-192.88240908046507
0.0
63.801403685624656;-15.272376518265268;-2483.5129179495348
73.24830509063973;42855.95286697189;1926.4978005135372
1.9998049870676402;449.96619639593627;-192.8659537630712
0.0
63.8108279952563;-15.295171233351562;-2484.4808921720987
73.24779599058881;42871.06830524302;1927.2015023140468
1.9996982876828528;449.9633441414766;-192.85774311996715
0.0
63.80559853423102;-15.274034039800396;-2484.7765542204866
73.24827879560927;42856.97941207537;1926.5909929687093
1.9996598191408306;449.96264491344283;-192.84939763078802
0.0
63.81184042079551;-15.281890996624597;-2485.155797081031
73.24806565033713;42861.27509099573;1926.8095991685302
1.9996016236844238;449.95008503037667;-192.84158457870817
0.0
63.77348451162627;-15.270259812887758;-2473.896589859165
73.2490599052559;42852.81077488257;1925.9815548557453
1.9998322787650202;449.98556845667173;-192.99522871925345
0.0
63.823322732990086;-15.271776063733661;-2490.1827156695467
73.24833134016586;42851.23794478733;1926.5119071652803
1.9998957308084937;449.9822302090948;-192.77958529516522
0.0
63.756598555383995;-15.259305884613381;-2467.447174864269
73.24933480089233;42856.42395946227;1925.896179404473
1.9998869978052602;449.93003560969424;-193.06794191649544
0.0
73.25577762506867;-15.488261896914757;-2472.2193342138758
73.24282008262439;43000.49667374755;1932.8021530466451
1.9983503637858038;447.57384297289565;-192.67106537170181
0.0
63.75055559393338;-15.245861660388314;-2461.7344502342653
73.24992428461486;42850.707478331795;1925.5086560066902
1.9999572575280913;449.9505476162289;-193.1137075853139
0.0
79.53645651276956;-15.654565556199763;-2483.683486703062
73.24217518160765;43044.777450292255;1935.4502869515134
1.9999609940708998;444.34543565855984;-192.37628923638115
0.0
63.83730551330307;-15.30293527678641;-2489.738282872093
73.24729737216866;42877.753353087435;1927.6753883735776
1.9996318546952723;449.8708979448231;-192.78493116401566
0.0
76.42527032724495;-15.567188967386485;-2472.3908494803723
73.24238351961293;43021.02005814209;1933.7677106570382
1.9990130937909247;446.0353549996321;-192.62265741696382
0.0
69.36566733219996;-15.427531339783807;-2473.6796909949044
73.24339272826282;42976.36061620813;1931.6332374462759
1.9997349248167733;447.153082944106;-192.7204459770538
0.0
69.89261077397082;-15.418742792414651;-2488.6978524480373
73.2459863899133;42901.954546197434;1928.4486169853637
1.9987640329954957;449.29762183605186;-192.76182814689815
0.0
79.1480305538387;-15.645492877917343;-2483.2552443402105
73.24227351646346;43041.296718413454;1935.2784262673856
1.9999664778680277;444.27716350262943;-192.37788914555873
0.0
73.3009496683446;-15.500569830435404;-2472.51341954442
73.24287006551879;43000.218110811846;1932.7500405044952
1.9982872414743635;447.6004647274068;-192.67363831770874
0.0
63.79656637949717;-15.303240436183703;-2476.677670540814
73.24753472106087;42881.75153680245;1927.2886128787834
1.999430634604339;449.93376732096567;-192.96230946610848
0.0
70.73984152688352;-15.463148813356652;-2483.076611749303
73.24535529337065;42920.83489480074;1928.9252860448994
1.9997581163885254;448.9154664625174;-192.85630379842277
0.0
63.80608140490002;-15.283520615326568;-2483.0121410906277
73.24818102435526;42861.89770223346;1926.7577823325453
1.999472686752928;449.8799444803569;-192.87052381556086
0.0
63.80021453066832;-15.301599037653945;-2479.424298686383
73.24763507333624;42879.920122356176;1927.347142807669
1.9999583839454107;449.7505414893154;-192.927263555928
0.0
63.75934480013813;-15.25457753861334;-2469.152016368777
73.24955963375255;42849.757686278754;1925.7031170746634
1.9997895681213573;449.98716124825785;-193.04300851694808
0.0
63.78523242864511;-15.269339733331574;-2478.1122662023568
73.24902956976125;42853.05260939113;1926.1956142845631
1.999850628625316;449.89224820277883;-192.93402614792524
0.0
63.76058552879261;-15.25649707041018;-2470.1644665904187
73.24941409854323;42850.090281024655;1925.7221749354621
1.999787707631544;449.99736790840126;-193.03671063143952
0.0
63.790437210971824;-15.30072037157353;-2474.71321133719
73.24768891509044;42880.99722487964;1927.1771254526702
1.9994347658761906;449.9355578588447;-192.98754948255365
0.0
63.782099401609834;-15.296252582127956;-2471.7465507874394
73.24794625981907;42879.71451955418;1927.0154616594807
1.9995596839515373;449.9557550238295;-193.02269648836128
0.0
63.77417384523729;-15.269951863288599;-2474.157831127932
73.24894869489894;42854.30022357704;1926.042542441008
1.9997981061058094;449.90319887687355;-192.99239631669357
0.0
69.94225747534048;-15.423461658789844;-2488.9428200978537
73.24591864364562;42903.44137698295;1928.5168788072883
1.9988092573472955;449.24898579301004;-192.76147390813767
0.0
79.41763832417458;-15.653325134958582;-2483.5891347615493
73.24217676199179;43043.27964272278;1935.346559844217
1.999970692884984;444.30066254786396;-192.38709441285675
0.0
63.7869610665549;-15.29847661934803;-2472.929581485299
73.24776531881314;42880.60678511143;1927.0837955332647
1.9996949974164122;449.93811211406364;-193.00860045404428
0.0
63.78222780029163;-15.293790581655987;-2472.057780466729
73.24806942988297;42877.50311938624;1926.9515639195522
1.9996210105344538;449.9416212598847;-193.01611302306617
0.0
69.94225747534048;-15.423461658789844;-2488.9428200978537
73.24591864364562;42903.44137698295;1928.5168788072883
1.9988092573472955;449.24898579301004;-192.76147390813767
0.0
63.76832798028108;-15.266552314842295;-2471.9332608316718
73.24915125100217;42853.18129713279;1925.9188334690473
1.999866530362676;449.94533418079993;-193.01779009515892
0.0
63.76832798028108;-15.266552314842295;-2471.9332608316718
73.24915125100217;42853.18129713279;1925.9188334690473
1.999866530362676;449.94533418079993;-193.01779009515892
0.0
63.78563364616661;-15.297957044667095;-2472.4031584409063
73.24778744399484;42880.67383899441;1927.064215109061
1.9995863212777811;449.95000804474125;-193.0151710241603
0.0
69.94225747534048;-15.423461658789844;-2488.9428200978537
73.24591864364562;42903.44137698295;1928.5168788072883
1.9988092573472955;449.24898579301004;-192.76147390813767
0.0
69.94225747534048;-15.423461658789844;-2488.9428200978537
73.24591864364562;42903.44137698295;1928.5168788072883
1.9988092573472955;449.24898579301004;-192.76147390813767
0.0
69.94225747534048;-15.423461658789844;-2488.9428200978537
73.24591864364562;42903.44137698295;1928.5168788072883
1.9988092573472955;449.24898579301004;-192.76147390813767
0.0
69.94225747534048;-15.423461658789844;-2488.9428200978537
73.24591864364562;42903.44137698295;1928.5168788072883
1.9988092573472955;449.24898579301004;-192.76147390813767
0.0
69.94225747534048;-15.423461658789844;-2488.9428200978537
73.24591864364562;42903.44137698295;1928.5168788072883
1.9988092573472955;449.24898579301004;-192.76147390813767
0.0
69.94225747534048;-15.423461658789844;-2488.9428200978537
73.24591864364562;42903.44137698295;1928.5168788072883
1.9988092573472955;449.24898579301004;-192.76147390813767
0.0
69.94225747534048;-15.423461658789844;-2488.9428200978537
73.24591864364562;42903.44137698295;1928.5168788072883
1.9988092573472955;449.24898579301004;-192.76147390813767
0.0
69.94225747534048;-15.423461658789844;-2488.9428200978537
73.24591864364562;42903.44137698295;1928.5168788072883
1.9988092573472955;449.24898579301004;-192.76147390813767
0.0
69.94225747534048;-15.423461658789844;-2488.9428200978537
73.24591864364562;42903.44137698295;1928.5168788072883
1.9988092573472955;449.24898579301004;-192.76147390813767
0.0
69.94225747534048;-15.423461658789844;-2488.9428200978537
73.24591864364562;42903.44137698295;1928.5168788072883
1.9988092573472955;449.24898579301004;-192.76147390813767
0.0
69.94225747534048;-15.423461658789844;-2488.9428200978537
73.24591864364562;42903.44137698295;1928.5168788072883
1.9988092573472955;449.24898579301004;-192.76147390813767
0.0
69.94225747534048;-15.423461658789844;-2488.9428200978537
73.24591864364562;42903.44137698295;1928.5168788072883
1.9988092573472955;449.24898579301004;-192.76147390813767
0.0
69.94225747534048;-15.423461658789844;-2488.9428200978537
73.24591864364562;42903.44137698295;1928.5168788072883
1.9988092573472955;449.24898579301004;-192.76147390813767
0.0
69.94225747534048;-15.423461658789844;-2488.9428200978537
73.24591864364562;42903.44137698295;1928.5168788072883
1.9988092573472955;449.24898579301004;-192.76147390813767
0.0
69.94225747534048;-15.423461658789844;-2488.9428200978537
73.24591864364562;42903.44137698295;1928.5168788072883
1.9988092573472955;449.24898579301004;-192.76147390813767
0.0
69.94225747534048;-15.423461658789844;-2488.9428200978537
73.24591864364562;42903.44137698295;1928.5168788072883
1.9988092573472955;449.24898579301004;-192.76147390813767
0.0
69.94225747534048;-15.423461658789844;-2488.9428200978537
73.24591864364562;42903.44137698295;1928.5168788072883
1.9988092573472955;449.24898579301004;-192.76147390813767
0.0
69.94225747534048;-15.423461658789844;-2488.9428200978537
73.24591864364562;42903.44137698295;1928.5168788072883
1.9988092573472955;449.24898579301004;-192.76147390813767
0.0
69.94225747534048;-15.423461658789844;-2488.9428200978537
73.24591864364562;42903.44137698295;1928.5168788072883
1.9988092573472955;449.24898579301004;-192.76147390813767
0.0
69.94225747534048;-15.423461658789844;-2488.9428200978537
73.24591864364562;42903.44137698295;1928.5168788072883
1.9988092573472955;449.24898579301004;-192.76147390813767
0.0
69.94225747534048;-15.423461658789844;-2488.9428200978537
73.24591864364562;42903.44137698295;1928.5168788072883
1.9988092573472955;449.24898579301004;-192.76147390813767
0.0
69.94225747534048;-15.423461658789844;-2488.9428200978537
73.24591864364562;42903.44137698295;1928.5168788072883
1.9988092573472955;449.24898579301004;-192.76147390813767
0.0
63.76832798028108;-15.266552314842295;-2471.9332608316718
73.24915125100217;42853.18129713279;1925.9188334690473
1.999866530362676;449.94533418079993;-193.01779009515892
0.0
69.94225747534048;-15.423461658789844;-2488.9428200978537
73.24591864364562;42903.44137698295;1928.5168788072883
1.9988092573472955;449.24898579301004;-192.76147390813767
0.0
69.94225747534048;-15.423461658789844;-2488.9428200978537
73.24591864364562;42903.44137698295;1928.5168788072883
1.9988092573472955;449.24898579301004;-192.76147390813767
