200
4
0.0
63.73087307883575;-15.240410427052472;-2415.8724913977926
73.28836284465513;42828.57261784065;1926.2336521915481
1.998537989871937;449.8618743484002;-193.11019507167313
0.0
63.78895578787996;-15.280236690349515;-2441.3854456708777
73.28607367296958;42841.69164402082;1927.6847114144255
1.9984384441319123;449.7425382248521;-192.85163551437034
0.0
63.88148091648808;-15.298148918992847;-2443.409831013952
73.28013759069192;42845.86089239981;1927.9592829358712
1.9984450076322076;449.7214053908546;-192.85038996786676
0.0
63.77615103770807;-15.273437507158174;-2441.0857705760773
73.28763635117203;42840.36430387752;1927.6267944504339
1.998210325318711;449.8688249138608;-192.84261390246073
0.0
63.90220718193706;-15.296989182997507;-2443.979542566003
73.28044490530631;42843.76702869495;1927.9048133115048
1.9980318732543323;449.7884412708785;-192.83508569195163
0.0
63.744535069206506;-15.225543886494561;-2440.0535208172955
73.29115033949934;42818.61919456285;1926.6166936681727
1.9997494816737513;449.6630700429451;-192.8191287990595
0.0
63.744535069206506;-15.225543886494561;-2440.0535208172955
73.29115033949934;42818.61919456285;1926.6166936681727
1.9997494816737513;449.6630700429451;-192.8191287990595
0.0
63.744535069206506;-15.225543886494561;-2440.0535208172955
73.29115033949934;42818.61919456285;1926.6166936681727
1.9997494816737513;449.6630700429451;-192.8191287990595
0.0
63.75075388979896;-15.23014546590283;-2440.511802211027
73.2905341310508;42820.35240543995;1926.7088153376862
1.9996961395987944;449.67189050782144;-192.8181779499106
0.0
63.725056243952196;-15.217682889341347;-2439.174409881854
73.29319193792766;42816.55369565281;1926.511423044719
1.9996211413494882;449.7052683432534;-192.81689518693787
0.0
63.86349911169849;-15.278527665103221;-2443.6650954900665
73.28122503772714;42841.28313425862;1927.75559098891
1.9983522487236478;449.78714811924607;-192.81191975595698
0.0
63.76954037373171;-15.229311172742612;-2442.7803301791328
73.29029149282354;42824.090644994976;1927.065600971488
1.9996077730549893;449.64962394072444;-192.76066024141483
0.0
63.77151699030241;-15.229351476844691;-2442.907603226027
73.29014517542886;42824.18105605404;1927.0769994978727
1.9995831042166836;449.6564919227673;-192.75866250138023
0.0
64.04457082652111;-15.269371770206915;-2480.4118734619638
73.2672519749704;42828.92849888164;1928.4309555995867
1.9972965342052718;449.7691089146899;-192.42092170917837
0.0
64.04564313912864;-15.271125856583046;-2480.61480133611
73.26716948000241;42828.95845044815;1928.4382132668522
1.997255562530911;449.76197544023574;-192.41916175588958
0.0
64.04582462350032;-15.272973390273833;-2480.6834995520358
73.26716351158606;42829.01339472051;1928.4430632353221
1.9972678833758064;449.7528205019953;-192.4184094096426
0.0
64.04740345977243;-15.272318341043668;-2481.2901207673062
73.26717518040542;42828.50522645772;1928.4424880352078
1.997339626482403;449.69561272056677;-192.40982948388728
0.0
64.04740345977243;-15.272318341043668;-2481.2901207673062
73.26717518040542;42828.50522645772;1928.4424880352078
1.997339626482403;449.69561272056677;-192.40982948388728
0.0
64.04740345977243;-15.272318341043668;-2481.2901207673062
73.26717518040542;42828.50522645772;1928.4424880352078
1.997339626482403;449.69561272056677;-192.40982948388728
0.0
64.04740345977243;-15.272318341043668;-2481.2901207673062
73.26717518040542;42828.50522645772;1928.4424880352078
1.997339626482403;449.69561272056677;-192.40982948388728
0.0
64.04740345977243;-15.272318341043668;-2481.2901207673062
73.26717518040542;42828.50522645772;1928.4424880352078
1.997339626482403;449.69561272056677;-192.40982948388728
0.0
64.00631770503453;-15.2482912147445;-2482.7688066076435
73.27228897376862;42817.331442237664;1928.0298277710494
1.9961055653606403;449.8066419596908;-192.35463177892777
0.0
64.15195093700585;-15.301490719072236;-2500.567471417534
73.26029649184575;42827.01943321335;1929.1241040117363
1.999512047286914;449.4889639090583;-192.2007145967834
0.0
64.23291927853393;-15.30546276678495;-2503.452713533254
73.25515636742573;42829.90812753791;1929.3514722072894
1.9999273110728522;449.389106140899;-192.18365552250847
0.0
64.01332561214066;-15.22282986372113;-2511.810784465615
73.27829304312337;42788.90259361819;1928.0256698838962
1.999323549725612;449.4561203862918;-191.95193333945087
0.0
64.3067664136187;-15.303844451856984;-2522.960174320153
73.2536415560437;42830.726613334955;1930.1764695113714
1.9998296633663977;449.2569609052981;-191.88770149965453
0.0
64.04300183474123;-15.222037160966362;-2513.8601429010005
73.27658876081377;42797.99364582686;1928.6879220802016
1.9993037294476077;449.4694834373538;-191.86921491126813
0.0
64.04300183474123;-15.222037160966362;-2513.8601429010005
73.27658876081377;42797.99364582686;1928.6879220802016
1.9993037294476077;449.4694834373538;-191.86921491126813
0.0
64.04300183474123;-15.222037160966362;-2513.8601429010005
73.27658876081377;42797.99364582686;1928.6879220802016
1.9993037294476077;449.4694834373538;-191.86921491126813
0.0
64.0479373731615;-15.222868713539583;-2514.271964166317
73.2761462190131;42798.03194981339;1928.7092133701199
1.9993580379684388;449.4497479401195;-191.86570023264267
0.0
64.0387330903657;-15.210446249260691;-2516.5085608253803
73.28136900005786;42784.62366468675;1928.063982506552
1.9990100189928586;449.39083407546127;-191.8591428146814
0.0
64.08787671369167;-15.234597319132561;-2518.75294632046
73.27234891946051;42798.038012547484;1928.8569611262933
1.999577484527435;449.3822544373929;-191.83688688198274
0.0
64.38158174546554;-15.292567211749112;-2529.3955753811942
73.25226862643511;42854.14323204296;1931.7115422535849
1.9995923361412622;448.5354612537837;-191.65054508113488
0.0
64.36915997094563;-15.290399530433985;-2534.618809177771
73.25243905855352;42845.65401383012;1931.3354271806913
1.9995183514556483;448.6406890653915;-191.63584594057218
0.0
64.36915997094563;-15.290399530433985;-2534.618809177771
73.25243905855352;42845.65401383012;1931.3354271806913
1.9995183514556483;448.6406890653915;-191.63584594057218
0.0
64.36915997094563;-15.290399530433985;-2534.618809177771
73.25243905855352;42845.65401383012;1931.3354271806913
1.9995183514556483;448.6406890653915;-191.63584594057218
0.0
64.37378778168784;-15.29055506424989;-2534.150148512933
73.25243675555157;42848.61560004484;1931.5076695330672
1.9994745582718778;448.6352682659695;-191.62649145133034
0.0
64.39569795774004;-15.298831854372992;-2532.9436720283443
73.25213210195218;42859.46502530013;1932.0687748686234
1.9997673595282326;448.5352615758986;-191.59602825207546
0.0
64.40997176265874;-15.299798276694018;-2534.1523293503365
73.25193054891712;42864.30518741753;1932.3806304221773
1.9998474196026794;448.2897954621172;-191.56212314161473
0.0
64.41865721762692;-15.29558570898437;-2538.776607914817
73.25203762964742;42861.9744455871;1932.4604983062463
1.999711144658163;448.48022191479583;-191.51494123160518
0.0
63.86687672916138;-15.279687241295408;-2443.121267115298
73.28094244508671;42842.54212990493;1927.7866956012922
1.998622758547165;449.78524532561016;-192.81729460699722
0.0
64.1716392728694;-15.28519729905568;-2515.9879908157072
73.2619385756446;42813.631502366916;1928.9731782707988
1.9991171653637767;449.7312243906823;-192.00016560197537
0.0
64.22416478776351;-15.29929503318446;-2517.2860386377633
73.2565003477535;42815.37944586923;1929.1996010442072
1.9995667928426628;449.57601037197327;-191.9986957381247
0.0
64.23279044755007;-15.290285656848058;-2522.1639403463105
73.25705850898711;42810.91315911012;1929.1833894157935
1.9994448585046376;449.6796297428925;-191.92190203750454
0.0
64.3099148152189;-15.30674777294389;-2523.928858581128
73.2536446136233;42828.851272636944;1930.1485563090573
1.9998748899152134;449.32949598856897;-191.87978875798487
0.0
64.31199324703738;-15.306973856831263;-2524.042276643814
73.25371937531304;42827.73373408764;1930.1083728689052
1.9999392751323886;449.32046653566306;-191.87331615016234
0.0
64.082907075657;-15.233765628726903;-2518.340807551797
73.2727908178337;42797.99741071446;1928.8355710674489
1.9995230563266733;449.40223459223773;-191.8404029608778
0.0
64.05920159455282;-15.22294941457676;-2520.447788643093
73.27615161031032;42796.08340514845;1928.8741619083846
1.9993736765421428;449.4392662379458;-191.78492644862
0.0
64.04326264415143;-15.219819649442991;-2526.158527530315
73.28022896610898;42788.31235342895;1928.7270079400835
1.9992971712310397;449.66176365679496;-191.71191205241988
0.0
64.06179612617638;-15.220718188710382;-2528.4079115071236
73.27757621316698;42787.34149642209;1928.7934303264744
1.9990935589539585;449.5684457355621;-191.67672420693992
0.0
64.38649093728137;-15.292614286976288;-2531.1361157377523
73.25213383680352;42855.168827052774;1931.8263420999504
1.9996202740833269;448.5437390950242;-191.62830145239735
0.0
64.41295268474487;-15.297178506491006;-2537.0324671503154
73.25203763743006;42860.35442476503;1932.3216637623843
1.9999670237152538;448.4998784949452;-191.53734487309939
0.0
64.4125653520519;-15.297350482480406;-2537.011419641046
73.2520377668289;42860.21228001024;1932.316141812565
1.9999640150342979;448.49944115102033;-191.5367425222116
0.0
64.4125653520519;-15.297350482480406;-2537.011419641046
73.2520377668289;42860.21228001024;1932.316141812565
1.9999640150342979;448.49944115102033;-191.5367425222116
0.0
64.4125653520519;-15.297350482480406;-2537.011419641046
73.2520377668289;42860.21228001024;1932.316141812565
1.9999640150342979;448.49944115102033;-191.5367425222116
0.0
64.42507623070601;-15.297856779068116;-2540.1266467787154
73.25196832656813;42863.88101928092;1932.5514114144637
1.999992995810967;448.44601545531054;-191.49713263665436
0.0
63.765193782905946;-15.187438107084109;-2443.558250114599
73.29269939062544;42810.06177007647;1926.5803130088316
1.9995028512736628;449.9710950023238;-192.68829171779876
0.0
63.76611878531888;-15.19544845101951;-2444.5312655533676
73.29243253103974;42812.37951573675;1926.6961043978285
1.9994937126407537;449.99250988512557;-192.6873903102664
0.0
64.17477648285401;-15.28483769250882;-2516.25683102818
73.26128049338297;42813.316423246;1928.996692514096
1.9988513707422357;449.8056896748484;-191.99071674178032
0.0
64.24366939167386;-15.29776619775311;-2517.6265973259106
73.25517353116692;42816.070079052355;1929.2539824893017
1.999771998534054;449.67019875744586;-191.9864350101133
0.0
64.27727216975046;-15.303565527988777;-2521.2719473973707
73.25465095975329;42823.65781286617;1929.8214857217924
1.9999051573963074;449.6637064602177;-191.9252840338474
0.0
64.19325776909912;-15.25961882370373;-2528.680964884489
73.2645917983288;42802.01759200424;1929.4412632163317
1.9995292816166574;449.78640091955447;-191.72622486938457
0.0
64.39697909278888;-15.298689879668814;-2532.994734113053
73.25213910446901;42855.97738795423;1931.8123164507417
1.999823173216208;448.5489812252546;-191.61820847417255
0.0
64.39724387678766;-15.298435908586955;-2533.537727531515
73.25212889542769;42859.20948226056;1932.0829585202953
1.9997617997098127;448.5480868206858;-191.58833629591751
0.0
64.38580059882791;-15.281340238265845;-2536.620665674903
73.2528312667765;42839.77968578362;1931.5570774138923
1.999676277319114;449.03673856564444;-191.51419903739261
0.0
64.24310916113505;-15.297698623113325;-2517.677694680664
73.25521875457498;42815.74618456286;1929.2383682559423
1.999772521257841;449.6709298702388;-191.98631168161177
0.0
64.2153496614345;-15.270873405033178;-2535.360841605243
73.26342231716885;42805.234246429325;1929.843361786359
1.9995046722640133;449.8673644476703;-191.6519447193549
0.0
64.192357052837;-15.224156121791156;-2535.364897878129
73.26663593159813;42782.16664903428;1928.879532976616
1.9989208073669071;449.9847658025221;-191.59932670584732
0.0
64.39996832183034;-15.29426911028271;-2537.092466569432
73.25209866485571;42856.75854155488;1932.1108917514493
1.999816620316759;448.7051285119392;-191.55787651515723
0.0
64.41135958464989;-15.296336408753563;-2537.3069137884145
73.25207749694158;42858.787099651825;1932.2465950648416
1.9999810290700004;448.68216735247677;-191.53679738301312
0.0
64.40320710326897;-15.279936624794969;-2542.454256500295
73.25284122938045;42833.69757551557;1931.31720169736
1.9997304104854825;449.08868518005;-191.50465583181239
0.0
64.32014971454416;-15.234499619120577;-2542.149707352589
73.25869856635522;42800.006201836324;1929.929156634851
1.9996822222179806;449.69946146936;-191.4750226124394
0.0
63.941524524178504;-15.211260951019948;-2513.8966617831493
73.28302690366785;42782.79367048673;1927.7235175659127
1.9998570025334401;449.7948500723608;-191.93727498830748
0.0
64.37862736109167;-15.27693808487204;-2540.606778559948
73.25300031211002;42825.761295830824;1930.9103893596723
1.9999097239085755;449.23425150587786;-191.543516377827
0.0
64.40160393084226;-15.281060122602469;-2542.038641113912
73.25291199079699;42833.03024557855;1931.2174838994047
1.999961225572554;449.08818865017383;-191.52289142441097
0.0
64.40091856590405;-15.274815019674868;-2543.389621735714
73.25295725215487;42827.28333706885;1931.0569425442902
1.99992966018125;449.1389365476954;-191.49755393312532
0.0
64.33644843270959;-15.2509325466973;-2542.127146510194
73.2566853543448;42805.89332092951;1930.2211978862513
1.9997745149809363;449.5061248066794;-191.4872437038355
0.0
64.41432130234891;-15.272689505395128;-2545.5625061645305
73.2529327907879;42825.27893618731;1931.0700788696272
1.9999437691159567;449.1278510775803;-191.4634257803527
0.0
65.12858221278489;-15.305934469462395;-2539.8778766632795
73.25240577009266;42847.20737590275;1931.8846252589528
1.9999627179192858;449.8130433614308;-191.51857238434468
0.0
63.72354336708768;-15.284073609696685;-2415.1258056750016
73.28858944187107;42846.79817042371;1927.0307081260228
1.9986429106421477;449.8733940236879;-193.14144128378967
0.0
63.87071176500162;-15.315622694552218;-2442.3842330654597
73.27979735444944;42850.796604495285;1928.0691353458956
1.9980193036688494;449.91896264035347;-192.8955133192236
0.0
63.842852384150675;-15.290352644713693;-2442.439059920995
73.28097189307196;42844.04909844343;1927.8363820141226
1.9984548445225563;449.75909484900336;-192.85232534184996
0.0
63.87808454893663;-15.296993667580102;-2443.9517919205537
73.28077518590179;42844.613785795445;1927.9285340430706
1.99817424175541;449.7231131003867;-192.84508593968715
0.0
63.746765753316424;-15.230762163785517;-2439.90489814265
73.29082932158529;42821.42411389149;1926.7375913727437
1.9997296499567392;449.667057342116;-192.82485534903535
0.0
63.99710878717088;-15.2885193488811;-2461.7346451385647
73.27486595786564;42838.36694012253;1928.4579949862937
1.9992184219778049;449.5691482432576;-192.56104413105754
0.0
64.04061584024937;-15.27551096509963;-2479.714077299537
73.26739676092646;42830.55058891439;1928.4724804391135
1.9967707483632307;449.86129218258566;-192.43295231243383
0.0
63.96300568582923;-15.243153949516492;-2477.5146998144737
73.27600151746974;42822.71978844034;1928.1422576285177
1.9984228908266688;449.5094658176206;-192.39714101167195
0.0
63.97945423747673;-15.249100885185571;-2479.9634780274832
73.28056773903776;42820.99618761049;1928.0727205516835
1.9973273087674976;449.58621588936256;-192.3846599992803
0.0
64.15770901052908;-15.301583214300635;-2500.819227174484
73.26010068561138;42828.57247867112;1929.18989490176
1.9995042673300873;449.50422892686186;-192.19318499122608
0.0
64.24274400676038;-15.291003063798051;-2518.2927962145855
73.25627279282507;42816.39395002968;1929.3063530244817
1.999979051017351;449.38726457138654;-191.95385824027517
0.0
64.02744135538481;-15.235940313016119;-2508.9673887833965
73.27663225157205;42803.62493109541;1928.7492363615702
1.9990556319210002;449.45939203158633;-191.9497746093585
0.0
64.31451415620697;-15.30704594735357;-2524.0626378607026
73.25383867050743;42833.31739210087;1930.357707744689
1.999721337692052;449.3404892634294;-191.87453938948536
0.0
64.3165952229758;-15.307271834529423;-2524.175742988989
73.25391349151764;42832.201065642534;1930.3175565269155
1.9997261999855385;449.331459644518;-191.86807693327594
0.0
64.38418086507154;-15.293006520811742;-2530.8014609868305
73.25214810721177;42858.204561077975;1931.9462142667805
1.999644959278792;448.54895344876326;-191.637971819045
0.0
64.39337245727839;-15.297338760723136;-2532.1574530850967
73.2521447729626;42858.710157567795;1931.9873680310982
1.999670290040316;448.51483917092304;-191.60808992181236
0.0
64.39281856304821;-15.292810827023477;-2535.6112439206017
73.25230413714395;42855.37728732237;1931.9532840570525
1.9994846330759581;448.5977256471177;-191.57610888253546
0.0
64.40817533056288;-15.300262112984294;-2533.9433624070684
73.25199978097173;42865.26005674062;1932.40707083745
1.9998476910247216;448.3739437628312;-191.56743338610187
0.0
64.41519446562631;-15.299944541288337;-2534.1506105138637
73.25198880361191;42866.660037323665;1932.5234946172054
1.9998782883509147;448.3248859462515;-191.55030312514916
0.0
64.41359582696323;-15.295546583499323;-2537.4826738278207
73.2520433696835;42861.54237417524;1932.3878455931747
1.9997359285007956;448.4993212899215;-191.53056352531019
0.0
64.5746212125436;-15.298245244226397;-2538.545855428227
73.25196228031488;42871.48271268819;1933.0398757056223
1.999619275508385;448.44467192696743;-191.48721626757373
0.0
64.35644265800494;-15.261590851507014;-2543.0111953662367
73.25489974615826;42823.93411734293;1931.183915494473
1.9993238470483323;449.3721003004748;-191.47858002902595
0.0
63.74933067128222;-15.264295461443856;-2439.750575347042
73.28955035175879;42832.26107547977;1927.1116216791095
1.9991401315355815;449.89517223348395;-192.86940817037163
0.0
63.89910098732076;-15.304815461033353;-2443.951908394449
73.280046101152;42847.43099816221;1928.060544537818
1.9982115866177197;449.76401040277113;-192.8423757989643
0.0
64.060841103594;-15.292561042796132;-2481.4895761646276
73.26685926178133;42838.45388613053;1928.8978632786211
1.9972587591592976;449.91391120363414;-192.417677735371
0.0
64.22749792169583;-15.299676435911834;-2516.6473884652673
73.25634580862437;42817.109402658;1929.239753901091
1.9995540944991614;449.5669698822026;-192.00408760906495
0.0
64.22713034443152;-15.299652137743479;-2516.8067427727337
73.25637013591609;42817.076915351194;1929.2460233332936
1.9995615252782988;449.5631085573757;-192.002729995269
0.0
64.22713034443152;-15.299652137743479;-2516.8067427727337
73.25637013591609;42817.076915351194;1929.2460233332936
1.9995615252782988;449.5631085573757;-192.002729995269
0.0
64.22713034443152;-15.299652137743479;-2516.8067427727337
73.25637013591609;42817.076915351194;1929.2460233332936
1.9995615252782988;449.5631085573757;-192.002729995269
0.0
64.1896645475705;-15.299557177831263;-2516.106542036959
73.25990903657474;42817.43689712522;1929.2331141555355
1.9995526575590914;449.55635449127675;-192.00237305587967
0.0
64.2281806826917;-15.300153970652676;-2517.27212042906
73.25629180583556;42817.89591699137;1929.3052563471765
1.999545382978323;449.5371590533352;-191.99815855525952
0.0
63.937654897006986;-15.203709424488768;-2509.987477412354
73.2844795973854;42785.89702390866;1927.8563854518518
1.9990845694953823;449.54911306389675;-191.93604522580807
0.0
64.32629886134048;-15.307843116007572;-2527.628391661248
73.2537380268399;42833.4819486209;1930.5113551358709
1.999801858030284;449.3841685814044;-191.82482192434264
0.0
63.99838004380726;-15.208420863191229;-2518.9199624515027
73.28138890542206;42785.02359771266;1928.4019543916895
1.9990043374422608;449.534914457809;-191.7896669806837
0.0
64.3877307543658;-15.29697874869578;-2531.6926278042138
73.25223276093556;42856.68487729452;1931.8512777694941
1.9997166314091899;448.6245297717759;-191.6233886380728
0.0
64.37223235066298;-15.290141513344228;-2535.311655019404
73.25244613657749;42846.648416354605;1931.4317087549339
1.9996897366681343;448.65073130039434;-191.6217860704695
0.0
64.3945639125054;-15.298903639631993;-2532.6615096209935
73.25216803421876;42858.23157696041;1931.8750414663466
1.9998137030514405;448.56545244761276;-191.62022433187568
0.0
64.38961145202622;-15.296902339409494;-2531.7775757068616
73.25221690403312;42857.35961914116;1931.8992381572389
1.9996704300771635;448.65813602684915;-191.61823541388418
0.0
64.39829936543589;-15.29935028000563;-2533.925316878161
73.25211736640465;42859.76189855084;1932.1230250080039
1.9997563877081046;448.5393526113525;-191.58349667248044
0.0
64.41398847580268;-15.299709403258593;-2536.577506912
73.2520246641862;42864.804391317826;1932.466323269301
1.9999371596989228;448.47078108291646;-191.54329151486928
0.0
63.76354748052493;-15.262481028253843;-2442.429863436684
73.28876795737817;42831.908406203955;1927.2469971744256
1.9990330059774803;449.78333544508064;-192.83119950658943
0.0
63.92458668593781;-15.32437932010499;-2446.5786975041397
73.27353429507237;42849.93391391845;1928.3420088343191
1.999026065673237;449.9090215141691;-192.82346379670835
0.0
63.91680428330264;-15.318657255483862;-2447.6945966064286
73.27443423052861;42849.064209812605;1928.3373723942345
1.999008377889991;449.8897464732206;-192.8071579780791
0.0
63.74692312545427;-15.22489369756488;-2442.250081357339
73.29213896446619;42820.39437300111;1926.8171432092565
1.998380948067357;449.8993121671728;-192.77707343253857
0.0
63.74692312545427;-15.22489369756488;-2442.250081357339
73.29213896446619;42820.39437300111;1926.8171432092565
1.998380948067357;449.8993121671728;-192.77707343253857
0.0
63.74692312545427;-15.22489369756488;-2442.250081357339
73.29213896446619;42820.39437300111;1926.8171432092565
1.998380948067357;449.8993121671728;-192.77707343253857
0.0
64.17783600860788;-15.287261498824835;-2513.044685807619
73.26267574365285;42817.525574149215;1929.0608767061747
1.999563257571398;449.7810353965414;-192.03004099517946
0.0
64.22385308697898;-15.299626069721546;-2517.182056439603
73.25648460417518;42816.57636073407;1929.247856998674
1.999575126830294;449.5654192726252;-192.0020362794939
0.0
64.04399863077745;-15.222676904054673;-2527.757887772751
73.27885879461225;42787.79641940451;1928.8015081837575
1.9991300471488844;449.63820851187694;-191.68865601300925
0.0
64.0678602866636;-15.231062992399465;-2528.3817480332154
73.2768392175493;42792.56100181643;1929.011967747779
1.9990175497322178;449.66166932665686;-191.6873887390155
0.0
64.16404166700632;-15.23647325995972;-2534.3589178236775
73.26897098452945;42788.78476237097;1929.1198704069077
1.9984752945236344;449.8542176888421;-191.61882611241987
0.0
64.18212941395505;-15.23975277465687;-2534.803099733454
73.26732138567952;42789.6441941841;1929.1797665821764
1.9986398142373358;449.8173582488853;-191.61770989919978
0.0
64.11566595303206;-15.22566720757741;-2533.9177208612455
73.27403851306624;42787.03022406658;1929.0162359430606
1.999501505353543;449.57771578134856;-191.60099591220217
0.0
64.13360875657371;-15.228951642563999;-2534.360778945285
73.2723853924388;42787.898697296325;1929.0765872528618
1.9996575655496076;449.5360895112359;-191.59988919835683
0.0
64.38679127268698;-15.2966614417333;-2534.674333533869
73.25241775363891;42853.894252700244;1931.9302898956464
1.999670618421943;448.6979173996404;-191.5875195974529
0.0
63.94067593174086;-15.327192911507922;-2448.442271795524
73.27260700803315;42850.94277806552;1928.4668728626784
1.999455179375907;449.7875476042935;-192.7973211525549
0.0
64.24448362912263;-15.300235603976477;-2517.5677734689807
73.25530956028243;42818.239093297394;1929.3683527976548
1.9996821810590437;449.63672705573475;-191.9833615656973
0.0
64.2448026051807;-15.299553732888805;-2518.2644315762473
73.25520036240536;42819.64220439632;1929.4468428762484
1.999748990199004;449.63065139907735;-191.98047238736143
0.0
64.20938737765513;-15.285786612928213;-2518.210491620183
73.25935302926423;42814.71270077637;1929.2478413503482
1.9998104160709433;449.5666455960203;-191.94662688173997
0.0
64.16834429546778;-15.264931434228616;-2528.516722970142
73.26636304076051;42805.62108932073;1929.5897285969577
1.9994135316620876;449.8862795404671;-191.7377864625927
0.0
64.27556655436359;-15.271075721081742;-2539.304613304384
73.25889675904813;42804.32089666827;1929.9944782279608
1.999416767388018;449.86209336616383;-191.59798663454188
0.0
64.39886128216014;-15.294875334068202;-2536.8467306847338
73.25211787555506;42857.54755929303;1932.1325146847641
1.9998247508041957;448.7233857205472;-191.56367379365844
0.0
64.3213669545898;-15.26039875885841;-2541.804734458853
73.2570837964357;42814.70012860586;1930.6136735223295
1.9996528438626606;449.6196765732808;-191.51585188083575
0.0
64.40017994929498;-15.276267846262456;-2542.3189436068187
73.25310001643179;42827.47463631341;1930.974754982213
1.9997660451446713;449.1221580947171;-191.51487963217997
0.0
64.40597727949088;-15.280769139739332;-2542.845357539909
73.25285835296506;42834.39179448565;1931.362289438416
1.9997921043571312;449.09738610028984;-191.50303319698364
0.0
64.40519423812412;-15.281987892215716;-2542.4143492163075
73.25291645273732;42834.29979555297;1931.3646415063133
1.9997196861964261;449.1240391763403;-191.4991166385003
0.0
65.24351859276028;-15.305497593011532;-2540.247033262796
73.25258221705711;42846.4127252825;1931.8770840843933
1.9996605153039977;449.5660035142454;-191.49430037715945
0.0
63.763874432884265;-15.188491312083922;-2443.338967510601
73.29270190254006;42810.71723498904;1926.602597062395
1.999512131933167;449.9751630947819;-192.69156524020565
0.0
63.765567642473144;-15.196500845896217;-2444.3118954276338
73.29243505130577;42813.0345122331;1926.7183662882824
1.9995029929991655;449.9965777364825;-192.69066339501416
0.0
64.24517450238719;-15.299613666141628;-2518.1932570179383
73.25522509835132;42818.741657068465;1929.4090321549538
1.9997238509846194;449.67596341080235;-191.97851298894992
0.0
64.16786785163268;-15.261032134732934;-2527.816849203118
73.26645742860806;42803.16377560396;1929.4652207984773
1.9995497833330493;449.78866584757037;-191.74102981334343
0.0
64.3817043174912;-15.277771126054686;-2541.096494802535
73.25299353544736;42829.27327137613;1931.074772857737
1.9998451403161996;449.1828653818693;-191.5403469774432
0.0
64.41935063489714;-15.282714020798322;-2540.435157857697
73.25293230544054;42835.63101594586;1931.2577356541635
1.9999560140684207;449.1017212148405;-191.53287158334237
0.0
64.40293328227699;-15.275645212184742;-2543.3585018385356
73.25296455002142;42827.71605393542;1931.0772802430672
1.9999021091751175;449.14342036560095;-191.49704475911628
0.0
64.40509619663632;-15.275898309936476;-2544.059593760377
73.25296336750688;42828.87230179123;1931.168639515531
1.9998942284745658;449.1297038475962;-191.48245926681577
0.0
64.25151511864328;-15.303607984205732;-2520.7549292925128
73.25519995157755;42824.08191568955;1929.800918586985
1.999880188776553;449.8308351638927;-191.93900233719907
0.0
64.25508931431443;-15.298809163699845;-2520.990892268511
73.25508726818363;42823.95354499884;1929.8374210958575
1.9997374330264894;449.72836596127587;-191.92576458304728
0.0
64.33149822339743;-15.226640450084924;-2543.5871329515776
73.27370512662351;42782.17165044379;1929.5497406977238
1.9999026609428618;449.90667862245795;-191.43118753750016
0.0
63.73917137303189;-15.26411376601903;-2439.613615072814
73.29057983436614;42832.85275736727;1927.1361038002235
1.9993428943032496;449.9106035560679;-192.8684182144891
0.0
63.81746839621351;-15.299174423288925;-2442.2437223420525
73.28294576035873;42848.20882116454;1927.9871597609103
1.998455361749662;449.7705816213428;-192.8642429173555
0.0
63.94884211705123;-15.286884540247796;-2457.7857592616156
73.27712507516443;42837.73030620204;1928.2908448914825
1.9997251630003274;449.4579037495508;-192.6069613211265
0.0
63.9971901642837;-15.289456366799056;-2462.045246764447
73.27470417818608;42839.05191193353;1928.5187433018914
1.9975808554354815;449.7964502559736;-192.55583395029822
0.0
64.04424871836403;-15.267077071998637;-2483.8545617737905
73.27110450144671;42831.373729140425;1928.6834994883457
1.9970785897672738;449.84674975948866;-192.34412554544048
0.0
64.06465523013632;-15.268166934180735;-2485.1378044813746
73.26773281954655;42831.82885773663;1928.7190963824385
1.9961820060477493;449.96737043456193;-192.3384783981566
0.0
64.10385486508193;-15.297304702510402;-2504.986485712866
73.26484386651696;42825.81310089056;1929.1674258852963
1.9996000798368265;449.4815656037678;-192.15169372738197
0.0
64.10315270168559;-15.293608087047758;-2506.352019838466
73.2650519257261;42822.94142204966;1929.0835052085552
1.9996448178388107;449.44017677551346;-192.13459304248343
0.0
64.21881980742441;-15.299657090761935;-2516.625049180328
73.25707924376235;42817.45577639376;1929.2548765153222
1.999565975877018;449.5649179767268;-192.0044277076841
0.0
64.22780886541008;-15.300129688654858;-2517.431363082388
73.25631612982546;42817.864137896104;1929.311557002465
1.9995527989047848;449.5332974015619;-191.99680183870893
0.0
64.25738618049016;-15.304472475336821;-2516.9572402574126
73.25573209779759;42831.208437136105;1929.988891610513
1.9998377060532608;449.3493112163278;-191.94945232667996
0.0
64.25835152480798;-15.304973613598248;-2517.4206242647247
73.25565438151588;42832.03384528539;1930.0485384120095
1.9998218653558855;449.3233595093079;-191.94484263780416
0.0
63.80582592110513;-15.221582240636836;-2509.064554570206
73.29726741594119;42802.494622988874;1928.5535881691856
1.9991190238211631;449.67234963056484;-191.93679049123082
0.0
64.25964789247764;-15.306733460052513;-2518.2448951330116
73.25563150418024;42832.836463560954;1930.1209385459892
1.9997772127914966;449.38239323176305;-191.93538709532663
0.0
64.08103326278429;-15.252521607014362;-2515.8145640468933
73.27192438210774;42807.83965164527;1929.1390377166856
1.9994889213269835;449.49193539399954;-191.89621020943477
0.0
64.27599793369455;-15.299773898030562;-2522.9025704185474
73.25519044732604;42834.16792932619;1930.3998051407536
1.9997088020687974;449.3457669140026;-191.87520365427963
0.0
64.27448324346125;-15.295640989137413;-2523.194983433938
73.25568276933886;42826.762898600995;1930.0831591982476
1.999612793760238;449.31946436539033;-191.85697469886003
0.0
64.16638123347917;-15.251877200953903;-2520.655690184306
73.26766019366946;42815.33027541365;1929.8415730744605
1.9991814498291414;449.0552738939354;-191.77246181926517
0.0
64.37148874502074;-15.291011562444547;-2532.575716267568
73.25268991851618;42848.27801237882;1931.46869182098
1.999576678598196;448.6017473071131;-191.63636646100076
0.0
64.39106472691508;-15.297019337200698;-2533.250947093364
73.25248504923943;42854.46172878562;1931.7296219019206
1.999523655958647;448.6372984133333;-191.6238791227201
0.0
64.39864881151169;-15.298439468834585;-2534.0468981689837
73.25215113231933;42859.39702940394;1932.1043721172819
1.9996740155542947;448.51655583685823;-191.58334617955768
0.0
64.40029280052748;-15.293623846191855;-2537.9005250588343
73.25263749326889;42850.062689229264;1931.791975888728
1.9994917414446725;448.80608755751916;-191.55409505511432
0.0
64.41433141302305;-15.299868063943707;-2533.992684095374
73.25200258447332;42866.33393872325;1932.504612967247
1.9998864408953179;448.3730560292319;-191.5532101855477
0.0
63.83048998361056;-15.244728569054283;-2451.7226736929947
73.28738891149717;42833.09266364224;1927.9276017874533
1.9995359204988539;449.8488394403376;-192.6229199190492
0.0
64.07167861317845;-15.247633298526399;-2517.992090225581
73.27351290963858;42804.889636817774;1929.123506700449
1.9997371622115472;449.3351923186879;-191.8564366950241
0.0
64.09147339058025;-15.221787904990455;-2529.4737800881608
73.2755695054365;42792.793865873035;1929.302997817868
1.9988002672826126;449.99280858145295;-191.63532701631354
0.0
64.3966806543284;-15.296849225439576;-2534.8152859102674
73.25225545513005;42858.10504884024;1932.1124773336567
1.9996861925608862;448.59996540387897;-191.57113162305873
0.0
64.4068519387725;-15.299028791992592;-2535.615402983265
73.25212095850925;42859.222131351526;1932.18629862929
1.9998068503441817;448.5396365602338;-191.55961315163853
0.0
64.41372987299177;-15.299767851060146;-2536.2885728310143
73.25205793702219;42864.71181479586;1932.4585970685014
1.999954069886813;448.50228759806544;-191.54594368303026
0.0
64.36044585139663;-15.267916052444852;-2541.139343967059
73.25451350209636;42829.380611002496;1931.158944920858
1.9994907017842982;449.27783975811224;-191.51316300276164
0.0
64.35634026332943;-15.25427998442887;-2542.7273629265856
73.255428747463;42823.28423558869;1931.1821641390766
1.9992499961773587;449.525709559902;-191.46332475033196
0.0
64.38159865376356;-15.278073225422023;-2541.0040573135834
73.25298981784701;42830.24718680493;1931.1115612330814
1.999867614952934;449.20420574761874;-191.5430885418527
0.0
64.30966020637183;-15.224063032130669;-2542.7846985049605
73.27506914542855;42784.63508377438;1929.6353861421653
1.999856304503243;449.8417969673122;-191.42786334168022
0.0
63.77221235313078;-15.270787832508653;-2451.703656980048
73.29318826972683;42842.81478605173;1928.2155326099617
1.9993941659662686;449.6664239450835;-192.6703590540903
0.0
63.932748183607764;-15.285754329911287;-2458.426446461169
73.27844388686825;42838.16064684707;1928.3219314169435
1.9996244503470264;449.47200136619017;-192.60083420332157
0.0
64.0823198529426;-15.296506519564536;-2485.6148853310256
73.26532215429086;42840.5982978084;1929.1397621079113
1.9971644920325629;449.7272532263267;-192.35848577926475
0.0
64.38023843320352;-15.29153299954517;-2527.726651807787
73.25250708999587;42856.76098868319;1931.7415418340406
1.9998117434636782;448.55748354968387;-191.6635252872323
0.0
64.36710141780537;-15.290563685284411;-2533.9191930501206
73.25323167491159;42846.86323652533;1931.3856625508956
1.9994583818470466;448.69729656215264;-191.64061373134408
0.0
63.87606557916553;-15.357600070268578;-2443.364021195459
73.28041845118233;42872.29076930688;1929.1183647755824
1.9979529464566832;449.8917665602163;-192.88969676704312
0.0
64.01292972347547;-15.209770884240498;-2512.5746556534095
73.27712746044831;42782.04580672545;1927.7590094513516
1.9991636713152388;449.5022421773034;-191.93232311208666
0.0
64.30124426792872;-15.294459673693401;-2520.7979643317917
73.25519214861397;42819.114628870506;1929.5942737592763
1.9998901052534162;449.16679998298986;-191.91018252543688
0.0
63.73152266851473;-15.214554099449188;-2438.8817176810817
73.29264575108026;42815.21465534173;1926.4531610964113
1.998049130449562;449.94741885933894;-192.8162174767234
0.0
64.52082195669969;-15.294957850759793;-2539.5936829565107
73.25176778436575;42871.470043833484;1933.2945362871724
1.999961762110928;448.38485829228375;-191.38849372973283
