200
4
0.0
60.743411920393356;-15.24440121854323;-2421.9399836908583
73.59599597976901;42944.02986948622;1930.1322673777186
1.9996381973869268;449.8350869523665;-193.5142267930502
0.0
60.86099427337102;-15.261801269304767;-2426.133735558549
73.57367755067966;42942.036879660256;1930.1966422643977
1.9990161409462646;449.7647318083672;-193.51223779988916
0.0
60.838235554938855;-15.256103629482793;-2428.7471167867247
73.57929334407535;42940.466375106516;1930.2328247428693
1.998367773097958;449.997108033523;-193.46238068377542
0.0
60.84063626626311;-15.256069422929217;-2431.5099859527377
73.58023054218148;42940.15030026546;1930.33562198302
1.9986042234859633;449.96250506210845;-193.42070846668526
0.0
60.821449224941986;-15.251875154538258;-2431.705034588728
73.58395284326895;42938.749577298804;1930.264370340323
1.9996536585373847;449.8698666529758;-193.41183571063718
0.0
60.828914418420865;-15.252621255938262;-2432.6814635536657
73.58281355382702;42938.36503594915;1930.2876525953952
1.9995168275537636;449.886662697243;-193.40114684687035
0.0
60.829508514116895;-15.252714448620067;-2432.714763055954
73.58280608220548;42938.45290516989;1930.2923485859208
1.999561230568414;449.864292547673;-193.40030526415404
0.0
60.82959310867583;-15.252697522279083;-2432.7166232671093
73.5828053690763;42938.4858005131;1930.2949210558081
1.9996360776415916;449.84066187443113;-193.39997906956233
0.0
60.829795631860186;-15.252693914886148;-2432.7188164846802
73.58277957115389;42938.484470751064;1930.2950275439896
1.9996572895734626;449.8385560690351;-193.3998775993975
0.0
60.837279656909054;-15.253607375802341;-2433.5200715897627
73.58178998609635;42938.55123004591;1930.3336060114118
1.9994818923388373;449.91574912626515;-193.3898481303082
0.0
60.847284660741586;-15.25487232270758;-2435.2148121083655
73.58033282156956;42938.110665360706;1930.3877071331626
1.9994131207641659;449.97211900545284;-193.3703167814121
0.0
60.86476182559382;-15.255169634886414;-2436.096538882514
73.57797342680884;42937.979559665655;1930.4257862051736
1.999641733321746;449.82684640360145;-193.35694259017558
0.0
61.204629940745065;-15.267516826588697;-2461.2276298886695
73.52713156954682;42919.961059818255;1930.688174199522
1.9994918850079078;449.8927667912091;-193.0915889038921
0.0
63.573283491554264;-15.312490300281377;-2571.929282194744
73.2782461448535;42835.0557731857;1931.8873011218716
1.9994610049152741;449.94190873207685;-191.86733808871531
0.0
60.82974986484162;-15.252686391980589;-2432.746508711619
73.58270817004811;42938.4400212259;1930.2955689541668
1.999653898076505;449.90106508058653;-193.4000524430769
0.0
60.82977195464765;-15.252692926173829;-2432.7199549632733
73.5827797115575;42938.48087073618;1930.294970365286
1.9996411680931683;449.842275954119;-193.39987524465855
0.0
60.830306273733335;-15.252827116664912;-2432.8294108895457
73.5826742284983;42938.43453256487;1930.2968461434396
1.999527708764077;449.9084628138334;-193.39909458588247
0.0
60.83153413000135;-15.253129698288273;-2433.0481056547815
73.58262755405072;42938.60284101657;1930.3142370796847
1.9996009554472243;449.8784862274026;-193.3955736335651
0.0
60.83162571269942;-15.253164540590019;-2433.0729965469422
73.5826253677544;42938.614453206625;1930.3157584171875
1.9996217255035726;449.86685149932964;-193.3952270210977
0.0
60.86934188420948;-15.256702349497704;-2437.3256747322052
73.57777256440087;42938.5837403945;1930.5085091367482
1.999698447425366;449.84073759429884;-193.33935519393663
0.0
63.399087017011524;-15.33359495024529;-2541.6961978767677
73.28559967955579;42848.09402111149;1931.092064726438
1.999505693634114;449.9787484398394;-192.33493891133762
0.0
63.5633427599953;-15.311196965478203;-2571.7539093610662
73.27919741980664;42834.609402723094;1931.8534847004787
1.9995137968280747;449.91963547383955;-191.86933047948153
0.0
60.86134876063519;-15.254570767903397;-2435.5762987584208
73.57846112008488;42938.30329150745;1930.4257153771518
1.9996793148567573;449.85768179398605;-193.3616832048655
0.0
60.87173379067709;-15.257793190236287;-2438.138395630292
73.57770688499569;42938.8701007633;1930.5544390366795
1.999660084844051;449.8627397306479;-193.32857460329626
0.0
61.31916836813235;-15.269534498054066;-2467.7619524332213
73.5279662425452;42912.27433015315;1930.6018914555655
1.9997590612889473;449.8570808973956;-193.03361884823522
0.0
63.39427608188126;-15.333243169531826;-2541.0828744293863
73.28595604038291;42848.4138145736;1931.0848308100326
1.9995634258627377;449.94612502109555;-192.3418155377258
0.0
63.42084519264737;-15.328999128079257;-2550.2087638100083
73.28544434772631;42843.4272240925;1931.2057749273472
1.9996115334763864;449.9379429486894;-192.21881758350267
0.0
63.427062468055965;-15.331460041097523;-2551.9538331242247
73.28511626355848;42843.97131397122;1931.2891799834588
1.9996295657999834;449.9134230281849;-192.2001883817503
0.0
63.46514396908125;-15.302294805901068;-2561.8024252955015
73.28576130985934;42833.53209300154;1931.3727833171483
1.999594823113058;449.9401239654795;-191.99970931149733
0.0
61.2211166873342;-15.269085821452032;-2463.03901963759
73.52501373201356;42919.31195083521;1930.7309976579381
1.9996920868390087;449.8806432185127;-193.07130715529598
0.0
63.45520071866497;-15.301479147653762;-2559.5805554455924
73.28615562329749;42833.917555537766;1931.310966753387
1.9996181133070867;449.993466818719;-192.0271009534874
0.0
63.581194068257474;-15.341061418163335;-2567.9199130227485
73.2751453156924;42842.7494692781;1931.9463964485974
1.9996145377013754;449.9433715099851;-191.98305570625254
0.0
63.75130477025176;-15.338516342665645;-2574.036694121999
73.26211853595882;42837.233200829476;1932.012567144582
1.9995941566083992;449.9626881338327;-191.90090256379295
0.0
63.65854673333781;-15.326992425434565;-2574.547737861917
73.26920365211168;42836.226458388424;1931.9652326703972
1.9995861349566664;449.9627856527068;-191.87983176487464
0.0
63.862487510934635;-15.31421664494195;-2581.1400751327687
73.2574655655255;42828.77457725181;1932.082166938853
1.9999928705202576;449.8768162944856;-191.75638352592532
0.0
63.39275398873359;-15.337016226244165;-2540.296884660651
73.28541136672035;42848.58356571455;1931.0227141483801
1.9997488497045368;449.91668308931617;-192.36657305328583
0.0
63.452767014215745;-15.346007393839022;-2547.2803046257623
73.28241293981398;42850.558119838926;1931.3744595599167
1.9997710648953293;449.91427489097674;-192.28609672075805
0.0
63.581295318954204;-15.312457772463004;-2572.9385203760976
73.2773637061579;42836.06596261542;1931.98117997874
1.9998596291654915;449.90172579218597;-191.8527601277161
0.0
63.52442380387922;-15.31955459997485;-2564.9048882741954
73.27952902138595;42834.4259407544;1931.442619813818
1.9997547315937787;449.96788775191334;-192.00649774061756
0.0
63.57406214833701;-15.341471073634594;-2567.3706198795567
73.27554266353728;42843.06513192374;1931.932079311659
1.9998003284886454;449.9611625120763;-191.99238369560697
0.0
60.73884825756997;-15.247687134201552;-2421.4714914255514
73.59726990578523;42946.09605427222;1930.202005169929
1.9996509943323506;449.8309890942488;-193.5211449802787
0.0
60.72978702641953;-15.245133396467903;-2421.8060549357406
73.59907771225652;42945.844652741675;1930.2162141706065
1.999704481752561;449.7221036522571;-193.5095000588084
0.0
60.838270068463174;-15.26111917163454;-2425.6617816438084
73.57934387079966;42943.73873122883;1930.2505573262526
1.9987053955052778;449.8878477162983;-193.50916962617518
0.0
60.83249793771952;-15.253641813202897;-2433.4323777755576
73.5826218306854;42938.759672642336;1930.337625485595
1.9995661007665528;449.87202335846956;-193.3903495252528
0.0
60.8325478040031;-15.253679346315833;-2433.454593353221
73.58262003687702;42938.75280046327;1930.3377503610027
1.9995658964937975;449.8721698762805;-193.3901558115901
0.0
60.85324640493697;-15.259520303459347;-2435.3592088454184
73.57982539953711;42940.67846654113;1930.5109283944334
1.999534070620872;449.8495658444747;-193.3682491670036
0.0
60.85594391470525;-15.26063285887345;-2435.451424279587
73.57938324174428;42941.207062759364;1930.5420558942055
1.9995435762236764;449.8454943589989;-193.36765560231407
0.0
60.917913289236786;-15.262347045784201;-2443.7119083115117
73.57094172738341;42936.83600313802;1930.692792123424
1.999861298297174;449.66926925765154;-193.26684776846545
0.0
60.92047082738506;-15.263053180495977;-2444.283639517322
73.57084203890626;42937.25692035957;1930.7386327381648
1.9998383141749072;449.6409772490951;-193.25812328271292
0.0
60.81993517419725;-15.251888581804158;-2431.6302993653076
73.58420774415225;42938.83428876004;1930.264433037693
1.9997249720982901;449.8391993412141;-193.41263501993078
0.0
60.82986459076975;-15.25284652663945;-2432.820901003537
73.58282092680832;42938.559681871324;1930.3029314737823
1.9996686425046852;449.8382841557908;-193.39836127756067
0.0
60.830734945143256;-15.25302902439865;-2432.9683309888997
73.58271056219549;42938.5890144332;1930.3106612979077
1.9994867672972316;449.9213255159747;-193.39667747451315
0.0
60.83082653505802;-15.253063866218833;-2432.9932208078817
73.58270837592984;42938.60062593058;1930.312182567978
1.9995075997020688;449.9096821096521;-193.39633087211342
0.0
60.83788795055714;-15.254481882747015;-2434.0465109271504
73.58192094002501;42938.85229629986;1930.3681099032901
1.999490112885563;449.91276204987764;-193.38282853841056
0.0
61.16256095191147;-15.268865208579646;-2460.222651174371
73.55142628671382;42923.13343479518;1930.7790662822533
1.9990874693423606;449.9032418023218;-193.09784282156798
0.0
63.40587362887643;-15.334087559461578;-2543.9174334010263
73.28540679161303;42851.02709190944;1931.2948887752507
1.999774562405662;449.9256216894171;-192.31432352260683
0.0
63.38783741940784;-15.329306286107396;-2543.1718029599447
73.28728155760082;42850.34838041409;1931.2645544799366
1.9997248769521685;449.9820062725538;-192.31001666434096
0.0
63.42421370675175;-15.339102145968074;-2545.748171211247
73.28447002597912;42853.285566135426;1931.467376578794
1.9998984046507338;449.88634125976563;-192.29462320294576
0.0
63.429746225590385;-15.344198134877674;-2548.576452021391
73.28516961603891;42852.44027887647;1931.5236169341858
1.9996796106930925;449.9599889828974;-192.26029541987342
0.0
63.45508266000538;-15.346841724293185;-2550.5197884889276
73.28164515650738;42851.26402082801;1931.5398100784494
1.9996618392351537;449.9803840030363;-192.24320880100925
0.0
63.42931405361744;-15.337830991581747;-2549.5490631676944
73.28540034417506;42849.443655718314;1931.4762291164643
1.999660032001225;449.9923994288351;-192.2264275254796
0.0
63.35054299148613;-15.321590654709315;-2549.601767291382
73.29265006434728;42844.88436601629;1931.2898816652591
1.9997116967750388;449.95982506067213;-192.19606594770357
0.0
63.4560337107584;-15.341668489394722;-2553.017869627787
73.28283144472519;42848.78950972474;1931.5896011319667
1.9997323005353451;449.8580830124987;-192.18316433064717
0.0
63.493507924092384;-15.347443079064114;-2557.330069019941
73.28006313642375;42846.37469211526;1931.5933300149886
1.999728635462373;449.9270563417287;-192.14708849520895
0.0
63.464932244219334;-15.34073876412367;-2555.9180687807366
73.2830984977183;42846.48751345908;1931.5633631083767
1.9996739645771355;449.9467174367673;-192.14523855753237
0.0
63.474346370541866;-15.314016686622555;-2561.40659064224
73.28456040330701;42838.05301646601;1931.5486303224122
1.9995985984395168;449.9882457399469;-192.01810531355144
0.0
63.753491358427766;-15.343695682152033;-2573.2911640172415
73.26237195936227;42838.89008954455;1932.0438822057788
1.999674980845709;449.9168246611518;-191.91941676469725
0.0
63.663222951051694;-15.333132929044249;-2574.6158362740184
73.2690910374061;42838.50035056494;1932.0730669233328
1.999628654672268;449.95904886812093;-191.88127659134506
0.0
63.558646361986;-15.311641154483453;-2571.7059233457385
73.27924944402756;42835.37151783945;1931.8764994205083
1.9994712182010566;449.9233609217684;-191.8735976148732
0.0
63.567581697959575;-15.313212382154736;-2571.3968785897137
73.27833458943893;42837.23301360069;1931.9792475140448
1.999458540600735;449.95086656750726;-191.87150213821272
0.0
63.81446363837504;-15.314517029512743;-2580.0883478125365
73.25858682144582;42832.94520147826;1932.2577663675809
1.9993292861371181;449.9620275639784;-191.7545391877726
0.0
63.86701206454013;-15.319913175823023;-2581.3417140220276
73.26011131659169;42831.85463652057;1932.2524850828352
1.9992980716940794;449.9617628626589;-191.7486326579682
0.0
63.86792351786758;-15.325952236390536;-2579.824112632235
73.25751397375065;42836.762504076236;1932.5316307819112
1.9993971926363887;449.9474892072244;-191.73389482039704
0.0
63.870691859332425;-15.32601194719076;-2579.490239023369
73.25751155472233;42837.20245528252;1932.5697439284008
1.9993725045862254;449.9339519711751;-191.72824333502527
0.0
63.49883372072447;-15.348300436557501;-2558.0996061755864
73.27971680919056;42847.36558074742;1931.672639631153
1.9998127615508658;449.92049421018913;-192.1352011269702
0.0
63.575971717922684;-15.342341747148863;-2567.5306505990097
73.27541197753187;42843.355016680456;1931.951160180566
1.9997588413651621;449.95762614485335;-191.9909811286508
0.0
63.691441516762076;-15.339415799106654;-2572.256491445536
73.26690659505297;42839.50745679041;1932.0398361147438
1.9997408911952135;449.9736568689878;-191.91776290443036
0.0
63.570407570387424;-15.312941018758648;-2571.660613578716
73.27844698476457;42837.04481853708;1931.9882776603692
1.9995529186075427;449.9275019241023;-191.86534228197306
0.0
63.60404998743121;-15.318940373410205;-2573.844778304317
73.27535784772769;42838.0834039008;1932.1055574955114
1.9997042049210256;449.9186909107307;-191.84947479680804
0.0
63.86286797488326;-15.318839592454138;-2580.6678949169586
73.25765904632924;42833.723945131824;1932.3432555066609
1.9993768673819974;449.96319824973824;-191.7482111132644
0.0
63.50482407409309;-15.32711004312458;-2564.56279207981
73.28217131068783;42840.154877263885;1931.7165564010893
1.9999831703713729;449.9399115654772;-192.00205678535303
0.0
63.61118086677432;-15.342566040012768;-2570.1882062829714
73.27278898605759;42842.28186060211;1932.017452478877
1.9999068084719627;449.93767839113883;-191.95660839358234
0.0
63.755520371963534;-15.313248580015202;-2578.473403606024
73.26401831625499;42832.62703150853;1932.1523253427256
1.999579950819691;449.9287363809882;-191.7728679647416
0.0
60.868953332591225;-15.264381591222621;-2425.3726786070015
73.57979478033567;42946.13468805546;1930.3558090052857
1.999066516929804;449.827954280024;-193.51172883211785
0.0
60.854083403332076;-15.26328207339571;-2425.83624601348
73.57992718310528;42945.28246852522;1930.3320581866667
1.9988709797226558;449.8621834507509;-193.5053501964868
0.0
60.747042617294;-15.247064682585538;-2424.152725833089
73.59634858275349;42944.722181277655;1930.2520689935527
1.9996746090955568;449.82421359506003;-193.48442596723612
0.0
60.891833231789924;-15.26270975768231;-2442.5589094363536
73.5754193996955;42938.78732256952;1930.7299453327912
1.999805472980079;449.68889821259035;-193.27623835479287
0.0
60.895920774022386;-15.262629253968175;-2442.7645974799557
73.57509519012537;42939.50118234497;1930.7877081662348
1.9999282521736705;449.61761878920856;-193.26916210904207
0.0
60.94064433482346;-15.264666565255007;-2446.3798784776477
73.56793047561183;42936.433265191685;1930.7877366671876
1.9997555044090245;449.62119649598475;-193.23477933677503
0.0
60.96298965472343;-15.26511408087279;-2447.8272085722624
73.56447289688951;42935.35504823335;1930.8051322031492
1.9995778139505997;449.74757597886776;-193.21872825465894
0.0
60.97546431369378;-15.266287495189381;-2449.133771191578
73.56261297163047;42934.58640160944;1930.824282386061
1.9994341143996102;449.7614038650108;-193.2043146682894
0.0
60.79683514510112;-15.249471689577666;-2428.3873200608773
73.5881124994528;42941.48945664829;1930.2751507543553
1.9997091741138489;449.83139409297405;-193.44169382726312
0.0
60.826268511858885;-15.25297909441563;-2432.576135838992
73.58348182001023;42938.89756505986;1930.305701461441
1.9995939779022565;449.92362003424137;-193.40081986309855
0.0
60.83031269094417;-15.252963167828495;-2432.947096563343
73.5832931174251;42939.96057314376;1930.3932268176643
1.9994188838715743;449.9540193804424;-193.38965582203605
0.0
60.97163017765388;-15.265821020749021;-2448.702923569093
73.56317046366995;42934.81542780206;1930.8134797304758
1.998995107378218;449.86831585259335;-193.21008016368842
0.0
61.152936568265815;-15.271055123781345;-2460.110328107044
73.55254388862993;42924.79556615646;1930.8934857633071
1.9992037398423739;449.8506275822621;-193.08142187301834
0.0
63.46703179283777;-15.323653080493868;-2556.9694559457134
73.28570867228073;42844.144721271055;1931.654792577309
1.9989459033260473;449.96701569039305;-192.07869902367688
0.0
63.48803861835659;-15.32322564791239;-2560.6559922191905
73.28375673915423;42843.12946029179;1931.7773001645269
1.9989184717227166;449.97239969121955;-192.0250511267895
0.0
63.87100031761532;-15.34176893188146;-2577.2712446219803
73.25889634112056;42840.30293768816;1932.4394545029554
1.9995226536812056;449.82941148815496;-191.82080671664392
0.0
63.42390128003596;-15.343350830211245;-2544.942160614577
73.28673650643373;42851.899653959386;1931.357015020773
1.9997921064945277;449.95480345607587;-192.30528545658333
0.0
63.44926349652276;-15.344929131612348;-2546.906486536092
73.28236508431615;42855.30587043102;1931.561823500051
1.9998500535026342;449.9045086058351;-192.30067784368313
0.0
63.41135218017065;-15.339052690693494;-2547.5725139209394
73.28620542707371;42852.51038457421;1931.4887431164527
1.9996701369511625;449.97331732675576;-192.27097603459805
0.0
63.44189541748673;-15.343166981690182;-2549.9811648624905
73.28355608593799;42851.624131650795;1931.5471382162063
1.999834848534729;449.8768677317532;-192.24238352573596
0.0
63.351230130421;-15.326478659054526;-2550.7937951040117
73.29293569072112;42847.19391998224;1931.4455282334418
1.999616159581447;449.9941570811343;-192.18128119407572
0.0
63.47881446600123;-15.345563013688757;-2556.422039314346
73.28149018794734;42848.24282131187;1931.6791643427691
1.9996166146373637;449.8917975220785;-192.14680171133816
0.0
63.49761312111401;-15.34888163750408;-2557.219368697472
73.27982110102936;42848.77286307167;1931.7314319736938
1.9996423227726186;449.87645251564066;-192.14228966367682
0.0
63.59088860632591;-15.318538874096824;-2570.81150775427
73.27835789533378;42839.229936927484;1932.040573623762
1.9997946346853264;449.8761949940089;-191.88353917304198
0.0
63.57892201115635;-15.314248341343296;-2571.1054644092865
73.27910572229706;42838.52141568418;1932.028964375747
1.9998570237347626;449.8426964951556;-191.87432156556707
0.0
63.56007111014582;-15.312803309245417;-2571.3310741713535
73.27887817644924;42838.87995690151;1932.055594999818
1.9995799085522112;449.9242565270082;-191.86794463515065
0.0
63.7322804216228;-15.320334161551248;-2577.151999290008
73.26581805396927;42837.59719829828;1932.3232295530563
1.999407012773834;449.8945709659082;-191.79235932678125
0.0
63.763936937317276;-15.320550966368732;-2579.214486432233
73.2634480859752;42836.28438831258;1932.350045029948
1.999278927041224;449.95089588132566;-191.76692323522494
0.0
63.77004481421199;-15.320845753670634;-2579.8532649140598
73.26319408456037;42836.55650388363;1932.4004409836762
1.99940642591674;449.9335493818839;-191.75536465065667
0.0
63.45373161861484;-15.345046896008217;-2549.2231079471367
73.28488835698354;42852.41316445992;1931.5457764647933
1.9997662555268187;449.98348238274866;-192.25230169216493
0.0
63.43067546626457;-15.33797761948862;-2554.0980643327052
73.28554813010123;42849.39325718446;1931.6648174219763
1.9997341776911775;449.97530135837303;-192.16116232850453
0.0
63.6058865849116;-15.341734029915287;-2569.500461913533
73.27325557446457;42843.05938539325;1932.0398136376116
1.9999213961843074;449.92947982898863;-191.96078488047183
0.0
63.689450498605595;-15.342004986188394;-2572.0229755785826
73.2666413956389;42840.59525209699;1932.0637401261029
1.9997219180302597;449.9252656342365;-191.92816627831533
0.0
63.517565224495634;-15.315283746187992;-2567.439958268225
73.28378706621062;42839.578231049614;1931.9206489677747
1.9999042830216527;449.8855269895374;-191.91618386909806
0.0
63.55593109369;-15.31117725866296;-2571.4730809335633
73.27941077615273;42836.57911195291;1931.9476538768367
1.9996170669481035;449.9179342446488;-191.86891199017478
0.0
63.865352815954125;-15.325469279699975;-2580.202631805782
73.2575725836564;42837.026019841825;1932.531805317793
1.9994854446541417;449.9402493749092;-191.73815759810964
0.0
63.81886196238936;-15.317904377465705;-2580.857676909899
73.25895522721115;42836.15724504068;1932.475549384197
1.9997166499307129;449.89744767990544;-191.73323061128042
0.0
63.869710310592275;-15.327558810063707;-2579.4859866953407
73.25751769153081;42837.392368022556;1932.5940733613083
1.9993265165943572;449.97112176971467;-191.72333921035727
0.0
63.49799413224158;-15.340489367594481;-2557.3870979158255
73.28049009218807;42847.23664367134;1931.7052790921698
1.999865540440888;449.98519899604327;-192.1198027986871
0.0
63.718637950765086;-15.313262522176348;-2577.248479524714
73.2670165345135;42834.78600362376;1932.2034275458145
1.9996335403856833;449.93150505399126;-191.78400891217052
0.0
60.75385503342452;-15.247882006527005;-2424.8849284879807
73.59545878448594;42944.84943917709;1930.2917055229043
1.9996315203778332;449.83558491852193;-193.47464951970517
0.0
60.77477671862187;-15.248930766295064;-2426.69629957701
73.59202258954521;42943.51570976839;1930.3034693658424
1.9996283027818238;449.8686734069294;-193.45609336648192
0.0
60.90954378162324;-15.26454158317325;-2443.291390204256
73.57306777224896;42938.51587980385;1930.8073735885675
1.9999917557186815;449.6223496020926;-193.25060681786545
0.0
60.96388547138429;-15.265493574670282;-2448.1127067498214
73.56442564496396;42935.41106842095;1930.8185289713208
1.9995110207488869;449.7748330794313;-193.21517848911475
0.0
60.97106569593211;-15.26650247717553;-2448.5134270915446
73.56338741700405;42934.89622032505;1930.8291451148723
1.999510385224178;449.8043107257718;-193.20550621985925
0.0
60.99878392237689;-15.267479672682352;-2451.2690603296155
73.56085423646388;42935.30113551054;1930.9714999897012
1.9995911740727048;449.7068312378565;-193.17255719978547
0.0
61.010110988748295;-15.268161465064152;-2452.340562859071
73.55853610699323;42935.88649147387;1931.06108718856
1.9990989702234563;449.8711101782276;-193.15485021070825
0.0
63.43594585620948;-15.326431033710492;-2554.3437404869
73.28723682551339;42847.26669422234;1931.6986923511686
1.998840364833557;449.9594314350301;-192.11138781169655
0.0
63.45379733488974;-15.32820289686269;-2556.231135930326
73.28575460932156;42846.888502170004;1931.7538464948084
1.998807907930564;449.96408536959984;-192.0904331498846
0.0
63.82420451432822;-15.342326038216704;-2576.465189180904
73.25979443903209;42843.05882570746;1932.5097527894943
1.999490494514417;449.84662943133173;-191.82913656294787
0.0
60.97212732519886;-15.26669506179271;-2449.1313078539715
73.56336940723739;42935.181063750075;1930.8543046688421
1.9995653403409108;449.7913874801416;-193.20168583666683
0.0
61.07424921133532;-15.273665355851218;-2459.0058268637995
73.5533699115665;42932.62011086042;1931.171241001424
1.9991030669273198;449.89548845897957;-193.08451218543803
0.0
63.42288964242466;-15.341536678019617;-2545.608517799336
73.28689166262548;42852.953592016594;1931.4685690084984
1.9997789350338653;449.9636287061252;-192.28449530831097
0.0
63.44287203982232;-15.344047040278978;-2549.9798934085666
73.28395885456165;42853.02370702657;1931.6162874813797
1.9997884201578817;449.9052255451786;-192.24089082821465
0.0
63.47395066418045;-15.34762032667464;-2556.413529206041
73.28189344680274;42849.667986388384;1931.7495792605905
1.9996516169842906;449.90813320419994;-192.14529396829448
0.0
63.64549276105502;-15.372496513751754;-2557.5775534224176
73.26718423774172;42860.574803078416;1932.3923906986681
1.999570864237172;449.8414651852375;-192.1452271746599
0.0
63.644456999107106;-15.37106434418828;-2559.053144968545
73.26746929766027;42859.486414143015;1932.3925252600231
1.9996119738636051;449.79740096676494;-192.1259054496643
0.0
63.436522540587696;-15.325726508280347;-2554.592261925431
73.28695708278944;42847.36842616693;1931.7165950688877
1.9991713729749352;449.9070380598563;-192.1078484063726
0.0
63.76266184210569;-15.325865956250551;-2579.0700030510134
73.26338921667762;42838.29755071996;1932.4223785647087
1.9991578956403577;449.9911555598239;-191.7753511366128
0.0
63.76828834228512;-15.366118929658498;-2565.9972171468394
73.26048905939967;42853.82505298673;1932.470120123488
1.9992535851007727;449.91521272181484;-192.02479377064424
0.0
63.87093362106748;-15.323314938670169;-2581.008542088148
73.25808971779784;42838.39141812711;1932.599375190158
1.9997256236174024;449.89091230634705;-191.73955868920802
0.0
63.478027976451195;-15.319228135940378;-2562.5387635965553
73.28503559032562;42844.27110855755;1931.9340157231359
1.999346198701566;449.9765680896096;-191.98773205963727
0.0
63.63243292198085;-15.346327850925181;-2570.1824921296784
73.27095431035332;42843.66552981039;1932.0886112063004
1.9999129995544913;449.91684388359414;-191.9596422430894
0.0
63.66835768040298;-15.349509951210866;-2570.9398644873327
73.268252905707;42845.19146390059;1932.2220286494
1.9995767402082951;449.9480064715604;-191.94632462568003
0.0
63.65426489495388;-15.342057749852994;-2571.4512072323073
73.26974204012672;42842.48376916751;1932.1299734129375
1.999729176699722;449.93096750387826;-191.9294343052403
0.0
63.61399697962818;-15.333490412218543;-2570.7570784471577
73.2736171320443;42841.408311438914;1932.0771097058969
1.9994455743768282;449.95954245255393;-191.92061936619308
0.0
63.54940923252909;-15.311300773331242;-2571.2670519931653
73.27991887605923;42837.01218502474;1931.9582661626328
1.9996344707586156;449.91756130432304;-191.87151507725588
0.0
63.48567455963587;-15.314298155988384;-2567.107590233328
73.28649879230045;42840.31367011941;1931.9311231163713
1.9998337062299445;449.95772219796265;-191.9190239552854
0.0
63.63427699500055;-15.329054192863172;-2573.5418030355804
73.27258456985149;42841.34839767463;1932.2280897474097
1.99952572125611;449.9703538646125;-191.86600760741283
0.0
63.64514241064296;-15.31425492702503;-2576.740115944527
73.27267482200017;42836.75441721705;1932.2197173954728
1.999519613548485;449.9603850841223;-191.7960628562075
0.0
60.87411374236266;-15.26276771081369;-2441.6547185295212
73.57890099614772;42941.22750134336;1930.8185544752075
1.9999230682655815;449.64036845469514;-193.27810584373688
0.0
60.96093286579156;-15.264967525219875;-2447.6610961511537
73.56497489950962;42936.04254791059;1930.8396935694975
1.9992203697029944;449.85785926143024;-193.21735853891926
0.0
60.98276755803954;-15.266765465681587;-2449.9291126477087
73.56254919841305;42937.03346926317;1931.006307864771
1.999499485751664;449.76877736941236;-193.1822488710904
0.0
60.98489235302091;-15.267440408668921;-2450.5629002067794
73.56226008234964;42936.890520675726;1931.0238816702736
1.9993855677996109;449.7679113882024;-193.17546416844888
0.0
61.01794274134972;-15.27083939953978;-2454.4687844656937
73.5581653547796;42936.786321720814;1931.193540754039
1.9992978493663427;449.8342857856424;-193.1254356350962
0.0
63.603527453778526;-15.364587310296208;-2557.807097871316
73.27120074070372;42859.85773209874;1932.3898993048838
1.9998748143920742;449.75474407216086;-192.12475204038876
0.0
63.45313918119485;-15.335880539397285;-2555.96251623783
73.28565859880831;42850.232324359764;1931.882702423944
1.9987503316492878;449.97818549501693;-192.10199147839745
0.0
63.44384012007185;-15.32725801663258;-2555.8687971513787
73.28661097511366;42848.07651073518;1931.805393896315
1.9991400379413709;449.90855277183965;-192.09021081675715
0.0
63.83569188408196;-15.352978590121761;-2576.234547211044
73.25880229555032;42849.782780349626;1932.8375082914881
1.999253044470403;449.85757643622384;-191.83470127847926
0.0
63.42930152279792;-15.344157663857311;-2549.4719294383576
73.28647619091086;42854.25564376503;1931.685052733067
1.9997220673449874;449.99157066777343;-192.23329340800674
0.0
63.60273464536413;-15.371246906319248;-2552.68623043356
73.27009928473949;42862.12193053276;1932.2542324074518
1.9996828590754583;449.8641238493494;-192.207538229306
0.0
63.60273464536413;-15.371246906319248;-2552.68623043356
73.27009928473949;42862.12193053276;1932.2542324074518
1.9996828590754583;449.8641238493494;-192.207538229306
0.0
63.60273464536413;-15.371246906319248;-2552.68623043356
73.27009928473949;42862.12193053276;1932.2542324074518
1.9996828590754583;449.8641238493494;-192.207538229306
0.0
63.63122797625711;-15.370439895091014;-2560.5540445936836
73.26863447095424;42859.20893882524;1932.4067141908477
1.999312437164619;449.8496721699501;-192.11408419704426
0.0
63.84276016982174;-15.357375573424724;-2574.659566637972
73.25846878937264;42851.56219072642;1932.792670670258
1.9991733611610099;449.92353526980645;-191.88687117982715
0.0
63.84276016982174;-15.357375573424724;-2574.659566637972
73.25846878937264;42851.56219072642;1932.792670670258
1.9991733611610099;449.92353526980645;-191.88687117982715
0.0
63.84276016982174;-15.357375573424724;-2574.659566637972
73.25846878937264;42851.56219072642;1932.792670670258
1.9991733611610099;449.92353526980645;-191.88687117982715
0.0
63.84938306910617;-15.354377902143872;-2575.511524820468
73.25900067340143;42848.04522665758;1932.667507868568
1.999210971242749;449.9092840991515;-191.87260614162633
0.0
63.83202305645315;-15.346958074504803;-2576.0435568816106
73.2590145628604;42846.25785098342;1932.6674885082894
1.9997265057640112;449.7896907579134;-191.8339432172242
0.0
63.44552860750507;-15.341618354185835;-2554.6563830860455
73.28720613544415;42850.93279929813;1931.7269970021068
1.9998369534987095;449.8874708228394;-192.16115097062058
0.0
63.55798524123421;-15.341016248409527;-2567.2367142038206
73.277637364497;42845.90886219426;1932.0982936364467
1.999684664244182;449.9833220325394;-191.9778943286003
0.0
63.57683609888223;-15.340490718296357;-2569.587522006031
73.27628586892234;42844.65879376336;1932.1331974238915
1.99964877499851;449.9570209787115;-191.94813648981716
0.0
63.63568069605314;-15.342131473529552;-2571.001660304549
73.27133973519935;42843.30795022908;1932.1464816085343
1.9997292766604746;449.92799158980057;-191.9336299969305
0.0
63.63568069605314;-15.342131473529552;-2571.001660304549
73.27133973519935;42843.30795022908;1932.1464816085343
1.9997292766604746;449.92799158980057;-191.9336299969305
0.0
63.63568069605314;-15.342131473529552;-2571.001660304549
73.27133973519935;42843.30795022908;1932.1464816085343
1.9997292766604746;449.92799158980057;-191.9336299969305
0.0
63.63568069605314;-15.342131473529552;-2571.001660304549
73.27133973519935;42843.30795022908;1932.1464816085343
1.9997292766604746;449.92799158980057;-191.9336299969305
0.0
63.63568069605314;-15.342131473529552;-2571.001660304549
73.27133973519935;42843.30795022908;1932.1464816085343
1.9997292766604746;449.92799158980057;-191.9336299969305
0.0
63.63759778750945;-15.343002415880637;-2571.1620511406927
73.27120923619078;42843.59823526072;1932.1655888247146
1.9996875086150492;449.92435399248603;-191.93222513308103
0.0
63.538432939348546;-15.313404843219047;-2571.0264264852926
73.28174571147663;42838.315691753975;1932.0148149682216
1.9995016990616128;449.92935542108296;-191.8694038395797
0.0
63.302306230904136;-15.31589449056043;-2555.3658591489925
73.29901132841917;42848.59733501125;1931.7700103864813
1.9999525521422301;449.89302622834066;-192.08241172384209
0.0
63.59205483237723;-15.323940656034704;-2573.7467285370976
73.27713206053433;42841.787620738716;1932.2561736202374
1.9995293877862756;449.9606890240991;-191.85486204884558
0.0
63.60872665202715;-15.314268379993345;-2575.5063249452096
73.27568337296985;42838.92089975813;1932.271058195652
1.9995514838140585;449.9661809406882;-191.8072231849726
0.0
60.92152024955171;-15.266320269025815;-2446.255203016489
73.57168700722495;42938.591789829865;1930.8826665489596
1.9998373946012804;449.63780166286216;-193.22892046148843
0.0
63.43393169231076;-15.346429616546342;-2544.731460237609
73.28657339380428;42858.43044696725;1931.7391080782054
1.9997532043241741;449.9904788257406;-192.28282566740336
0.0
63.62758759066098;-15.380043711769149;-2557.1678177228655
73.26879812121439;42864.80114473737;1932.5620879362966
1.9995439403434625;449.8387744720379;-192.15328254070408
0.0
63.441716357895174;-15.330813551470744;-2555.4345772518755
73.28689058502275;42849.773793145716;1931.851920593731
1.9992936993284065;449.97753010902363;-192.10198939780932
0.0
63.55026206804382;-15.340568296503113;-2566.92639541915
73.27837880521668;42846.38371026454;1932.1073336222726
1.9997383740996426;449.9704303676813;-191.98098007005808
0.0
63.63091068133717;-15.341715614859265;-2571.098861044698
73.2713491382212;42843.88593037981;1932.1673819608231
1.9997587475998362;449.91386153504595;-191.93580114569684
0.0
63.63369897189324;-15.342547178761034;-2570.972287805581
73.27149606786361;42843.48688213721;1932.150885631709
1.999727541155603;449.9463151250008;-191.934706748062
0.0
60.736514506236915;-15.23083195045654;-2413.555449466484
73.59256174705327;42938.45730699394;1929.544688023258
1.9997411159296992;449.72198291703853;-193.63239274514262
0.0
60.76564512716617;-15.245684598617123;-2423.638995763397
73.59194815100622;42941.87443143427;1930.0878096731449
1.9997333008225509;449.8076975894223;-193.50229840094295
0.0
61.177800104509764;-15.254530813269884;-2451.5632178235146
73.55081130691856;42915.83900686628;1930.103521384381
1.9991242039751436;449.90301397843075;-193.2230272459493
0.0
63.506374448536334;-15.348264023460988;-2552.922919036367
73.27876047142784;42849.8584710852;1931.615671027217
1.9997323800532236;449.891311733775;-192.19323415237926
0.0
63.602140970632064;-15.320161118385647;-2572.7211846084706
73.27523747286355;42838.4460630637;1932.0779586460683
1.9997078591344775;449.8995065582691;-191.86542474480152
0.0
63.6092069182182;-15.320133938606146;-2572.9329342422716
73.27571289804517;42838.18918313339;1932.0654966973798
1.999721636553351;449.8923494164985;-191.86491978064356
0.0
63.42600242980135;-15.318328048631333;-2550.6498103759586
73.28548538287453;42837.75056979073;1930.9822443485655
1.999532069030099;449.94698971263654;-192.20120252596337
0.0
63.58720141623974;-15.311253622784259;-2572.3349968376015
73.27709094956798;42833.75828248716;1931.840873445124
1.9994942864380014;449.9360610633154;-191.86453016384363
