200
4
0.0
63.326053131296966;-15.291770955103893;-2482.0555954205483
73.30838965904815;42891.72838157012;1929.7126275735327
1.9999470648422033;449.94217729264545;-192.3825667745436
0.0
63.58145782699816;-15.311751387122257;-2494.6542308576472
73.28100154164166;42883.97389399509;1929.8056629828573
1.999697396511334;449.8019553227669;-192.31889851193307
0.0
63.93475393016722;-15.322795018931929;-2508.5028195997347
73.25095100027889;42916.96513493657;1932.0040728526903
1.9998930259875656;448.4016480760619;-192.09222642571945
0.0
63.93475393016722;-15.322795018931929;-2508.5028195997347
73.25095100027889;42916.96513493657;1932.0040728526903
1.9998930259875656;448.4016480760619;-192.09222642571945
0.0
63.93475393016722;-15.322795018931929;-2508.5028195997347
73.25095100027889;42916.96513493657;1932.0040728526903
1.9998930259875656;448.4016480760619;-192.09222642571945
0.0
63.941252804835244;-15.323386682231314;-2507.9585180698227
73.25093446718724;42915.81036849464;1932.0111506043202
1.9998134813369906;448.4492967352359;-192.07526191058597
0.0
64.11354786320175;-15.326669998628413;-2515.797925012182
73.25115641519095;42905.7794114394;1931.7927676307922
1.9997385341684035;449.35122532969905;-192.0513619947424
0.0
63.88496340805572;-15.314180273203542;-2512.5689411926387
73.25592901854031;42880.326017328334;1930.7638082626333
1.9991463203208408;449.70665013229234;-192.04743825980157
0.0
63.88496340805572;-15.314180273203542;-2512.5689411926387
73.25592901854031;42880.326017328334;1930.7638082626333
1.9991463203208408;449.70665013229234;-192.04743825980157
0.0
63.88496340805572;-15.314180273203542;-2512.5689411926387
73.25592901854031;42880.326017328334;1930.7638082626333
1.9991463203208408;449.70665013229234;-192.04743825980157
0.0
63.88072973801623;-15.314208503890336;-2512.5630116228867
73.25624266336021;42879.57399903036;1930.74454515814
1.9991703901098135;449.63413325106137;-192.0465601675723
0.0
63.865885173816956;-15.273826849222383;-2515.5455828783
73.25852576890816;42860.52478855192;1929.9470630914884
1.9987557668292;449.9894990940671;-191.99971008088897
0.0
63.871427934308414;-15.3139851910665;-2512.5769858435247
73.2571965344205;42878.69677472247;1930.71997645417
1.9992551225511896;449.79562310281113;-192.04411574338334
0.0
63.867179232484695;-15.314013623559662;-2512.5711873628256
73.25750993157472;42877.948394646504;1930.700801740068
1.999279204478028;449.72305153214234;-192.04327037162383
0.0
63.5873039303297;-15.27182518249012;-2504.6222270401877
73.28678903186129;42864.35314805205;1929.8389497083137
1.9994523817090908;449.79941168151726;-192.03848734611026
0.0
63.55153964799161;-15.26522643851264;-2502.7556316382374
73.29016775686809;42862.55187310155;1929.7532755654895
1.9999657924416734;449.7843129466551;-192.03643565863487
0.0
62.48228564402167;-15.24216326948766;-2423.4859889754775
73.41176970525774;42937.41784481783;1929.7402819217718
1.999441361322748;447.70403423011913;-192.8110831070921
0.0
62.551616307977454;-15.240136576281445;-2437.107545441875
73.4020893251109;42926.07777196758;1929.748893129999
1.9991774555460933;448.1634760313988;-192.65057994667387
0.0
63.079245624259705;-15.252760663695813;-2468.368165612858
73.34024542685626;42899.09026375896;1929.7772105938045
1.9988562154490643;448.91057222047544;-192.3754095944112
0.0
63.873929594232386;-15.32381388678398;-2504.3808827684384
73.25471509571072;42924.77031759755;1932.099079224902
1.9998453727828525;447.6475986807523;-192.16430604718732
0.0
63.7630067075991;-15.308827716568555;-2511.3707040902764
73.26710733959725;42874.66611991683;1930.3918762488317
1.998720566258154;449.5600667514555;-192.08194972906577
0.0
63.282057742160745;-15.293694576222597;-2478.0719231257967
73.31769489845612;42897.60716274557;1929.8642433274715
1.9996114063851145;449.8504504645258;-192.40492744174398
0.0
63.7856091596482;-15.329495487681363;-2490.732531623517
73.26040223338134;42897.82130305229;1930.09605707888
1.9997857162403658;449.81796939684136;-192.3978535946627
0.0
63.3401896470056;-15.294936238887932;-2479.9201338570915
73.31387025504402;42896.61304202347;1929.8800438159806
1.9995900558852833;449.86279979339076;-192.3935789171851
0.0
64.73630927617086;-15.344042017029253;-2487.7540851177096
73.2594100296711;42915.59917062327;1930.9799698095994
1.9992404096496155;449.4009262684235;-192.38140023081453
0.0
63.88356223286462;-15.328477150695873;-2504.5039993309524
73.25425177220704;42924.28764125302;1932.1599361762599
1.9996415630470512;448.30806803533704;-192.149557783348
0.0
63.4948810373197;-15.27457173865489;-2497.541232546312
73.29620131946389;42877.7641859717;1930.0147957146294
1.9991802542184853;449.6915377094355;-192.12492413367823
0.0
63.62453418515222;-15.317810172955202;-2494.882109903883
73.27789148538307;42892.55806481464;1930.1209992102729
1.9999520795710202;449.7063319271548;-192.29971496943344
0.0
63.61326186344893;-15.317603398178958;-2495.087127411753
73.2790436635796;42889.00199372987;1930.050309755824
1.9998314407998605;449.7763250458107;-192.2905496526645
0.0
63.86273894872829;-15.322534809621734;-2507.097951659953
73.25748748433043;42922.142820513654;1932.1729886425708
1.9996526052420949;448.46264440249166;-192.10307804776753
0.0
63.91943390057201;-15.32189494360389;-2516.2358461073727
73.25121892375321;42915.098709368955;1932.2422719085757
1.9996231885658735;449.4886402795104;-192.03927446428744
0.0
63.433666322124886;-15.29346646613605;-2493.092535001981
73.30336739283328;42889.52184749824;1929.9817771131225
1.9999600953955028;449.83702867169313;-192.24486790374732
0.0
63.792268926282304;-15.332958448095114;-2483.7755368154826
73.26138798483645;42912.96406319719;1930.7053417322097
1.9997573427734088;449.6619690391587;-192.43302981750614
0.0
63.79359637997242;-15.332995770058906;-2484.1220919225166
73.26136116653718;42913.19730143041;1930.7336983893526
1.9997154368121488;449.6483195792605;-192.42778679721494
0.0
63.7970065993235;-15.330653855580406;-2486.5643746082437
73.2610540611437;42913.72900848242;1930.817104031471
1.99963619066131;449.68823677698174;-192.40887940329782
0.0
63.79790565684859;-15.331747883392987;-2486.595262845426
73.26104791698205;42913.947899911655;1930.8341249284395
1.9996607149055026;449.68310230298465;-192.40678416736952
0.0
63.887460058105844;-15.333528099761953;-2488.0194870917912
73.26070523918516;42921.66080171002;1931.237931889238
1.9996703051055538;449.6764066835865;-192.39640303196563
0.0
63.03967302160762;-15.252478845019303;-2466.72319245893
73.34459551139271;42900.75255572117;1929.7817176425647
1.999350283817499;448.8510331846019;-192.38853207345196
0.0
63.1955037571386;-15.257109534105606;-2472.73264516706
73.33570350103986;42899.70974391832;1930.0017299904312
1.9987137664746764;449.1805040791934;-192.33389526359545
0.0
63.816037307051914;-15.325404329047497;-2500.234917148743
73.25990577363086;42921.60586002386;1931.7915701956354
1.9999397168619086;448.44638740574953;-192.208940471047
0.0
63.76284500063699;-15.3178956296264;-2503.421201488854
73.27102251381508;42888.40370655998;1930.6394251912802
1.998643211553724;449.7621865299738;-192.19487396279493
0.0
64.15848932747423;-15.3335828166645;-2504.3058380309108
73.25288960865478;42929.134619282944;1932.4075963230205
1.999622230602298;448.0908162295122;-192.1541425415149
0.0
64.52641017986393;-15.336580420712208;-2501.1387336934995
73.25143149010289;42952.47058857652;1933.4525144057438
1.9999567933147686;447.97039298968883;-192.14951292320794
0.0
63.70250938983572;-15.306698473487538;-2510.665176285298
73.2727573285204;42883.4461098828;1930.678083987833
1.998578843041645;449.5099059506184;-192.08027019240527
0.0
63.79403936622144;-15.334059329168042;-2484.5839307157903
73.2613509974487;42913.471886952575;1930.7719322212636
1.9998482229365668;449.66084973013534;-192.41981125454254
0.0
63.802040814845036;-15.331924495140266;-2488.9564925595655
73.26033891304286;42920.82763886361;1931.2556524214358
1.999735218760311;449.46998299694087;-192.38474235878348
0.0
64.12678080484281;-15.338930723523488;-2487.096125278687
73.26098510836539;42915.271662578816;1930.9677930317268
1.9999583778458259;449.463241936993;-192.37575978332927
0.0
63.83638671715843;-15.334961318555555;-2487.1370086896522
73.26082875292049;42915.06377514204;1930.9694198363702
1.9995513418037014;449.5020352968114;-192.37374290567402
0.0
63.96852540570056;-15.337551283037467;-2488.4788809655643
73.26081038807537;42915.58405972819;1931.022123469669
1.9996262119098198;449.44769752527117;-192.3614771009603
0.0
63.91924031827545;-15.330240356150938;-2506.7625241525684
73.2537401232695;42924.364131594266;1932.2570351786114
1.99966360638548;448.4929040795461;-192.1255536648462
0.0
63.68538525883067;-15.306687440877928;-2509.995499103769
73.27436530213993;42879.26924844316;1930.5090885523211
1.9987892920137105;449.3566420809502;-192.08478634002788
0.0
63.69774045724308;-15.306062775802195;-2511.40141814794
73.2730683697483;42879.3941276377;1930.5845809371008
1.998591400589468;449.5919637727077;-192.07001038779902
0.0
63.999640182812364;-15.337709496735211;-2486.987938576305
73.2610360242645;42915.05582538059;1930.9533541972223
1.9998341517547338;449.4702591919986;-192.37829274292108
0.0
63.57663792176417;-15.311681454049554;-2492.075230756693
73.28143850267712;42892.23452732275;1930.1364791317196
1.9996147043217118;449.8744880839378;-192.34266775069324
0.0
63.919478034429254;-15.329739511424744;-2506.767795237873
73.25376731763964;42924.22730744245;1932.2514453211343
1.9996840039038157;448.53445378779406;-192.12538138431012
0.0
63.67896526333789;-15.292496591088337;-2509.5398568817864
73.27546561111687;42879.21911374919;1930.4181022267574
1.9991549837045424;449.7071169164674;-192.07154017516646
0.0
63.750594370283714;-15.306841024603509;-2512.72037074966
73.27074526720503;42887.3691434798;1931.0011720308657
1.9990901478028198;449.57692370853863;-192.01839087795602
0.0
63.81684510461482;-15.313860351326316;-2513.1627999743328
73.26711615728809;42906.297829079274;1932.3632922172744
1.9989376003948849;449.6243359785704;-191.9296875597749
0.0
63.751878179149706;-15.327208467273097;-2487.432630012058
73.27021854613487;42910.56781058273;1930.7282367252867
1.9999561822133918;449.96389473990575;-192.37823550126092
0.0
63.437833988753816;-15.299258231511699;-2491.1255226915296
73.29794352286865;42889.15506596807;1930.0630120629078
1.9996273532242241;449.9481653376974;-192.27546323028585
0.0
63.61974415144128;-15.316519480984837;-2499.239088236358
73.2798878885564;42889.088309569896;1930.2895248838502
1.999945334592953;449.8281800966413;-192.22127114011195
0.0
63.76587384288486;-15.315788251987673;-2508.767211702722
73.26760303244242;42888.48881630354;1930.9062484364315
1.9998301970837862;449.81489651684;-192.0875174055799
0.0
63.75896626537292;-15.314312506412707;-2509.479118963844
73.26899923692307;42887.51956060043;1930.9332393470454
1.9994493044294688;449.73855901524115;-192.0617852736968
0.0
63.74603704684343;-15.302159148474193;-2511.618780886395
73.27249066978096;42885.37314105067;1930.9714611804177
1.999536794931876;449.6791049557588;-191.97903305732714
0.0
62.31189260882768;-15.219793603912388;-2422.3219019008616
73.44314635678377;42935.10746162407;1929.7823206363948
1.9953760372327536;448.6988900269781;-192.75199604769864
0.0
62.89833771504448;-15.246140266533072;-2454.9290318580033
73.35972669512088;42910.730595034496;1929.8222610762193
1.9997352046189536;448.0362174184981;-192.49227029081248
0.0
63.79577315435677;-15.333317568528068;-2485.216933062519
73.26151747204473;42914.25793130714;1930.8238978456461
1.9995681021714888;449.4758396848287;-192.41400370969367
0.0
63.79604366960723;-15.333028922840962;-2485.237770179957
73.26151568985917;42914.384666716556;1930.8330362026995
1.9995671889335778;449.4750920883776;-192.41320268260114
0.0
64.34197446365333;-15.33965553055118;-2486.570986932868
73.26091953732798;42915.82793446337;1930.9803169708453
1.9993338949556911;449.32712604751185;-192.37971597909868
0.0
63.523875996829354;-15.309926147884738;-2486.8039384579583
73.28782780742827;42901.271585141214;1930.2601738549001
1.9991386687957002;449.7842513332414;-192.3758793678212
0.0
63.489113982690746;-15.310282046169224;-2486.18659596993
73.29146077766438;42901.13429083439;1930.2686830363834
1.9992193716825166;449.6735182144844;-192.37585562625506
0.0
63.91241536573418;-15.331290647356889;-2505.861105618668
73.26051375611532;42923.93642075512;1932.2117197087366
1.9998445869768147;448.1003028979497;-192.1331413415114
0.0
63.667564479292245;-15.304374643427742;-2507.919890758928
73.27701666964275;42882.12484968463;1930.5308636828518
1.9987371545424915;449.45408082811343;-192.11582424170996
0.0
63.7399072145234;-15.332099574964676;-2484.381535508065
73.26917344745945;42916.36679713701;1930.7592518014815
1.9997006879537949;449.7070478683111;-192.4131550557847
0.0
63.80000647915425;-15.332761760749666;-2485.721312707518
73.26120803665421;42914.29871326835;1930.856677682011
1.9997395674640759;449.65842534220866;-192.40534749870858
0.0
63.800827688080275;-15.33306762738428;-2485.9572659266223
73.26120235746929;42914.168249586226;1930.8640627414736
1.9996433026359213;449.66041255742215;-192.40131277464127
0.0
63.797963951508635;-15.332616783798953;-2485.5174014116005
73.26119898429265;42914.795421563205;1930.8950642706748
1.9996077017529483;449.56417058285945;-192.40011071144804
0.0
63.44240371116419;-15.306219509359472;-2488.431962648069
73.29677299647645;42900.539454238635;1930.3647682022834
1.9999205187400744;449.403831599283;-192.3112269994518
0.0
63.919384617940295;-15.331963639816488;-2506.471697494467
73.25638469316874;42924.78460925237;1932.2641903962567
1.999872590711425;448.60401539918956;-192.1305079872484
0.0
63.88393833957819;-15.32384737314315;-2507.5091732129035
73.25530736464853;42926.57298116689;1932.3806976033725
1.9999958701400373;448.53501386071093;-192.11066372353608
0.0
63.796056349638164;-15.316767706965516;-2508.9740084697764
73.27159838904686;42889.65032073477;1930.8435692629391
1.9996381881143381;449.55652982236984;-192.1012666120383
0.0
63.69296456906976;-15.305597101229102;-2510.383604127396
73.27341422713718;42883.90998686853;1930.6633642050115
1.9987608127781944;449.46390043498394;-192.0872728427162
0.0
63.34589589754884;-15.298014842615807;-2487.5408605089556
73.30551113959577;42895.25536818305;1930.0697209754196
1.9999237153839124;449.68053525172655;-192.33598888570037
0.0
63.476979724785664;-15.30639083275028;-2489.0810492057008
73.2931908723055;42900.253530469745;1930.3706434990438
1.9998541422760403;449.5977268133481;-192.3094508254152
0.0
63.476979724785664;-15.30639083275028;-2489.0810492057008
73.2931908723055;42900.253530469745;1930.3706434990438
1.9998541422760403;449.5977268133481;-192.3094508254152
0.0
63.476979724785664;-15.30639083275028;-2489.0810492057008
73.2931908723055;42900.253530469745;1930.3706434990438
1.9998541422760403;449.5977268133481;-192.3094508254152
0.0
63.919622457134096;-15.331462978641806;-2506.4769653837284
73.2569816211157;42924.647805885485;1932.2586013993723
1.999892984679323;448.64555112087595;-192.1303357612332
0.0
63.62453707740035;-15.30314898814997;-2508.0301471270745
73.27949485925367;42880.04457363099;1930.471567653411
1.9996269976277152;449.7716154651035;-192.10638206874683
0.0
63.759643635493404;-15.315524419289986;-2508.830704002828
73.26834232540847;42890.03590013685;1930.976302449383
1.9997763325497748;449.9021083753515;-192.08089457856295
0.0
63.764271024628215;-15.312490377451594;-2514.019547491182
73.27118989385764;42887.687013236435;1931.162881519199
1.9998894834679997;449.63260242514946;-191.95846384320626
0.0
62.365004030498596;-15.219740895498388;-2422.9858943364648
73.47071236701164;42938.43698789048;1929.8168375000917
1.998898183135458;448.1469050016731;-192.76141101316796
0.0
62.75815035972947;-15.251812815688004;-2449.24168342801
73.37681460413476;42922.983324410656;1930.1022303585044
1.9994579842264157;448.03378689267146;-192.547801904767
0.0
63.18054379875012;-15.25980018538986;-2471.3218265707906
73.33691162027104;42900.61569490631;1930.1687791343975
1.9976182965567897;449.077316240193;-192.29012877796436
0.0
63.29008734691718;-15.255659417379448;-2483.720484172028
73.3249677429822;42896.14725408234;1930.4087399642508
1.9986112015765294;448.51022879394566;-192.17278387689132
0.0
63.85165873969897;-15.32144224925004;-2500.8633556450977
73.25727730571897;42931.59212565645;1932.4167930795934
1.9998697771735177;447.9234565474376;-192.1681830119736
0.0
62.8506291054082;-15.252921870981893;-2452.5075097209383
73.37862759630646;42916.81166178596;1929.882984850876
1.9992611073638797;448.16265274612886;-192.52041324589527
0.0
64.40149488541532;-15.340307069552889;-2487.0024045880978
73.26092427457012;42915.977906798194;1930.9913762366905
1.9991154854797475;449.3663796731598;-192.37861109094126
0.0
63.221521866238014;-15.261166158948575;-2472.401660833996
73.33634083213113;42899.501463629684;1930.2251415439207
1.9981771776573507;449.37894700802127;-192.26281243275113
0.0
64.06278137026845;-15.33649449832438;-2504.0980769765533
73.2565429194077;42929.757835052056;1932.4219024790038
1.9998136280192327;448.1285293867591;-192.15902378787837
0.0
63.796231247031606;-15.33442872786865;-2484.4470855657996
73.26171528311863;42914.842757298386;1930.8498177910717
1.9994894442538866;449.45838032508294;-192.41498435802922
0.0
63.796231247031606;-15.33442872786865;-2484.4470855657996
73.26171528311863;42914.842757298386;1930.8498177910717
1.9994894442538866;449.45838032508294;-192.41498435802922
0.0
63.796231247031606;-15.33442872786865;-2484.4470855657996
73.26171528311863;42914.842757298386;1930.8498177910717
1.9994894442538866;449.45838032508294;-192.41498435802922
0.0
63.796231247031606;-15.33442872786865;-2484.4470855657996
73.26171528311863;42914.842757298386;1930.8498177910717
1.9994894442538866;449.45838032508294;-192.41498435802922
0.0
63.796231247031606;-15.33442872786865;-2484.4470855657996
73.26171528311863;42914.842757298386;1930.8498177910717
1.9994894442538866;449.45838032508294;-192.41498435802922
0.0
64.00591082586256;-15.338071112692072;-2486.394954665002
73.26196459917426;42914.5375107017;1930.8659818223628
1.9996604362285961;449.4289244642867;-192.39805675491544
0.0
63.078827678717;-15.254628262538278;-2467.9472689076174
73.35770279933843;42906.06840080897;1930.1554416299953
1.9997771730932212;448.78838442761753;-192.36097325407903
0.0
63.344259350943325;-15.295567674654325;-2486.751542728963
73.30801892868035;42896.7144134335;1930.2884214060718
1.9993541370402637;449.8210987929685;-192.28048581551903
0.0
63.6135061891247;-15.299057124819482;-2505.9672569027143
73.28224625528138;42883.26789657075;1930.5017386927627
1.9990823374239655;449.7527754104305;-192.1200937652301
0.0
63.64137191455697;-15.30430099520764;-2507.7998516626412
73.27850144439368;42882.61483624844;1930.5674210176403
1.9988513420846183;449.39062564598817;-192.11092691584903
0.0
63.678801108184615;-15.304649192466304;-2507.848628106706
73.27581219795844;42885.56194203707;1930.6817943570948
1.9986411408153135;449.40901592389747;-192.10824869948502
0.0
63.801714148421944;-15.33247244834416;-2486.4863067924166
73.26125933546926;42914.16918703108;1930.8880005439382
1.9997245209508;449.67244190735073;-192.3920133895991
0.0
63.42966238620826;-15.30671664888937;-2486.9779914036017
73.3008910777036;42902.27797034682;1930.3232618493855
1.9998703531080742;449.5842592682316;-192.34102203241298
0.0
63.33824563384172;-15.288784400577411;-2483.2426777127016
73.30814497388533;42897.86401169689;1930.2449447404122
1.9996909376832241;449.9053291334404;-192.30567506391276
0.0
63.79692890415723;-15.317238170835015;-2509.8864290590595
73.27112633121847;42893.441581145045;1931.1339227218148
1.9997450616464671;449.5751950605932;-192.06584782010515
0.0
63.79695330320999;-15.319284092334126;-2512.1323485649223
73.27016062110341;42898.546304534895;1931.5050557274628
1.9998079854371276;449.5394445949376;-192.03624222665616
0.0
63.72533790377203;-15.30643974454438;-2510.8912130861
73.27381650740398;42887.40985744021;1930.9634161577299
1.998749298282791;449.72531293383537;-192.02506314070078
0.0
63.73741214090347;-15.30938107795278;-2510.5053047853867
73.27260986417818;42890.885315762054;1931.1154377874504
1.9988242378891128;449.6815775868968;-192.01777349308364
0.0
62.446108242278775;-15.240864880381213;-2427.826962914147
73.42434324420627;42938.6671911261;1929.9396642559998
1.9975156256915712;449.1697362272626;-192.7590156964876
0.0
62.43618225449446;-15.224242278645466;-2430.1432521560746
73.42547487391732;42935.64889187524;1929.9766669642117
1.9982627341434227;448.04653030084717;-192.68504567762122
0.0
62.480153565572465;-15.224246284003375;-2430.7853182223507
73.4292679484785;42935.22868318444;1929.980669264693
1.997839122262866;448.01330019154756;-192.6792919385584
0.0
62.51436968571028;-15.235360385840506;-2436.1500189748863
73.40589995005195;42932.62030665495;1930.0164454558549
1.996494154358157;448.494092456005;-192.65023376110454
0.0
62.49915593863761;-15.242898200130451;-2415.8493710607136
73.44616561843057;42928.65150069829;1929.910545831659
1.9979559828514954;448.3996577674696;-192.64344397553072
0.0
62.760776185685586;-15.251717526027479;-2449.299711151932
73.38103439695809;42922.80081523924;1930.0956547076808
1.9994878915126602;448.05493219077294;-192.5481196889756
0.0
62.732380263451695;-15.259651304117886;-2448.7568364724307
73.38736306337758;42918.92891356516;1930.045576059946
1.998987184583075;448.22279582990046;-192.53811402011624
0.0
63.140291425727185;-15.259517653343;-2472.1697242785667
73.33695061387212;42902.271266634474;1930.1730644891268
1.9977730431692777;449.01924380241644;-192.30323500716273
0.0
63.79588915724238;-15.33788006192005;-2484.4331313938005
73.26162982469792;42915.92474163736;1930.9016135142194
1.9999903384689244;449.52570808405625;-192.41529148626717
0.0
64.17921784385625;-15.341599594096362;-2486.5123609282628
73.26307154606991;42915.363491341355;1930.9079839983458
1.99978982213282;449.40606196053153;-192.39517998402158
0.0
64.39511946409648;-15.339713793218902;-2486.9738967273165
73.26093364983913;42916.38348427514;1931.00793056396
1.9988175673205855;449.3769443758086;-192.3791594465512
0.0
63.201258473619994;-15.251559253864558;-2477.691672483871
73.32916735741594;42902.49638272234;1930.3042884588087
1.9989641411008652;448.5040456133187;-192.25868705050559
0.0
64.35123942467835;-15.339373390724186;-2487.7952528893757
73.26095400897876;42916.24461942339;1931.0224640305862
1.9991720309093415;449.3783744207088;-192.37126735385993
0.0
63.61891064741236;-15.303461267399525;-2506.130480794615
73.28327467579317;42887.065021905204;1930.660986318219
1.9989713751884315;449.92193725523606;-192.12563457971035
0.0
63.60214189335943;-15.302396374485383;-2505.4041563238966
73.28632152784212;42885.83557788618;1930.5969419491596
1.9991578729739223;449.72520438315894;-192.1226168564309
0.0
63.690669522953286;-15.315070515623827;-2507.4974676042425
73.2755649623738;42893.948973381186;1931.067813752751
1.999842160986449;449.0564381235679;-192.07876799193522
0.0
63.804426297137596;-15.332066507789728;-2488.288291755585
73.26255711203004;42915.53444166072;1931.1175300547416
1.9996184431428157;449.51648887138555;-192.34600260127235
0.0
63.693421019901145;-15.316355277923702;-2507.790097475745
73.27517821829062;42894.105808616456;1931.085898261589
1.9999392250565748;449.14816114713204;-192.077209280224
0.0
63.42467624278958;-15.306436998525989;-2485.9843501168552
73.30443975717195;42903.22569856809;1930.3263895319178
1.9998778333081024;449.55654916287983;-192.34587354732588
0.0
63.81392300928371;-15.32972313963207;-2491.1668279498213
73.26191741944213;42915.32559724884;1931.1243075475054
1.999744617692788;449.97591777427874;-192.331582294832
0.0
63.67396346785121;-15.312908884107303;-2507.3984861857
73.27795167485876;42894.13256914855;1931.0616111749084
1.9999542146653886;449.400092051784;-192.07686209148457
0.0
63.60544782658312;-15.315635159794159;-2500.988811447216
73.28071406891283;42893.53168350638;1930.5707990102908
1.999911750552592;449.8221507908722;-192.2195362830475
0.0
63.66149889653388;-15.321548581721151;-2499.7591185170963
73.27746843591316;42900.48049643482;1930.8933378119648
1.9998916855694207;449.9399467482169;-192.1904221156774
0.0
62.116019811865606;-15.216535237581589;-2410.855228913344
73.49987618637216;42952.246831409095;1929.9470857610315
1.9994488581636538;448.0481384178736;-192.85075392561862
0.0
62.38911226968691;-15.222987015242053;-2427.936408398273
73.44202424022782;42937.35096069589;1929.9780272038004
1.9975416712854754;448.3522277707805;-192.69928433055244
0.0
62.40353971926874;-15.223502069147946;-2424.2618110859908
73.4306806764587;42936.78565385606;1929.9874245440403
1.997171396094127;448.51880273336354;-192.69155859734306
0.0
62.606870706149486;-15.244492223286713;-2440.8642154970285
73.39159445187597;42932.76677845256;1930.118767109819
1.9996425860252063;447.90201965720775;-192.64524860589577
0.0
62.525631779460724;-15.22920294700874;-2436.8707262777075
73.40385175900889;42932.17427431724;1930.080812307464
1.9962618840061905;448.53548821013;-192.621333622343
0.0
62.72902952599796;-15.262143245926826;-2447.440400913996
73.38868745348918;42923.114815318826;1930.1691025708806
1.9993076744951928;448.1918994727411;-192.54826370670813
0.0
62.951336302649565;-15.252530467346228;-2464.116756862944
73.35466793454012;42914.407553808574;1930.3892429529467
1.9986878379641655;448.1855958736567;-192.37894076880463
0.0
62.951336302649565;-15.252530467346228;-2464.116756862944
73.35466793454012;42914.407553808574;1930.3892429529467
1.9986878379641655;448.1855958736567;-192.37894076880463
0.0
62.951336302649565;-15.252530467346228;-2464.116756862944
73.35466793454012;42914.407553808574;1930.3892429529467
1.9986878379641655;448.1855958736567;-192.37894076880463
0.0
62.951336302649565;-15.252530467346228;-2464.116756862944
73.35466793454012;42914.407553808574;1930.3892429529467
1.9986878379641655;448.1855958736567;-192.37894076880463
0.0
62.951336302649565;-15.252530467346228;-2464.116756862944
73.35466793454012;42914.407553808574;1930.3892429529467
1.9986878379641655;448.1855958736567;-192.37894076880463
0.0
63.78304127891132;-15.335715625387262;-2483.4752274426055
73.26206065976201;42916.7296964275;1930.9053199854875
1.999946998354479;449.45142496482805;-192.42583879698142
0.0
63.34257106962267;-15.298307853718145;-2480.6905012010543
73.30491067937876;42908.94034674087;1930.4507013793784
1.9996590500401594;449.8008337482103;-192.42570175945613
0.0
63.39439750635705;-15.307917172981007;-2479.843595396633
73.31095783119719;42910.038540939626;1930.4390081254387
1.9996272501045833;449.6218276206176;-192.4010718834707
0.0
63.01293268569204;-15.262957337562353;-2466.454401735679
73.37046835422687;42909.44961046286;1930.1776087389917
1.9996788690276213;448.3434277318687;-192.38828646208663
0.0
62.994662428393966;-15.253485284558895;-2464.973142308411
73.35797796989382;42910.7838078079;1930.2542515319176
1.9994375022790432;448.4595746717513;-192.37756833133713
0.0
63.18500399729444;-15.266781193398819;-2471.5804215456224
73.3480407984539;42910.40428340082;1930.4303956790989
1.9978465707175528;448.8761689821605;-192.3297971363654
0.0
63.23158891874705;-15.254877109175451;-2481.641482951369
73.32521510787801;42903.68924549191;1930.56855460505
1.998734407728335;448.329616493852;-192.20044897001856
0.0
63.78756839132226;-15.336691528657418;-2483.717778765115
73.2617772776608;42916.34733893796;1930.9113312603927
1.9999766571213395;449.4552815865819;-192.41835024117614
0.0
63.820648157360345;-15.32904989660398;-2492.456691718788
73.26199687061482;42915.66221236265;1931.2008895407953
1.9998001424250766;449.96525846651315;-192.31129012487096
0.0
63.48721374817564;-15.30718823963476;-2493.8910458748583
73.29309014184452;42901.55034337813;1930.635317913256
1.999904714472361;449.61776940124884;-192.24251942884882
0.0
63.50073390494506;-15.299283411050295;-2496.891839879928
73.29536189980146;42896.74967748213;1930.59457142951
1.9997179567356151;449.9232763475387;-192.17222170243042
0.0
63.51554387180458;-15.300801584440633;-2497.068556734928
73.29521374802466;42898.07744086328;1930.907278602928
1.9994200763835714;449.6898116845158;-192.1181859089966
0.0
63.66418156404748;-15.313454518973618;-2507.390732440656
73.27794598599884;42894.39539321061;1931.0733410365144
1.9999372215572235;449.3361625778519;-192.0772248350533
0.0
63.69855496988998;-15.313995282397324;-2509.7797927653282
73.27834493409935;42894.13299991069;1931.1505687433146
1.9994737533102185;449.6351137472913;-192.0500225563606
0.0
62.33630941942973;-15.223383702933287;-2418.6731263483657
73.44060176935476;42941.56313433563;1930.0049537602258
1.9965668609583354;448.9095970147561;-192.7433314258983
0.0
62.377206588204835;-15.227834142679493;-2423.7913331940917
73.43177578729585;42938.333623621504;1930.0584613253945
1.9974973828212235;448.5196370029068;-192.69405087407515
0.0
62.753205519893726;-15.251180804191717;-2449.196429873336
73.37859314614296;42923.902883802424;1930.1866403854076
1.9999147791366276;447.8766441495663;-192.5342427301973
0.0
62.81461932467249;-15.262961601562118;-2451.4853347030617
73.38129953573464;42923.4689480837;1930.2823043224696
1.9998376142364747;447.89982113012866;-192.51614392410966
0.0
63.01085853441406;-15.264792931610993;-2466.1595458971033
73.36157851448573;42911.75149892283;1930.2944581193626
1.9995349530574558;448.39815172451375;-192.38577117155234
0.0
62.36114098279836;-15.22443929462176;-2421.670762834883
73.43945062510825;42938.16937079174;1930.0333460871464
1.9976229110973533;448.5794692859998;-192.69226643075837
0.0
63.36937672838565;-15.3027071289278;-2473.983105309547
73.306833079921;42915.48925776027;1930.4737335787684
1.999790499287052;449.8378693685412;-192.5253127842571
0.0
63.78452287007831;-15.336091807959196;-2483.6083855604606
73.2618760856371;42916.694794618976;1930.918655798202
1.99991498183491;449.480776213957;-192.42143682155833
0.0
63.32575302337306;-15.2696232991957;-2486.1408580842362
73.32298021123577;42902.733426139064;1930.6295390243447
1.9993115417798633;448.7502831891465;-192.18042897230694
0.0
63.31526965346371;-15.27402241132502;-2485.647532619874
73.32658737935623;42899.44660524652;1930.5995184830606
1.9999507095402806;448.6929978822915;-192.1614442503986
0.0
63.398116475376305;-15.301391522619737;-2490.889965796365
73.3119392018376;42908.95446407434;1930.783775927978
1.9998755378450555;449.91305815941183;-192.24088896402154
0.0
63.55476098564978;-15.311339118892999;-2499.7543046082105
73.28922214783974;42901.7090645126;1931.0937749735983
1.9999761760587822;449.74859438611134;-192.1379818149806
0.0
63.455578833353;-15.303713367903732;-2496.5637263122844
73.29901362496115;42899.06017834612;1930.890799644182
1.9994362701917368;449.67910956191145;-192.12961144773655
0.0
62.2311225467613;-15.222144822974554;-2418.4523067155947
73.44136845761714;42948.00732329787;1930.0991400871183
1.9969133743938676;448.7970223924454;-192.77581989637648
0.0
62.25738173287901;-15.22442129788599;-2412.3018791162253
73.44828766468622;42945.651456297834;1930.1285595779455
1.9970835505209046;448.75960244278866;-192.74317325605375
0.0
62.33315359968099;-15.222797772491573;-2419.9327425334495
73.43535811602489;42942.21017306923;1930.1396643890105
1.9965061403518698;449.06063254356314;-192.68520356513235
0.0
62.638489158623045;-15.268017116781667;-2447.2100441705593
73.38800197845417;42930.836349746234;1930.4166991502939
1.9990005911259607;448.3065360549554;-192.56893098599426
0.0
62.94928679237383;-15.254368072238094;-2463.820636097333
73.3549795365907;42916.713928754;1930.5062728452988
1.9985463870291063;448.2347913078511;-192.37643291530853
0.0
63.78797572768711;-15.32957409278427;-2487.4161545409265
73.26274215419544;42917.03063191716;1931.0875258538886
1.999604291738385;449.67596330617766;-192.3653961017451
0.0
63.30479301149113;-15.259707988827412;-2483.6314695917104
73.32770397470888;42903.01694150092;1930.6004785854393
1.998860979506037;448.28487324345235;-192.1874855033848
0.0
63.392001307182056;-15.293565833723589;-2488.365241251226
73.30894477154476;42912.44909364938;1931.1777305741393
1.9981212287845014;449.96895716220723;-192.18369439413743
0.0
63.37610882580075;-15.289477164952237;-2488.324693581013
73.31169572257802;42908.2669351194;1930.9751564841122
1.9984620237028097;449.77579249866795;-192.17215698004077
0.0
62.160361135646745;-15.218437646044475;-2410.321722989451
73.45299338122487;42956.18722251302;1930.1423134760928
1.9985796106421294;448.37137006521243;-192.85791192185613
0.0
63.01963671113473;-15.271837556756951;-2464.891443269497
73.35101678884006;42923.80425752203;1930.7464952251403
1.9978676403175322;448.43359126099875;-192.40563751284012
0.0
63.00006937760381;-15.263633725908031;-2464.0798605206883
73.35069343090419;42919.567515559;1930.8259304070975
1.99926044595763;447.70708966942345;-192.30695082009441
0.0
63.73728289688543;-15.329961531957164;-2480.5652260402326
73.26436558359161;42925.20741157256;1931.1565504144005
1.9990931397118104;449.192936901731;-192.48027935770608
0.0
63.09545313971237;-15.269523436711397;-2467.9423482300526
73.34102211346598;42919.570175789195;1930.8272132670959
1.998790660928671;448.65345408987423;-192.3528168797961
0.0
63.18353738584792;-15.268148459492728;-2471.491732738914
73.33783605632274;42916.941858008795;1930.8456247128568
1.9987458744618098;448.67684305306705;-192.31156591638643
0.0
63.31143308039748;-15.257557920326807;-2484.0397754077653
73.33370016988229;42903.0658075401;1930.8999424446251
1.999577697007875;448.6533124636715;-192.1171548008505
0.0
63.8093279598356;-15.332782453613033;-2487.013536200367
73.26307992917027;42919.97067245926;1931.3488457285473
1.9997883903731017;449.654713767427;-192.34029836828378
0.0
63.8453428324821;-15.333155757163928;-2494.441679151019
73.26286479105048;42922.07492335564;1931.7501312538957
1.9999891734604087;449.9117467060515;-192.23434283431985
0.0
63.75279154442878;-15.330727712465702;-2485.13113830124
73.26848383959549;42926.65453911484;1931.532622574556
1.9996587458187358;449.63010104308876;-192.3508483368182
0.0
63.79454693930621;-15.324584455983057;-2496.7531837852875
73.28124084063435;42926.28676780668;1931.8782422858128
1.9998343998162866;449.46805940573876;-192.22493658394214
0.0
63.66634962874445;-15.326117359448922;-2485.6412691217297
73.28290377325598;42926.97983409881;1931.5569436547796
1.9990658549414495;449.51894048265467;-192.33743671500852
0.0
63.78561882245734;-15.323294522326211;-2496.107944239722
73.27512203247323;42930.368258726056;1932.0280591925955
1.9997845993962176;449.45882676824266;-192.24518595556077
