200
4
0.0
63.199871512748125;-15.27166875798881;-2504.230802521061
73.28439086968059;42815.41342037888;1927.5189409648253
1.999537526303835;449.9403917925053;-192.72532789493116
0.0
63.21944500587531;-15.270122417087062;-2508.0559513857656
73.28322414962028;42814.165283617425;1927.6300421814165
1.9998878260754063;449.88946421703616;-192.6721954437688
0.0
63.24316942005317;-15.278396318842205;-2510.312754809812
73.28192936086727;42815.39900218574;1927.759550006054
1.9994938303839789;449.8723368237278;-192.65161121876744
0.0
63.548005418632705;-15.337917590730891;-2518.802358367608
73.25619722084853;42835.30760197779;1928.8549228621616
1.9990848971337258;449.93862311000163;-192.61109861580988
0.0
72.71019011923211;-15.563273002076993;-2526.335855220187
73.25153100826269;42891.35142518314;1930.0723993093302
1.999662862908838;449.5932884954444;-192.61021408648364
0.0
63.335477591088555;-15.297182558260316;-2515.861753327875
73.27334630538954;42820.64402058939;1928.1674764171341
1.9992508999857428;449.8315424788629;-192.60974001976777
0.0
63.335477591088555;-15.297182558260316;-2515.861753327875
73.27334630538954;42820.64402058939;1928.1674764171341
1.9992508999857428;449.8315424788629;-192.60974001976777
0.0
63.335477591088555;-15.297182558260316;-2515.861753327875
73.27334630538954;42820.64402058939;1928.1674764171341
1.9992508999857428;449.8315424788629;-192.60974001976777
0.0
63.33712712739033;-15.296346160332652;-2515.91457866125
73.27314434900552;42820.43070169944;1928.1676252888092
1.9987743464091785;449.900336381484;-192.60659204411664
0.0
72.9041164058588;-15.564115793567868;-2528.7207173074903
73.25141573684466;42891.01972879695;1930.1389317799
1.999870483917255;449.4167502351913;-192.56802098042954
0.0
63.301752757402305;-15.27764005230518;-2520.427705500289
73.27745133213062;42809.57963165558;1927.811802442898
1.998964250540552;449.8851249921105;-192.5363484166727
0.0
73.61315161500073;-15.587814491167192;-2523.7845574586913
73.2511741545822;42913.54754929126;1931.3367473336027
1.9994600318868023;448.3068192748146;-192.52198528483163
0.0
73.56206268387463;-15.587621757092094;-2525.1435580210837
73.2510688985017;42912.87250538486;1931.3661625348857
1.9994002272929392;448.2041929191492;-192.5033140606511
0.0
63.34118814414598;-15.283300156594088;-2526.456354796013
73.27498881171064;42809.63268020506;1928.0318468256075
1.9987414452440777;449.95258167626844;-192.46457027785
0.0
63.34158582741786;-15.283488708042691;-2526.62503024995
73.27498004601419;42809.602448090474;1928.0364968422764
1.9986548593720783;449.98468666893837;-192.46283431404888
0.0
63.35217069462103;-15.28447758527246;-2526.9916393655885
73.27398336056277;42809.37375760111;1928.0540524319817
1.9984974733354022;449.9777274680875;-192.4610153019697
0.0
63.34799955017206;-15.283629169776823;-2527.036001684095
73.27445696846901;42809.32873162638;1928.0467545638721
1.9985516003723618;449.97081857912275;-192.45863216828192
0.0
63.40641385078182;-15.291416501533941;-2529.3793874722114
73.27023317835656;42809.67867229596;1928.17555603458
1.9985788146533114;449.9168476928978;-192.43342278339796
0.0
63.504321982516416;-15.296874099861613;-2533.4213222376925
73.26195906590512;42809.06397851496;1928.3095116133984
1.9990608441227211;449.83307291803254;-192.39794258831603
0.0
74.52189819784859;-15.602917552742761;-2526.2383693095844
73.2507069756057;42932.46368509895;1932.6422985392544
1.999926245327198;447.2554630473769;-192.3891545049445
0.0
74.5097282180758;-15.603184104549541;-2526.2053048748808
73.25068904749409;42932.5215922082;1932.645964355492
1.9998898247368524;447.243419235634;-192.38904595641026
0.0
74.38702278537129;-15.597238066745781;-2527.6459780677574
73.25084049254113;42929.62895104647;1932.5756288794535
1.9998039967466856;447.101715544818;-192.3760095986139
0.0
63.57167395023987;-15.299034266853193;-2537.091434894837
73.26152824837234;42807.135071214296;1928.3714103379898
1.9984723161282123;449.9145886023316;-192.3577918443654
0.0
63.581668809548574;-15.298799724850632;-2537.267701315658
73.26171843979829;42806.55908835107;1928.3543855233947
1.99872869332137;449.8542163827176;-192.35620839112653
0.0
74.87705129481196;-15.611782256054985;-2530.103109852163
73.25051433966595;42937.35121215222;1932.9713112351324
1.99983607609933;447.09479393898374;-192.32958144587292
0.0
75.25418663362957;-15.616395715708421;-2524.7814556742783
73.2502723014871;42949.09791488141;1933.471278056525
1.9999173554637049;446.1966373290536;-192.32807467211046
0.0
75.29657636791781;-15.617575840331273;-2524.6174741269865
73.2502670404716;42949.35132560952;1933.4881540224665
1.9999822991502454;446.18763358651523;-192.32675357002327
0.0
76.82449904470512;-15.649266429807575;-2526.3006642395558
73.24992561864727;42960.50129600502;1933.9135945541032
1.9990089004580704;447.36271497094253;-192.26490109796427
0.0
76.64617249906838;-15.638475624480431;-2523.088960301496
73.24980289949957;42968.09341040957;1934.169316369201
1.9995470514022236;447.26311535624217;-192.23221949137016
0.0
76.56921749322366;-15.634666071643046;-2523.736925785941
73.24984578809229;42965.622244907274;1934.101784246429
1.9996847574499566;446.97143876859894;-192.22643623363956
0.0
76.80440894065646;-15.639128734177373;-2536.381331729369
73.2502496158971;42946.01802917024;1933.6244932255981
1.998860522447197;447.84023582372953;-192.16875214169877
0.0
78.4144829381593;-15.673484066845587;-2527.5617345213377
73.24956738414093;42966.228982086286;1934.4656879687554
1.9993670921167226;447.1372393449375;-192.16663759982907
0.0
77.82320193313647;-15.6665568526009;-2529.868144202525
73.24976918748514;42963.6211487468;1934.4272841407228
1.9990919132552427;447.02388602286914;-192.16088422462082
0.0
63.55046812558878;-15.358980165276572;-2526.7597455512478
73.2558943405346;42838.553464544806;1929.2680460916588
1.999940441770881;449.7769359485753;-192.54742183398574
0.0
73.25814899054559;-15.58224569297537;-2532.021989837533
73.25137854563758;42897.16723106905;1930.6324099776891
1.9997632386414987;448.9629925277732;-192.4943411628389
0.0
73.52131846924131;-15.586471046052173;-2527.8894245939086
73.2511614701847;42911.98060632754;1931.4074084036442
1.9998798261967499;448.6213414086573;-192.47845105347392
0.0
63.572497370840175;-15.332921895463773;-2531.4590486622237
73.25604773005273;42826.518519639;1928.961025333359
1.9995642513151766;449.96929413799063;-192.45421369113294
0.0
63.58975547095239;-15.31777230776467;-2535.3701516123233
73.25696110698728;42819.15470489864;1928.8620797869823
1.999757796740082;449.9563437466105;-192.38406066087575
0.0
63.58975547095239;-15.31777230776467;-2535.3701516123233
73.25696110698728;42819.15470489864;1928.8620797869823
1.999757796740082;449.9563437466105;-192.38406066087575
0.0
63.58975547095239;-15.31777230776467;-2535.3701516123233
73.25696110698728;42819.15470489864;1928.8620797869823
1.999757796740082;449.9563437466105;-192.38406066087575
0.0
63.58975547095239;-15.31777230776467;-2535.3701516123233
73.25696110698728;42819.15470489864;1928.8620797869823
1.999757796740082;449.9563437466105;-192.38406066087575
0.0
63.58975547095239;-15.31777230776467;-2535.3701516123233
73.25696110698728;42819.15470489864;1928.8620797869823
1.999757796740082;449.9563437466105;-192.38406066087575
0.0
63.58975547095239;-15.31777230776467;-2535.3701516123233
73.25696110698728;42819.15470489864;1928.8620797869823
1.999757796740082;449.9563437466105;-192.38406066087575
0.0
63.58975547095239;-15.31777230776467;-2535.3701516123233
73.25696110698728;42819.15470489864;1928.8620797869823
1.999757796740082;449.9563437466105;-192.38406066087575
0.0
63.58809454251028;-15.315056492103713;-2535.4177642144487
73.25698821709824;42817.22449945628;1928.7828338755103
1.9996622871231813;449.9435920720774;-192.38218738026205
0.0
73.33997123681053;-15.583020317788007;-2532.128624764846
73.25103205531498;42918.108714237744;1932.0840521433652
1.9999198334083932;448.08857677415557;-192.3815974145379
0.0
74.42485296146081;-15.602106866255633;-2528.6645648718613
73.25085123042193;42928.30749291321;1932.5113959272962
1.9999243096337527;447.3430101471525;-192.38092365318056
0.0
74.55811475358445;-15.602898880856225;-2527.6761695141804
73.25083347902007;42929.722066332324;1932.5807665671605
1.999912960536941;447.4931893258184;-192.3702320523061
0.0
74.41515645334024;-15.599930283555846;-2529.979873563812
73.25060388955926;42933.87892319508;1932.823514300601
1.999808127713675;447.51123038214297;-192.34610124513262
0.0
75.25241808841803;-15.61697658045363;-2524.7445904689753
73.25028192794298;42948.89169268098;1933.4714265161801
1.9999682446555853;446.1982273974407;-192.32712441618074
0.0
75.25234302376512;-15.617111973821352;-2524.7429388178653
73.25028241558871;42948.862376020086;1933.4705719039875
1.9999957498888579;446.1967359038799;-192.32708039818803
0.0
75.34166899922752;-15.618525411733263;-2524.645753879647
73.25030941468073;42948.628892075234;1933.4609667724055
1.999950052381465;446.2127955466609;-192.32605655966358
0.0
74.78477655362049;-15.610657068254628;-2530.796336408263
73.25055071704035;42937.21057791581;1933.0444205767135
1.9999370273063133;447.25951387139594;-192.31646204172685
0.0
77.20407752444699;-15.649402758088847;-2528.6395829118287
73.25011818699711;42948.45783510291;1933.4916697668891
1.9994036628187386;447.86232603198306;-192.24208308430772
0.0
76.7474027577777;-15.636989616848446;-2531.657800288407
73.25023252322111;42946.7766371595;1933.5047252789725
1.999463699455442;447.72943674893173;-192.22188688312667
0.0
75.61293816400354;-15.605320913626521;-2533.762495371943
73.25023655309309;42946.6243451193;1933.7037549434458
1.9993583897169056;447.52740530323473;-192.16602592724325
0.0
77.17313210573195;-15.648582750238273;-2531.8710266248468
73.24966877592304;42960.4519320872;1934.438133509189
1.999210635820248;447.0464996493684;-192.12495053979788
0.0
63.56983727325846;-15.324476607294482;-2531.3157284023027
73.25625559819596;42821.901770016775;1928.7618701865663
1.9997733755220415;449.9531457597057;-192.4522331006473
0.0
63.50895023312266;-15.311874017050721;-2530.531801870934
73.26071392163342;42817.48743104253;1928.5422324062133
1.9996970398979053;449.97572384423523;-192.44761055935166
0.0
63.415901722595144;-15.293141699255207;-2529.742467539028
73.26902489415039;42810.76828012692;1928.2363701844065
1.9997750826987601;449.71983704688887;-192.43279884957437
0.0
63.58579604169248;-15.31810836029253;-2534.9651046344948
73.25658515038259;42819.772158766835;1928.8849403036986
1.999652682165662;449.98138409858336;-192.38656255773742
0.0
72.27487730767979;-15.52260149693689;-2533.2812232232905
73.25177148373568;42877.62182103432;1930.186644463189
1.9999133104905606;449.1360280501688;-192.38240427689968
0.0
74.4097088149879;-15.60190115830345;-2528.827570730239
73.25088865175451;42927.524230654504;1932.501490762091
1.9999253193514226;447.36448223138234;-192.37943849099108
0.0
75.17464989512693;-15.614604254725473;-2524.735976762146
73.25032451484775;42948.022487397626;1933.4262315034302
1.9999964930034866;446.2277550506802;-192.32667326201923
0.0
72.9202191616745;-15.535471658956755;-2539.5686438416274
73.25139691537404;42877.068809912635;1930.2828065956483
1.9997950552923198;449.06519094473356;-192.31930618827346
0.0
76.58562294036108;-15.63829866710611;-2531.3650538843463
73.25004517931008;42947.20851278401;1933.5650001648496
1.9995635109797583;447.906976608259;-192.2065787456723
0.0
73.33434801544183;-15.577398716770194;-2532.6180716576578
73.25105584262224;42915.51734866499;1931.9457369373706
1.9999523762982783;447.8480360864744;-192.37849737240282
0.0
73.52632122694524;-15.584037421208569;-2531.4975659168576
73.25095735436794;42924.44297107247;1932.4234535023108
1.9999986233903253;447.81875887140575;-192.36314916447205
0.0
73.17508714278743;-15.569241636030265;-2534.1915474043185
73.25123486964738;42911.43479935349;1931.834566467726
1.9999448153791495;448.13492337165684;-192.36268192258865
0.0
76.67108356352051;-15.63906845877266;-2529.828295835373
73.2499726213317;42950.61432997008;1933.6112356100361
1.9999941125590188;447.82839767779143;-192.22746983934073
0.0
76.6818968289643;-15.638457096105894;-2530.5990308337664
73.24998089003385;42950.25696527009;1933.675958928343
1.9999758978400115;447.8261335281391;-192.20817433064602
0.0
76.6818968289643;-15.638457096105894;-2530.5990308337664
73.24998089003385;42950.25696527009;1933.675958928343
1.9999758978400115;447.8261335281391;-192.20817433064602
0.0
76.6818968289643;-15.638457096105894;-2530.5990308337664
73.24998089003385;42950.25696527009;1933.675958928343
1.9999758978400115;447.8261335281391;-192.20817433064602
0.0
76.13684365620364;-15.62780823638301;-2537.1713854360282
73.25037446233134;42944.07535477529;1933.618480063072
1.999968658840593;447.7937709750021;-192.16521923778697
0.0
73.1730960445196;-15.536435710596987;-2538.8266502741176
73.25130495456521;42883.386369802276;1930.6548309139573
1.9999598715001627;448.81513400375445;-192.30519440081463
0.0
72.87521054346011;-15.566965556050295;-2525.946585781528
73.25144964369322;42892.385411528085;1930.1394375249022
1.9996813137908387;449.4643323752487;-192.59481214927158
0.0
63.291475269560394;-15.282949504934251;-2515.6404895022606
73.27855924229921;42814.36227065808;1927.9071596858012
1.9993397556514718;449.93328749311087;-192.59041188722617
0.0
63.29053717385185;-15.282350547656593;-2515.6482504976057
73.27836164065927;42814.76122062076;1927.93101075425
1.9988231438243234;449.98682195990693;-192.58931490896114
0.0
72.89943530741603;-15.568725709579914;-2527.4391378802957
73.25142253047804;42892.84623313403;1930.210835122614
1.9997443482336028;449.36100447614166;-192.57401478512918
0.0
72.93939450772683;-15.567934218684947;-2527.9514806148977
73.25141064639878;42894.30816027838;1930.315785868642
1.9999225302573702;449.2716752749502;-192.56181725435832
0.0
72.95017321962955;-15.568900550202228;-2524.273174739381
73.25134774394412;42901.68773476069;1930.696088126015
1.9997531804822435;448.9241215828665;-192.5560353947448
0.0
73.74156218025007;-15.59102694519318;-2521.5423168974435
73.25114161930384;42918.04397412132;1931.4733237729042
1.9994227611053583;448.3277801264547;-192.54030901375017
0.0
63.57722640773103;-15.356856435043959;-2527.7932698452414
73.25593552022978;42841.78741469472;1929.4733970525144
1.9992415710506937;449.94295262780935;-192.5039426631145
0.0
63.3389274946751;-15.284577157247547;-2525.312394709028
73.27518963424542;42811.24424862843;1928.0794845627008
1.999304624676992;449.88485607138426;-192.4770005407331
0.0
63.33918987183769;-15.28458802604784;-2525.3023431565675
73.2751662817428;42811.34014870697;1928.0846691192162
1.9993402270900058;449.87919514261404;-192.47684232223165
0.0
63.34763777575953;-15.288972476912559;-2525.9886252783817
73.27419570217083;42812.55341584969;1928.158905659273
1.9990407486987611;449.9087873401008;-192.47432326147216
0.0
63.347201212884165;-15.287032772262757;-2525.951908184729
73.27429993634743;42811.77531650805;1928.1233646101302
1.998988213555606;449.87385555849033;-192.47276381213777
0.0
63.347494504772925;-15.287750355185318;-2526.1016846505095
73.27428655608571;42812.06253426919;1928.1421100830128
1.9990349090287336;449.86703147995235;-192.47144487587474
0.0
63.39663883683511;-15.292945007727138;-2528.5755366907006
73.27056276309452;42811.86587288565;1928.2387529925688
1.998806581381968;449.88339314485415;-192.4442894017343
0.0
63.40340179412756;-15.295380036218994;-2529.2188766479617
73.27009124363505;42812.28805301407;1928.2797360148322
1.999151727035955;449.8575002253592;-192.44040526050654
0.0
63.39813314231444;-15.293588497072381;-2529.189136327973
73.27058611202145;42811.581140131195;1928.2470617156207
1.9986953839656134;449.90188814631233;-192.43901726046687
0.0
63.39813314231444;-15.293588497072381;-2529.189136327973
73.27058611202145;42811.581140131195;1928.2470617156207
1.9986953839656134;449.90188814631233;-192.43901726046687
0.0
63.39813314231444;-15.293588497072381;-2529.189136327973
73.27058611202145;42811.581140131195;1928.2470617156207
1.9986953839656134;449.90188814631233;-192.43901726046687
0.0
63.39813314231444;-15.293588497072381;-2529.189136327973
73.27058611202145;42811.581140131195;1928.2470617156207
1.9986953839656134;449.90188814631233;-192.43901726046687
0.0
63.39813314231444;-15.293588497072381;-2529.189136327973
73.27058611202145;42811.581140131195;1928.2470617156207
1.9986953839656134;449.90188814631233;-192.43901726046687
0.0
63.39813314231444;-15.293588497072381;-2529.189136327973
73.27058611202145;42811.581140131195;1928.2470617156207
1.9986953839656134;449.90188814631233;-192.43901726046687
0.0
63.39813314231444;-15.293588497072381;-2529.189136327973
73.27058611202145;42811.581140131195;1928.2470617156207
1.9986953839656134;449.90188814631233;-192.43901726046687
0.0
63.39813314231444;-15.293588497072381;-2529.189136327973
73.27058611202145;42811.581140131195;1928.2470617156207
1.9986953839656134;449.90188814631233;-192.43901726046687
0.0
63.39813314231444;-15.293588497072381;-2529.189136327973
73.27058611202145;42811.581140131195;1928.2470617156207
1.9986953839656134;449.90188814631233;-192.43901726046687
0.0
74.61868697020786;-15.605656583131283;-2524.799540689842
73.2509218803149;42932.725231404904;1932.5246407674
1.9999961931696764;447.44663760140065;-192.430794037064
0.0
63.42705016238891;-15.296900857032586;-2531.936729545324
73.26840263480042;42811.406897297806;1928.3429264569288
1.9994009047492611;449.8002833015089;-192.4129848877065
0.0
73.23064286697851;-15.573141857920625;-2530.654754601951
73.25108558395118;42913.24536986793;1931.719082041576
1.9997240491720027;447.87060156954425;-192.403024917772
0.0
73.23312997373208;-15.573384731061374;-2531.1963934311634
73.25108089480344;42914.34330327785;1931.8066139174048
1.999692181627266;447.8226972777615;-192.39128899300624
0.0
74.5453643010305;-15.605095765796433;-2527.042580595391
73.25083030732013;42933.439593546194;1932.709572632621
1.9999362541356394;447.187263492055;-192.3789359984856
0.0
74.44540285281337;-15.602143035467694;-2528.798957074037
73.25089458179669;42928.40916316;1932.52775342647
1.9997689565147447;447.461476406658;-192.37680107267747
0.0
74.20042656375722;-15.597016392957448;-2527.0830819269822
73.25071679916901;42934.12392583317;1932.808436236199
1.999892592734746;447.1611188338617;-192.3674018906267
0.0
75.20922364188648;-15.616120420761256;-2526.4029526752997
73.25054435405183;42946.94363535178;1933.2997424517466
1.999699489163722;447.2056395521081;-192.33782686657713
0.0
75.25418583199078;-15.616519548382625;-2524.747488569558
73.2502735865806;42949.16846148088;1933.4764802884724
1.9999409055317383;446.20108736675394;-192.32767619780032
0.0
75.26676373053307;-15.617284080275713;-2524.721309484671
73.25028298730408;42948.91726148551;1933.4728295071209
1.9999982560903247;446.1925876158485;-192.32709799764436
0.0
75.31096984613885;-15.617747641450539;-2524.595813891369
73.2502676122191;42949.40631618132;1933.4904163712454
1.9999848008865195;446.18348553890996;-192.32677122732983
0.0
76.56352987284404;-15.633943131425355;-2523.715652746897
73.24984937242264;42965.69205187757;1934.1034425308371
1.9996780846278013;446.9587033848246;-192.2262737746057
0.0
76.55540745625201;-15.629011575209082;-2526.9763625634314
73.24995112787046;42960.563899779874;1934.0007878826373
1.9996667744620191;447.26420564983124;-192.22584961766813
0.0
76.73075997323056;-15.640066296330732;-2531.2529273113705
73.25012341289202;42951.05942698023;1933.719785035283
1.999328558727833;447.82601629518376;-192.21975464446555
0.0
76.69170573589565;-15.645365206146277;-2530.9093222019533
73.24997765430687;42954.05710558237;1933.8245658008664
1.9995095454149838;447.8096614945872;-192.2012447393662
0.0
76.69170573589565;-15.645365206146277;-2530.9093222019533
73.24997765430687;42954.05710558237;1933.8245658008664
1.9995095454149838;447.8096614945872;-192.2012447393662
0.0
76.69170573589565;-15.645365206146277;-2530.9093222019533
73.24997765430687;42954.05710558237;1933.8245658008664
1.9995095454149838;447.8096614945872;-192.2012447393662
0.0
78.8132044409895;-15.69881873763394;-2529.154436409596
73.2496964391488;42972.86042449663;1934.7081819398231
1.998997564042214;446.7697783782212;-192.1695992797333
0.0
77.82762575577716;-15.66958203497229;-2529.2125212132632
73.24981484992824;42964.923472971604;1934.457930132243
1.9989350849940237;447.0674455239002;-192.15899843870906
0.0
77.4753312235137;-15.660366986446789;-2528.376474491962
73.24973034409251;42965.93853668555;1934.560062008869
1.9989561465292158;447.04357218786134;-192.1501811213768
0.0
72.85118435274765;-15.566730980121529;-2527.809332845711
73.25142117479157;42892.95601459206;1930.2397303936905
1.9997631685112;449.3688826077385;-192.56856867029379
0.0
63.33801423909028;-15.289520346807523;-2524.1005539006455
73.2748698914103;42812.81813859717;1928.099044525642
1.9996821858845157;449.76747581489616;-192.50008856018317
0.0
63.33889877485722;-15.285849676487109;-2524.4931094989574
73.2749445426409;42811.899952364714;1928.078439192705
1.999481797834183;449.9063291811444;-192.48964481880327
0.0
72.15780338168227;-15.52996653310101;-2526.2550934176047
73.25149881773422;42891.48519818677;1930.5126206550854
1.999521928071079;448.7592057926667;-192.48393293987942
0.0
63.35097824341594;-15.289286912687047;-2525.946277365011
73.27364969711897;42812.80960962627;1928.1851286413607
1.9992676999510164;449.91166398990555;-192.4730848689616
0.0
63.34908418154063;-15.288712361923542;-2526.4540398271574
73.27418750247213;42812.39604724127;1928.1701212343398
1.9990087319273226;449.91391931443934;-192.4675598036505
0.0
73.69041572293283;-15.586438710316004;-2528.916395242929
73.25117451440838;42912.13280406967;1931.4728745738944
1.9999386011032712;448.6865886785568;-192.4651487137387
0.0
63.38830601789177;-15.293247335153916;-2528.1943447345297
73.27077300138615;42812.1301076129;1928.2259106968638
1.9991505121869804;449.90767639875935;-192.45436430153129
0.0
63.425570161570086;-15.296257285307636;-2531.322903582794
73.26837926821696;42811.68939661892;1928.3344991665408
1.9995120515641474;449.7817592626808;-192.41826259930275
0.0
74.40493271309079;-15.601802920915794;-2528.8313544856337
73.25093025402316;42928.284317240825;1932.5501966944819
1.9999444525777244;447.39386374205293;-192.3764860494059
0.0
73.10450900653244;-15.563303770103152;-2533.1924752040936
73.25123401918154;42912.1234759773;1931.8104515972348
1.9998044147017342;448.1102581420881;-192.37348255639742
0.0
74.89003496285909;-15.614255431186297;-2530.761947653819
73.25060721436047;42934.738017443386;1932.8789462517939
1.9998168911612901;447.43143446919566;-192.33770917302806
0.0
74.6868868937144;-15.607333152126984;-2529.0111722924776
73.25055129608525;42938.02396849051;1933.0091313042833
1.9998109221608558;447.2699668573634;-192.3321569096755
0.0
76.74850052515964;-15.641268357194669;-2532.71384957526
73.25007016572653;42952.00456133877;1933.8211212016029
1.9995384998547685;447.8886316577596;-192.20038058302836
0.0
76.07760919859211;-15.619977801544177;-2533.012201969139
73.25022840991367;42947.88641168282;1933.7327149155922
1.9993764301954595;447.49416252384344;-192.16908561683198
0.0
63.34077956032614;-15.285550044843953;-2525.6544815573307
73.27506720002161;42811.67355612265;1928.1126690545466
1.9993139016275023;449.9261147747413;-192.4729592656796
0.0
63.35376001416272;-15.285325648953641;-2527.6003778018953
73.27435093818173;42811.56855558562;1928.1850191080737
1.999649498246554;449.90110866082733;-192.4451522806369
0.0
72.05108659896742;-15.527554677417603;-2530.977283434871
73.25160382998891;42888.83360724442;1930.5405167225122
1.9996959376882915;448.9077623134419;-192.43398135537552
0.0
71.42681733986025;-15.514568845341497;-2532.2094735738588
73.25160589865698;42882.22626130154;1930.3541574718008
1.9998560369736802;448.789745461998;-192.40738942403297
0.0
63.474285697437544;-15.30192917638047;-2532.3423657302355
73.2651304482097;42816.20470296814;1928.6171204810473
1.9994901234225273;449.91763391352185;-192.3978182543106
0.0
63.48193144466647;-15.309175665390313;-2532.8026065223676
73.26431683942738;42819.34993780187;1928.7750273751847
1.9995977205281044;449.8972322315379;-192.3976870745547
0.0
73.23873868815234;-15.571841701461958;-2532.1218131492033
73.25107221050537;42915.5032807088;1931.915142664298
1.9999797399616854;447.871562264025;-192.37352904893226
0.0
63.59346905075311;-15.32085283542905;-2537.075042719807
73.25701736172554;42820.152695756624;1928.9723648767565
1.9994014437131729;449.9164568994354;-192.3643944494558
0.0
73.24122209338474;-15.572084450595376;-2532.6636743252325
73.25106750925067;42916.60147045376;1932.002702825922
1.9999479248282472;447.82367508845954;-192.3617885189554
0.0
74.47286074992358;-15.599827735694662;-2530.069262423095
73.25064976099652;42933.99603868265;1932.8561329852878
1.999883917529781;447.7567761118336;-192.3372453231293
0.0
76.97855491126049;-15.651941820665428;-2527.6468463240626
73.24994543539013;42962.39937561782;1934.1146936089174
1.9998370633960054;447.36905219730625;-192.2073876113446
0.0
76.78207622326282;-15.63233067231831;-2533.445713847738
73.25013963966572;42947.62705452362;1933.8532843631283
1.9994578658957285;447.7349414421944;-192.13928989470705
0.0
72.05204148988128;-15.526282387146457;-2531.329743621895
73.25159428923884;42888.89794750903;1930.5556762467306
1.9997020942243346;448.9176865052223;-192.43023794157924
0.0
72.05204148988128;-15.526282387146457;-2531.329743621895
73.25159428923884;42888.89794750903;1930.5556762467306
1.9997020942243346;448.9176865052223;-192.43023794157924
0.0
72.05204148988128;-15.526282387146457;-2531.329743621895
73.25159428923884;42888.89794750903;1930.5556762467306
1.9997020942243346;448.9176865052223;-192.43023794157924
0.0
72.05204148988128;-15.526282387146457;-2531.329743621895
73.25159428923884;42888.89794750903;1930.5556762467306
1.9997020942243346;448.9176865052223;-192.43023794157924
0.0
72.05204148988128;-15.526282387146457;-2531.329743621895
73.25159428923884;42888.89794750903;1930.5556762467306
1.9997020942243346;448.9176865052223;-192.43023794157924
0.0
63.43721152882814;-15.299596033726964;-2531.870251253084
73.2679507914224;42814.07994250111;1928.4463830461402
1.9997571258623332;449.77357325045244;-192.40959050085453
0.0
72.29039261289225;-15.53345466155056;-2533.4811229290694
73.25171724285585;42882.11102065528;1930.3599265314194
1.9998485043522927;449.05038256328515;-192.396235763306
0.0
63.54304752692684;-15.319114170773005;-2534.7554847346487
73.25906752483544;42820.31477132067;1928.8773902104954
1.9997382142957039;449.9112201987194;-192.39190680077044
0.0
72.2754221965008;-15.525765348035405;-2532.4603112071945
73.25169503748891;42881.426373112256;1930.3637362890915
1.9999884951003137;448.9998893871228;-192.37682377475406
0.0
73.18017400997495;-15.54872687992216;-2539.5358789077522
73.25134489510641;42894.13260929787;1931.2357048460008
1.9998482758494118;448.9277432713066;-192.28546650320197
0.0
73.18017400997495;-15.54872687992216;-2539.5358789077522
73.25134489510641;42894.13260929787;1931.2357048460008
1.9998482758494118;448.9277432713066;-192.28546650320197
0.0
73.18017400997495;-15.54872687992216;-2539.5358789077522
73.25134489510641;42894.13260929787;1931.2357048460008
1.9998482758494118;448.9277432713066;-192.28546650320197
0.0
73.18017400997495;-15.54872687992216;-2539.5358789077522
73.25134489510641;42894.13260929787;1931.2357048460008
1.9998482758494118;448.9277432713066;-192.28546650320197
0.0
73.18017400997495;-15.54872687992216;-2539.5358789077522
73.25134489510641;42894.13260929787;1931.2357048460008
1.9998482758494118;448.9277432713066;-192.28546650320197
0.0
63.588482010088484;-15.32068988657636;-2534.243931517032
73.2566032709141;42821.89187208526;1928.9657807747485
1.9998154577019989;449.95887497331347;-192.3943184058656
0.0
73.85106364270446;-15.59212492315872;-2520.1430446701806
73.25137737970296;42916.45483013746;1931.32454372339
1.9992673899200137;448.5429129687284;-192.56524323052068
0.0
73.96630265230696;-15.595690641095024;-2521.925419652088
73.25117456824118;42922.812656958005;1931.8243297635531
1.999306500674156;448.249798631796;-192.50254858067353
0.0
63.34462523082477;-15.292609291873863;-2525.3527934609237
73.27428265806749;42814.237231171595;1928.1983384416942
1.999090722792953;449.8872123843954;-192.4871424259303
0.0
63.34513125097292;-15.291169043468257;-2525.52803194676
73.27428685889076;42813.504571447185;1928.1735559855108
1.9990415945588256;449.8884247740501;-192.48363000244242
0.0
63.30600532104894;-15.28342141466419;-2525.9491993191873
73.27828578989879;42811.291150607714;1928.093903824441
1.9987738411235487;449.9436507973038;-192.46584847847478
0.0
63.34746297418374;-15.287722927606852;-2526.3803355413215
73.27400788576777;42812.89527828416;1928.2112124452046
1.999088885526634;449.8770927070677;-192.46101658590993
0.0
72.05411360085246;-15.527936938850507;-2531.7920483180187
73.25166462845401;42888.39827365954;1930.560428941022
1.9992457255876355;448.894487613734;-192.42186314299107
0.0
73.77032490015316;-15.591367110100752;-2531.8058885718915
73.25110390126551;42915.96734411156;1931.8532236481146
1.999815063536003;448.1001776039759;-192.39730510827897
0.0
73.72186311051374;-15.58547707866396;-2531.113648123564
73.25109140951415;42915.68801011627;1931.889623635752
1.99978063385302;448.16473894394153;-192.39654303677648
0.0
73.72147530029032;-15.585484298725568;-2531.004580349147
73.25108643191419;42916.30358399178;1931.9227586192017
1.999794298176258;448.1272153925592;-192.3944666870938
0.0
74.44150871783819;-15.602582567155597;-2528.696614521847
73.2509090119518;42929.2184864502;1932.5680850789183
1.9999498339520925;447.66158241013113;-192.37405876460917
0.0
73.35736832155048;-15.575873687547157;-2533.181836742941
73.25108279193445;42915.90045768793;1931.9862386088078
1.999835236037323;447.8879175326366;-192.37092914309758
0.0
74.1433638487625;-15.58495608330222;-2532.018678273825
73.25107636116829;42918.13105055148;1932.1029961376662
1.999653456305264;448.1414074624206;-192.37059772691165
0.0
73.36266115256345;-15.576538696267226;-2533.604682562831
73.25108299775734;42915.876965230666;1932.0023136518932
1.999857188973743;447.865143950409;-192.36455314909026
0.0
73.3679053686935;-15.57677323805014;-2533.8310066523222
73.25107646483231;42916.088854057736;1932.020303189431
1.999894542414181;447.8620259937969;-192.36298990678733
0.0
75.3433396096867;-15.623720533920165;-2530.3414361996743
73.25069483915075;42935.01342713951;1932.8616249153242
1.9998617846885096;447.45602825220175;-192.34567184632212
0.0
75.02702320474597;-15.609435388938627;-2533.01423454696
73.25067572944236;42934.50936971682;1932.8955381045214
1.999728892400533;447.58548823986854;-192.32131717709535
0.0
76.73939194426046;-15.64895659938497;-2528.850907820459
73.25025458855602;42958.934658128186;1933.9559493489255
1.999093399801412;447.3886355147726;-192.23729695749267
0.0
78.70120652602597;-15.678564864844466;-2521.7186087392006
73.24970489617215;42983.599779323325;1935.0121391660973
1.9990135590853573;446.59740566787934;-192.2246691199925
0.0
78.78849997801622;-15.69269376540629;-2520.90138795449
73.24970199084638;42991.38617492152;1935.5066932143886
1.998527600929849;446.28189964130377;-192.17888570422335
0.0
72.75252227000425;-15.565107431112455;-2527.5035416895057
73.25144512308911;42895.18140355738;1930.334062916872
1.9995695304411718;449.29601565429573;-192.5639598614931
0.0
73.24609361174646;-15.580933260834003;-2530.130055330143
73.25141336906736;42897.02808080696;1930.5519172012607
1.9997265159236435;449.217215559577;-192.52761806570035
0.0
73.30222290527732;-15.583515724947079;-2527.3949824818624
73.2513811890289;42903.48208090411;1930.8377121988765
1.9998997627985033;448.88034168130235;-192.5263341573563
0.0
73.30545321780424;-15.583834375614375;-2527.3406385944368
73.25138217194846;42903.22717606997;1930.833198098523
1.999917010223013;448.8786695005538;-192.52402394360212
0.0
73.30532337724824;-15.572771862593852;-2532.08447691938
73.25151586474713;42894.27605515595;1930.4352897140595
1.9997014253574852;449.05850079261364;-192.51642476751712
0.0
63.34098272855836;-15.288893088040009;-2525.383294097753
73.27450161842872;42812.8381662968;1928.1581854563563
1.999118166046986;449.92792678288333;-192.48071934057538
0.0
73.66716814635357;-15.587689687752174;-2526.174476566267
73.25121967882559;42914.462105229926;1931.5186621427122
1.999526103940575;448.50377816570284;-192.4786201073408
0.0
63.32906022560795;-15.283482966406554;-2525.097211864455
73.27604100891837;42811.418641397875;1928.0795482601636
1.9994859632485908;449.8443461625431;-192.47702749582538
0.0
63.3785291279238;-15.293481227993796;-2528.0200083465134
73.27161354361859;42812.69920659526;1928.2425533185326
1.9988930326273255;449.9673951579069;-192.45595208169553
0.0
72.86374796722491;-15.553348702660415;-2531.88541575295
73.2514463749458;42894.89084023754;1930.9408424261126
1.9994828885118208;449.1789257296206;-192.41464201987327
0.0
73.3532684911455;-15.579351522785116;-2532.158555075103
73.25108501039625;42916.38268909007;1931.9540244424488
1.9999630900258003;447.81533166928006;-192.37339005563197
0.0
77.0903589933897;-15.645582958780922;-2529.379618635458
73.25008080244625;42958.562173294486;1934.0036606482674
1.9998252283534939;447.23696567079475;-192.19329847434287
0.0
77.46625370735724;-15.660202837550012;-2529.210486981436
73.24982431685552;42966.85572592295;1934.5513603907632
1.9990806941689276;447.03745049889176;-192.1645165080705
0.0
77.60559837273559;-15.661246003930092;-2527.1506912742125
73.24973087683725;42977.11362447478;1935.2558357769062
1.9994906339148644;447.02483973310456;-192.0994466923778
0.0
72.21671268834928;-15.528986426761529;-2531.1386612158867
73.251592906951;42891.51854157178;1930.702505830833
1.9995397007828475;448.8197751692821;-192.42117978271514
0.0
71.67394576307412;-15.525232177282838;-2532.621727818806
73.25163291072667;42887.809648464194;1930.5742493166224
1.9995855783243546;448.60831490333595;-192.41443601087695
0.0
63.59363878560015;-15.32293990208242;-2535.025114489581
73.25678587035291;42822.25908407528;1928.9834470840208
1.9996698722898412;449.89456361619165;-192.3903326383982
0.0
63.30860092286461;-15.300578701242664;-2514.511049214309
73.27539243277589;42822.39055463203;1928.180028227309
1.9989382954410309;449.8655745838586;-192.63218432366733
0.0
74.73027778254983;-15.609930480016201;-2530.6284907111003
73.25072513886195;42938.55494363991;1933.110359644543
1.9999475938995486;447.3951909572115;-192.31578802045274
