200
4
0.0
63.144678777999346;-15.650572001829232;-2312.6416791431916
73.25815874591275;43088.44526076733;1930.2373821335402
1.9998946588262219;449.9702861575132;-195.58732398352265
0.0
63.14785316944002;-15.649383929967687;-2313.486448311648
73.25816120516221;43087.221325200066;1930.2176510476045
1.9997246225055385;449.99618627098914;-195.57576741793915
0.0
63.152756279908346;-15.650595832968218;-2315.2590742068696
73.25807201065653;43087.00566016312;1930.253847978112
1.9997161329141717;449.9964914620225;-195.5570399253025
0.0
63.15459974475885;-15.651274662375975;-2315.7430803935104
73.25803694137137;43087.17804310678;1930.2815934952873
1.9997290042466922;449.9896279244299;-195.55089557002057
0.0
63.1563118102345;-15.653321346042015;-2315.8118378770614
73.25791462239857;43088.51932859654;1930.3525755205108
1.999697472820991;449.983613393841;-195.54916230370307
0.0
63.15549952278419;-15.65319569138446;-2315.949925859154
73.25800445636051;43088.37561620821;1930.3496130196845
1.9997371552609697;449.9759523228834;-195.5479114387957
0.0
63.15680492069938;-15.653743742067117;-2315.971876382303
73.25790040396821;43088.64834207907;1930.3640751845703
1.9996874834115173;449.9711080703284;-195.54744089737827
0.0
63.15678525281877;-15.653552434067128;-2316.231642513431
73.25797848568651;43088.50871010013;1930.367026693832
1.999678658730702;449.9742992813126;-195.54406397599632
0.0
63.15969927808139;-15.656139732491637;-2316.7940115126157
73.25779308812604;43089.93629184807;1930.453207361008
1.9998462763898939;449.967730237692;-195.53800295812076
0.0
63.15969927808139;-15.656139732491637;-2316.7940115126157
73.25779308812604;43089.93629184807;1930.453207361008
1.9998462763898939;449.967730237692;-195.53800295812076
0.0
63.15969927808139;-15.656139732491637;-2316.7940115126157
73.25779308812604;43089.93629184807;1930.453207361008
1.9998462763898939;449.967730237692;-195.53800295812076
0.0
63.16116786985145;-15.654136115686587;-2317.306803046728
73.25788806109848;43088.54462754067;1930.413036543128
1.999723354508966;449.9693923200742;-195.52999325597756
0.0
63.16060449556903;-15.653876374551666;-2317.5892459683046
73.25792188214294;43088.0476246129;1930.3911851751216
1.9998789605637606;449.94416878658393;-195.52884361010217
0.0
63.16246611298492;-15.654084739856462;-2318.1103269585597
73.2579083263581;43088.14869090006;1930.4170324430881
1.999579847697142;449.98825205914216;-195.5217400744573
0.0
63.16353987951135;-15.656050346882319;-2318.564690139908
73.25785920149609;43088.81130573519;1930.4610108766221
1.9999207639172474;449.9236297373544;-195.51773942768216
0.0
63.165233406402265;-15.651480251706314;-2320.1391155451397
73.25821150753181;43085.903460944115;1930.3762473990043
1.999904164587977;449.91649068803304;-195.49720577044926
0.0
63.166407823803965;-15.652284753669987;-2320.398519192357
73.25818031574603;43086.35984080548;1930.4079194097915
1.999893868540019;449.9153822742768;-195.49370292227582
0.0
63.1585972463636;-15.644924374258617;-2319.984622163023
73.25892661237462;43076.82076184548;1930.1876939744554
1.999556937228725;449.9601872374653;-195.49187880606158
0.0
63.17478665016251;-15.659471534616834;-2321.5097975624203
73.25758633936643;43089.74413318792;1930.614903257023
1.9997678649750146;449.95621516736503;-195.48143583358612
0.0
63.17403847806866;-15.653626166778801;-2322.1048260066145
73.25796032293997;43086.75473108828;1930.4930538512706
1.999914163041748;449.913877056285;-195.47158320240527
0.0
63.179709601754276;-15.662468465210205;-2323.3687236255564
73.25749334793524;43090.55164975931;1930.7034514828094
1.9998037397874202;449.95026764552875;-195.4617533054734
0.0
63.17921888737497;-15.657734247029222;-2323.424314404455
73.25768553798365;43087.92058568285;1930.5854383832636
1.9994923699066833;449.999578302069;-195.4589742922816
0.0
63.182348447607794;-15.659516030890716;-2323.8676599360087
73.2575659952035;43089.235715571405;1930.672365313486
1.9996370062858553;449.9426104320943;-195.45157632661352
0.0
63.18396111471971;-15.659504788313837;-2324.4289819154938
73.25755333711903;43088.92100104293;1930.676027919484
1.9997011554107336;449.93861849172316;-195.44511311738128
0.0
63.180754388916064;-15.655404500847107;-2324.2734079978914
73.2579330786745;43086.81454400666;1930.5807696826262
1.9999195699989039;449.9106470236261;-195.44449070726867
0.0
63.18433764032478;-15.661850993776296;-2324.6525525295237
73.25751620461034;43090.00370730076;1930.733886522002
1.9995204767553343;449.9622645599842;-195.44351356733813
0.0
63.18176759387308;-15.657246123144915;-2324.5007494212514
73.25783052122499;43087.59346337381;1930.6228526570205
1.999784004114023;449.9238017970806;-195.44302857788557
0.0
63.182356022861725;-15.657183230023524;-2324.547134424176
73.25781057304039;43087.760934785874;1930.6304174364934
1.9998045274770289;449.92166528125233;-195.44197022130632
0.0
63.1819254584164;-15.656209567976525;-2324.533379932897
73.25790189850282;43087.27136729009;1930.6124907512192
1.9999092951146558;449.90953753091446;-195.44097916661042
0.0
63.18429434274519;-15.65721442778732;-2324.8304141090116
73.25769466248444;43087.52089225761;1930.6329238030341
1.9997769830453094;449.93048122672195;-195.43865312004002
0.0
63.188178737679834;-15.661668095807409;-2325.8006452595423
73.25748939310752;43089.55233297467;1930.7551570043586
1.9997403970465994;449.93211612690703;-195.42886742349435
0.0
63.18833450991392;-15.661905303110409;-2325.862660535988
73.25748149443662;43089.696887379854;1930.7636229239101
1.9994906998692206;449.97611358788896;-195.4282143223122
0.0
63.18967646967271;-15.66299049950832;-2326.2534934768496
73.25744282322572;43090.148287697986;1930.7986315812013
1.999507593345774;449.9647550521818;-195.42369523787124
0.0
63.19277263229948;-15.662844083092406;-2326.7711370536335
73.25733679392023;43090.045761026595;1930.8152638709055
1.9996046639149987;449.95282801292103;-195.41632536619286
0.0
63.19174642542608;-15.657131091460881;-2326.8334293417806
73.25766033952932;43087.59423625204;1930.7222661358744
1.9994463519662111;449.9902724699427;-195.41019034700258
0.0
63.193245567483494;-15.661350600314268;-2327.1377115593546
73.25748242465492;43089.46345461589;1930.8176803062593
1.9994782430083042;449.9797476331945;-195.40887505904502
0.0
63.2315018319079;-15.69781958058085;-2332.269872021707
73.25601668164755;43117.33084705792;1932.2975693490837
1.9998565420907057;449.8200316115591;-195.32461985975607
0.0
63.226139956357024;-15.674320682516612;-2335.3042614160013
73.25659649052936;43094.618585560136;1931.3695814601235
1.9998175214464338;449.9181847925623;-195.30606346497777
0.0
63.226294223662755;-15.674431587816075;-2335.3713496831206
73.25659670421405;43094.591763034805;1931.3711773525047
1.9997867484685095;449.91998896327004;-195.30537510311711
0.0
63.226324215901286;-15.674432594933945;-2335.374047026531
73.25659446851729;43094.601287207974;1931.371878984384
1.9997867767162856;449.91995668735535;-195.3052938265966
0.0
63.226324215901286;-15.674432594933945;-2335.374047026531
73.25659446851729;43094.601287207974;1931.371878984384
1.9997867767162856;449.91995668735535;-195.3052938265966
0.0
63.226324215901286;-15.674432594933945;-2335.374047026531
73.25659446851729;43094.601287207974;1931.371878984384
1.9997867767162856;449.91995668735535;-195.3052938265966
0.0
63.22653213702545;-15.674504012872449;-2335.4371379477047
73.25659043549972;43094.61621957862;1931.374828342253
1.9997883042312636;449.91981202061976;-195.3045497906059
0.0
63.23688640645438;-15.688340281911008;-2334.2816806136084
73.25602631286314;43113.46303177012;1932.1669808255228
1.999840876908571;449.87287853972487;-195.30408916822688
0.0
63.22684864240339;-15.674658943095311;-2335.519380103058
73.25658633768629;43094.68313090291;1931.3800764909433
1.9997561036775384;449.92764141514334;-195.30361128063817
0.0
63.22993642902988;-15.675139182042075;-2336.2508132245257
73.25650307198138;43094.96320207252;1931.416630059801
1.9998395274064666;449.8975851272699;-195.29412395991875
0.0
63.230054813245786;-15.675228357249297;-2336.279028063764
73.25649875786948;43095.024759113665;1931.4203281859404
1.9998219205428696;449.907353273136;-195.29377168003603
0.0
63.26711874032815;-15.700475374921911;-2332.5838933692994
73.25555693494466;43133.862216114234;1933.312163537181
1.999880942023709;449.6079414585487;-195.24790029229837
0.0
63.27046941389858;-15.70436530830276;-2332.5936322052044
73.25551310553072;43136.32305743281;1933.4669471565637
1.999862526569109;449.58665651505424;-195.2454618739431
0.0
63.238943355098534;-15.64782216983013;-2338.660285205506
73.25751314856493;43083.99307397026;1931.0236631059834
1.9993220626083605;449.9741240811726;-195.2375738305969
0.0
63.429329862788244;-15.717478143858598;-2330.862509708565
73.25534922269038;43152.38645722141;1934.2632181819845
1.999744652410489;449.5303986773493;-195.2365336829358
0.0
63.429329862788244;-15.717478143858598;-2330.862509708565
73.25534922269038;43152.38645722141;1934.2632181819845
1.999744652410489;449.5303986773493;-195.2365336829358
0.0
63.429329862788244;-15.717478143858598;-2330.862509708565
73.25534922269038;43152.38645722141;1934.2632181819845
1.999744652410489;449.5303986773493;-195.2365336829358
0.0
63.429329862788244;-15.717478143858598;-2330.862509708565
73.25534922269038;43152.38645722141;1934.2632181819845
1.999744652410489;449.5303986773493;-195.2365336829358
0.0
63.429329862788244;-15.717478143858598;-2330.862509708565
73.25534922269038;43152.38645722141;1934.2632181819845
1.999744652410489;449.5303986773493;-195.2365336829358
0.0
63.2745808679652;-15.691814520867696;-2338.567790588849
73.25599295898562;43116.86385210293;1932.6686812954074
1.9997021787737472;449.6649719289384;-195.21108704712466
0.0
63.25020035914698;-15.648911578714287;-2340.8143927177125
73.25729900865227;43084.60590056746;1931.183924831363
1.9993189172188623;449.94537041571715;-195.20282081327034
0.0
63.17557328561473;-15.602720123570789;-2338.896090018784
73.26539103569544;43061.20688531161;1930.243921837101
1.9993057855968925;449.89727060517356;-195.1888710017942
0.0
63.263078631611734;-15.664330391251923;-2340.3081471573933
73.25669857883445;43092.27418712823;1931.6537140175571
1.999207046429073;449.97911522483366;-195.16848284289964
0.0
63.02190103720219;-15.499581235150574;-2367.391196605657
73.29368934749834;43008.2382392188;1930.0983308197797
1.999018835932856;449.78810715461714;-194.6327303138622
0.0
62.730153670141426;-15.482598383956043;-2365.8889594245497
73.32359694670431;43010.650846535274;1930.0594660342626
1.9981160898040173;449.9383554761112;-194.61285257726132
0.0
62.84773260763594;-15.473880507460853;-2367.645344262231
73.3259259768645;43000.40644921041;1929.724561558351
1.9984238188993133;449.8954590594495;-194.60124624897088
0.0
63.16722105012049;-15.546071450362751;-2379.2684781356297
73.28440180215375;43018.076392910385;1930.87554704487
1.9992871744150489;449.7785345352418;-194.54851693343045
0.0
63.078732594614486;-15.515414469378285;-2377.2011915658913
73.2906854035018;43012.525624106245;1930.6617647029673
1.9991428470630064;449.7198527664376;-194.5168932564608
0.0
63.23789039993766;-15.537101516979142;-2380.878378959789
73.279351226585;43025.31765501477;1931.4697512315195
1.999277197662734;449.68644184695603;-194.46244430921564
0.0
63.36889282702158;-15.561752142912365;-2388.1972770852876
73.26614058622725;43034.97192158261;1932.2094071922356
1.9989434121799343;449.8563527296792;-194.3815818602628
0.0
63.38175175810356;-15.563568481830067;-2389.63320113912
73.26507272458831;43034.16072855749;1932.211696914407
1.9989991707918535;449.80877719947466;-194.36998513373044
0.0
63.41304686543252;-15.567702691600443;-2392.4677905166486
73.26271605764056;43034.41107193817;1932.333212036553
1.9990064477804492;449.7785026374018;-194.33911259753245
0.0
63.48015330941656;-15.569577640090351;-2398.562873546027
73.25880456598973;43034.606582056964;1932.6144328181892
1.9992064321335872;449.70766558267695;-194.25225082603953
0.0
63.508210323973394;-15.56770497782299;-2398.926742663454
73.25892354534331;43032.66067289445;1932.6159462095668
1.9989485326739398;449.8405010066825;-194.2286858085284
0.0
63.15749005753546;-15.65454607713884;-2316.111000175363
73.25786989984859;43089.15648692731;1930.3910243615014
1.9997045224532277;449.9851705712578;-195.54576536421442
0.0
63.16176233822893;-15.65639089435576;-2317.3691996367947
73.25772951373901;43089.76484677747;1930.4633274783937
1.9998785424108703;449.9818437512646;-195.53162152784228
0.0
63.16225554850215;-15.656813403422936;-2317.529417027275
73.25771529482004;43089.8938446096;1930.4748325791663
1.9998686961651906;449.9693461071899;-195.5298981570201
0.0
63.165600858535974;-15.656635219638511;-2319.393184980787
73.25779497699315;43088.15918320604;1930.4612867846658
1.9998918037197735;449.96246000078423;-195.50977314653275
0.0
63.1685147889756;-15.657423559521517;-2319.8693128826494
73.25772832598018;43088.91321114528;1930.5161294245518
1.9998819145617526;449.94459398023747;-195.50205758258986
0.0
63.17299470360687;-15.659731173266078;-2321.173417156193
73.2576482529139;43089.93365566809;1930.603313936724
1.9996351489371602;449.9643255260599;-195.48636465859317
0.0
63.17571433196636;-15.650327779284416;-2322.6194374648144
73.25801950832809;43084.93510065961;1930.4239413450873
1.9999802273317395;449.9328082193166;-195.4640157943183
0.0
63.18373639797947;-15.659220838754294;-2324.640090028461
73.25759778842398;43088.30652082045;1930.6581891030894
1.9995835222587264;449.98744314784153;-195.44322279745737
0.0
63.186900188819294;-15.661318158943732;-2325.48800335931
73.25752862683824;43089.52436546034;1930.7404919818289
1.9996818896229518;449.9621230500226;-195.432725200598
0.0
63.192075758385116;-15.656793901611135;-2327.052216224126
73.25766485664211;43087.229189822;1930.7013573280415
1.9999083232359522;449.9435954384022;-195.40866180044418
0.0
63.19766763370958;-15.663210629232058;-2328.13767572256
73.25724612236887;43089.71206348044;1930.861928895779
1.9995613683994145;449.99704497792845;-195.39871575160717
0.0
63.19769398334285;-15.665025263461176;-2328.326636171616
73.25721013717464;43090.30951228504;1930.890157831892
1.9995214083937194;449.9955485178501;-195.39844372483583
0.0
63.2025010651149;-15.666959621519307;-2329.718095984526
73.25709361841749;43090.73990097964;1930.9641464352437
1.9995390991608428;449.99036013125834;-195.3818163606935
0.0
63.207164948596684;-15.668147311382592;-2330.866581732197
73.2569391997748;43090.73969038839;1931.0107878962087
1.9998114344612083;449.935206632435;-195.36809018697664
0.0
63.20670423195971;-15.665537375031297;-2330.8220313485826
73.25713360735078;43090.17472081868;1930.9767644628223
1.999998949230582;449.9172775455947;-195.36544269165285
0.0
63.21379784799695;-15.676234296798887;-2331.4105551644257
73.25654589100301;43096.573885474616;1931.2963675709648
1.9998005356765542;449.93364886557157;-195.35953258441887
0.0
63.21271678722424;-15.673776796588433;-2331.443293645378
73.25665969422094;43095.03410496051;1931.2389750788873
1.9997653524688261;449.9417730588914;-195.35762664618798
0.0
63.214006668228635;-15.674738626040448;-2331.567469763559
73.25655704516122;43095.70393690502;1931.2660970712495
1.9998000400210882;449.93627239470055;-195.35662570813605
0.0
63.20964154952831;-15.669717030651613;-2332.040187831142
73.25697519950295;43090.70259792548;1931.0572397385874
1.9996004595148862;449.9792715666211;-195.35480023271745
0.0
63.21318909707855;-15.670545809111994;-2332.5194106166255
73.25680401965224;43091.71567798101;1931.1128298837416
1.9998987028642943;449.9226848897736;-195.3477699060264
0.0
63.21303035602322;-15.670363532650388;-2332.7858828585777
73.25690046935291;43091.23722986807;1931.1165154688215
1.9996111786067348;449.9789674636016;-195.34372138393354
0.0
63.216041887815464;-15.672156231677;-2333.9064067030963
73.2568560689168;43091.30615355493;1931.1503902324328
1.9996241567667006;449.97808394860533;-195.332782286297
0.0
63.22038697215284;-15.672577246055482;-2333.7356496150232
73.25669932937643;43094.111274383635;1931.2802661514497
1.9997901251567354;449.93955205358697;-195.32633111289525
0.0
63.22131983225377;-15.674984348068723;-2334.206733618402
73.25665661364121;43094.75679860618;1931.332207913774
1.9997605240317635;449.9532203161485;-195.32210640354828
0.0
63.22835893819978;-15.686344695446559;-2332.781365849584
73.25631168258481;43108.22223429868;1931.913234259794
1.9996053855749243;449.96052171769594;-195.32087370090773
0.0
63.234679735222784;-15.697283610632775;-2333.3696351827566
73.25601493709897;43117.30169461292;1932.341082042599
1.99987008510684;449.8224868133008;-195.31191512762823
0.0
63.22471552277662;-15.667006319734128;-2335.342920543253
73.25685200936346;43090.290679263315;1931.1800616389753
1.9997108054465305;449.9597263145635;-195.30349938610888
0.0
63.22831568181031;-15.675275998768997;-2335.894433892593
73.25653570853753;43094.98054936084;1931.4050231668336
1.9998412211597316;449.9231610209613;-195.29908904054648
0.0
63.228679277379634;-15.675475152963745;-2335.970256911266
73.25652163915765;43095.112932706536;1931.4126300743055
1.9998459028578977;449.92294780727565;-195.29817214734587
0.0
63.228631978835196;-15.675430940213323;-2335.9766810741926
73.25652527492345;43095.047493412116;1931.4102734868802
1.9998090289173047;449.9309876059505;-195.2981503465271
0.0
63.23200488915881;-15.675919657543005;-2336.815450383756
73.25647405747675;43095.363807856964;1931.4541224559143
1.9998401513485733;449.9061282816878;-195.2869456570766
0.0
63.23228663500699;-15.67596852236799;-2336.829729193364
73.2564608405658;43095.616697658195;1931.46129994551
1.9998400885889707;449.903611827327;-195.28655150856403
0.0
63.23806717917891;-15.673837163651246;-2338.3368441903826
73.25649144595799;43094.35244282214;1931.484540815489
1.9998356603975258;449.9150021691417;-195.26312599202757
0.0
63.26642352017136;-15.689777833210636;-2336.6511771594155
73.2559653427937;43118.00122582581;1932.6597080444146
1.999822561953825;449.6921664243796;-195.22833107828336
0.0
63.288360829173044;-15.714740316819139;-2332.7610326638123
73.25546895485954;43151.520932286236;1934.1163731872537
1.9998187571409727;449.6064929581449;-195.22595309183106
0.0
63.24113416549261;-15.646288536240593;-2339.5867937710564
73.25759167135163;43082.72523747686;1931.0052181033666
1.9994913852717617;449.9782891071392;-195.22514453061055
0.0
63.24980783417856;-15.649144211323783;-2339.831504821432
73.25704437504908;43085.023122736144;1931.1624339048233
1.999341659242801;449.9753738610998;-195.21597358405296
0.0
63.26063992022636;-15.643130757994982;-2341.6465482306025
73.25708861883311;43084.0363948257;1931.2089169973547
1.9994404677838165;449.9193497193046;-195.17940375367243
0.0
63.100479110256366;-15.525094951760101;-2377.379005218737
73.29065731598565;43018.07421262209;1930.9105964394691
1.9998069336321205;449.66092498831676;-194.51730907851365
0.0
63.266340546699446;-15.53982084288658;-2382.2693022278127
73.27678297188557;43024.901867035594;1931.5263067712544
1.9991349516158012;449.91138153365193;-194.44917671864033
0.0
63.45585085999752;-15.563924763176251;-2395.966826834757
73.25997548566096;43032.37286068248;1932.4001515104364
1.9992193113315493;449.82518219479016;-194.28642132608167
0.0
63.15736589507821;-15.653901729650716;-2316.466573915396
73.25795302384833;43088.39354945091;1930.3712248349102
1.999766171714415;449.99877329341575;-195.54191181669813
0.0
63.17010057431901;-15.660555808959417;-2319.8738371490326
73.25752117398993;43090.759287056935;1930.5951809736948
1.999892241796997;449.9924567856312;-195.50334167544258
0.0
63.16906375643234;-15.65843777733076;-2320.3644993777434
73.25770239791972;43089.13938404781;1930.5223731134374
1.9998282334966595;449.9882736777778;-195.49905990854592
0.0
63.169646153956926;-15.658501084444739;-2320.2667815732166
73.25770188560809;43089.46169197205;1930.5527937222166
1.9999336894040591;449.9477778967559;-195.49764145430234
0.0
63.17481108046139;-15.661201300782832;-2321.4339097339957
73.25753862093717;43090.626876967624;1930.6511489403188
1.9997061095368878;449.99584842479976;-195.48300805449907
0.0
63.17720662105188;-15.662428875813031;-2322.018338484426
73.25736447928703;43090.69181682269;1930.6711093896351
1.9999163383692506;449.95920807766964;-195.4782039984128
0.0
63.1759563720517;-15.661656476938372;-2322.383529962306
73.25753862098706;43090.0423993254;1930.6366419459628
1.9998092298568237;449.9734499095777;-195.47541184255635
0.0
63.18194995852317;-15.66206704520443;-2323.468950725996
73.25744414711328;43090.5452288344;1930.7240166420663
1.9997334439499346;449.97566790818485;-195.45747828496505
0.0
63.18302751934447;-15.665054538215838;-2324.23489131432
73.25731548378604;43091.17704807705;1930.7509489408503
1.999660677742961;449.97128612688124;-195.45395605960397
0.0
63.202110113915694;-15.66572852069851;-2329.5855245478565
73.25716203668458;43090.36803257959;1930.946568078532
1.9995972182966613;449.98748645326094;-195.38188878717014
0.0
63.20225092759632;-15.666160989753266;-2329.757849646182
73.25718081609499;43090.376596229755;1930.9420882167954
1.9997133467418;449.9641384794618;-195.38094062355515
0.0
63.203250123093284;-15.667319209408781;-2329.9077098926405
73.25706860036902;43090.92503575209;1930.9776403805658
1.999576910122988;449.9937616466858;-195.3796169099538
0.0
63.20682235994914;-15.667763184580906;-2331.011496314495
73.25700047245357;43090.28295995989;1930.997484496841
1.9995727485379209;449.9930235610902;-195.36648177209375
0.0
63.213748586698266;-15.674161704896076;-2331.6812367721536
73.25661808589328;43095.14122595297;1931.252684314596
1.9997688280684587;449.9439820979587;-195.3548480583129
0.0
63.215192461284815;-15.674579941453109;-2332.0602068814082
73.25658822678669;43095.243306277014;1931.2717801449014
1.9997669481702185;449.9486303094858;-195.3500797320538
0.0
63.211254405493165;-15.670282249554166;-2332.4617069476435
73.25691639566992;43090.940082775174;1931.0822700709032
1.99960824338121;449.9833110495184;-195.34962573126896
0.0
63.21301347167334;-15.670310911516495;-2332.6245370011993
73.25685920264338;43091.63059730078;1931.110620619206
1.9995364622706018;449.99908510529553;-195.34632956365164
0.0
63.2192258183851;-15.67569958272812;-2333.0485205516356
73.25653062417419;43095.497258340874;1931.320396624131
1.9997851526793131;449.9433241169917;-195.3379775994812
0.0
63.215229245197264;-15.671834533944779;-2333.680108226433
73.25689911986878;43091.21630120806;1931.1378277118856
1.99956413573835;449.9936160209601;-195.33553921484747
0.0
63.22658466865814;-15.674168411777245;-2335.530032135808
73.25660130158953;43094.2427430292;1931.3623268745146
1.99998159032526;449.9000910176809;-195.3036432823144
0.0
63.2263039952076;-15.671986552195253;-2335.5196904143154
73.2566724136708;43093.007206074486;1931.3103093684194
1.9999248705763528;449.9386451241222;-195.3027085375718
0.0
63.22785007222511;-15.674359755419085;-2335.757580116891
73.25659006794602;43094.49639639654;1931.3821255584494
1.9998877438397447;449.91626245302325;-195.30014813012994
0.0
63.22830713001298;-15.67522732334824;-2335.853052018682
73.2565332546404;43095.01017411017;1931.4041541793742
1.9998223735953522;449.93623009725826;-195.29948448812777
0.0
63.2287504349507;-15.675520110468621;-2336.004896818968
73.25652096089814;43095.109039621464;1931.413971002695
1.9997924431218261;449.94120930226904;-195.29779809074196
0.0
63.22965396073234;-15.675804698848985;-2336.2034952187582
73.25649562765206;43095.290943989654;1931.4285446035497
1.999867906456712;449.929471642871;-195.29519645604555
0.0
63.232687830198394;-15.675933938071983;-2336.904000839184
73.25645987632396;43095.51109725393;1931.4620398769123
1.9998933442696927;449.8975730831021;-195.2854990605257
0.0
63.233205852335594;-15.675833398971344;-2337.055772778547
73.25646615227676;43095.384132857886;1931.4626447662695
1.999870500159097;449.907921578335;-195.28353022558548
0.0
63.23175499100973;-15.669971718998335;-2336.7266534783603
73.25666987876927;43092.56764248134;1931.3394213117456
1.9998427202727156;449.91824079086206;-195.2832425365258
0.0
63.23333903547841;-15.677389052650934;-2337.2219955979676
73.25645762614967;43096.117191155616;1931.500512942012
1.9999383505719164;449.8897373647858;-195.28231502667157
0.0
63.264555561549926;-15.68082470787676;-2336.7230767886335
73.25611455174294;43111.857609684805;1932.384150125102
1.9998635945592314;449.75417833411916;-195.2279733502608
0.0
63.11806284586801;-15.592627448704235;-2336.9718222342876
73.27046481821654;43056.242225505535;1929.959433855529
1.9998328643659655;449.8928324613976;-195.20526374928627
0.0
63.27639219243165;-15.693760430309295;-2339.517289631087
73.25596319062609;43119.316233180885;1932.8150771023722
1.999886898632849;449.64828470313205;-195.1943537309322
0.0
63.18377539838976;-15.664429643881329;-2324.263659815369
73.25735028996742;43090.589426678904;1930.7404311798828
1.9997565938660258;449.98194504174825;-195.4518947479005
0.0
63.19811341758374;-15.669128158419467;-2326.627556401185
73.25672678420901;43093.294246881924;1930.9736334633997
1.9999169958991057;449.9608684053721;-195.41947029391062
0.0
63.19412000270775;-15.663900050331792;-2327.3281219963387
73.25723236375913;43089.78480185247;1930.821074149437
1.99966113481324;449.99107388191385;-195.4122464905361
0.0
63.198277203363546;-15.667010797245405;-2328.5408734233583
73.25710930496763;43091.30114490805;1930.9153162137898
1.9999598968661547;449.9560472113132;-195.39904304155922
0.0
63.20230705349226;-15.666264777155078;-2329.572769715175
73.25709696246432;43090.574139732955;1930.9491471840631
1.999704712795271;449.9786354063187;-195.38316071631618
0.0
63.20324110050368;-15.666799163142487;-2329.7567324570823
73.25707313114933;43090.86420463982;1930.9699463762338
1.9996035169247839;449.992874455448;-195.38060760294746
0.0
63.20332314345133;-15.667361023443826;-2329.929299458139
73.25706673226131;43090.93908400229;1930.979062458194
1.9997284753882558;449.97138650087624;-195.37936551791512
0.0
63.20219907069463;-15.657722256383405;-2329.8702616375954
73.25748753243501;43086.42530223733;1930.7883656631288
1.9996903332765612;449.9756245230055;-195.37275362336376
0.0
63.207861159965745;-15.658675834941358;-2331.2111159432015
73.25734361244623;43087.0578548447;1930.8473287296251
1.9997000858312908;449.9716155594496;-195.35622182909566
0.0
63.212382987097094;-15.670343393869164;-2332.493889669467
73.25687162652603;43091.59250532852;1931.1039170461981
1.9996294183430579;449.99075464114685;-195.34826301701932
0.0
63.21308544995215;-15.670425187117635;-2332.660844478174
73.25685562999097;43091.65511875403;1931.1126092092236
1.99963362726631;449.99050493390115;-195.3460385345712
0.0
63.21308544995215;-15.670425187117635;-2332.660844478174
73.25685562999097;43091.65511875403;1931.1126092092236
1.99963362726631;449.99050493390115;-195.3460385345712
0.0
63.21308544995215;-15.670425187117635;-2332.660844478174
73.25685562999097;43091.65511875403;1931.1126092092236
1.99963362726631;449.99050493390115;-195.3460385345712
0.0
63.2132394523545;-15.670673240118743;-2332.7523078479203
73.25685330991014;43091.66557630333;1931.1169947323774
1.999619871679582;449.9917658400522;-195.34517519624166
0.0
63.22025671757;-15.676084596122756;-2333.286668090032
73.25652502563669;43095.60444777364;1931.334117897757
1.9997886320586338;449.94553376300445;-195.3351962197701
0.0
63.22567588390544;-15.668338119694054;-2335.59092562031
73.25676762714436;43090.893965228985;1931.2061421881356
1.9999176699657817;449.94441194864646;-195.3020693407261
0.0
63.228598358610924;-15.675369979292972;-2335.9268943671627
73.25652359739243;43095.10843915645;1931.4108337987614
1.9998910375588237;449.92018775758135;-195.29857304918875
0.0
63.23044675084266;-15.676018392663531;-2336.3805680602286
73.25648953715233;43095.559791684835;1931.4464182520107
1.99987473602344;449.9360283447605;-195.2924888726022
0.0
63.234538682459046;-15.675765781051703;-2337.446164139842
73.25646721789342;43095.17556728936;1931.4688901044476
1.9999052032249798;449.90556142031426;-195.2785756098671
0.0
63.18792482013988;-15.66491042758356;-2325.6216414597757
73.2572389204019;43090.74329818263;1930.7779910181146
1.9997914407290276;449.9960040334639;-195.43675901329834
0.0
63.19869827260394;-15.668232235286679;-2328.5427896468896
73.25701146408716;43091.71873176793;1930.9334164441143
1.999799205095388;449.9946994755504;-195.4003477956756
0.0
63.200527607834985;-15.66891279077993;-2329.030191910809
73.25697642280659;43091.89191047507;1930.9613559787772
1.999812238365478;449.9878974287635;-195.39415377910618
0.0
63.18873231467087;-15.65548954809692;-2329.6257926151434
73.25864335263097;43079.66823855143;1930.6561908695617
1.9997562542716503;449.98906153395967;-195.37435706166005
0.0
63.202005149617705;-15.656824558045084;-2329.701431659787
73.25750102252609;43086.161112271795;1930.7706217938608
1.9997682434549315;449.98680838348673;-195.37394326701366
0.0
63.209433305370474;-15.670817666063694;-2331.358728841824
73.25686046499486;43092.54803172359;1931.1029748686312
1.9997840806970038;449.9724605892371;-195.36198351220486
0.0
63.22824699292887;-15.672783442489095;-2336.1127649251425
73.256641534259;43093.27556042697;1931.343105649417
1.9999079691153654;449.92024557052304;-195.29550262953396
0.0
63.20985767066587;-15.67266448773037;-2331.6496434479163
73.25674072490497;43093.15037628609;1931.1088246764373
1.9997839689995862;449.9960622718002;-195.36301827362223
0.0
63.07908877038653;-15.542470878423615;-2375.7214768669564
73.28911494042698;43022.81079813371;1930.9702649303435
1.9991797717587856;449.9035710801931;-194.57177731582928
0.0
63.15989002492497;-15.537415299781324;-2380.5368036325726
73.2831278347557;43027.88549451738;1931.5561880508574
1.9994006430302753;449.6552051471865;-194.4607558551852
0.0
62.72990791179489;-15.482934758039814;-2365.882791127114
73.3236168855806;43010.834141407315;1930.0676229677433
1.998137699291795;449.92978125061404;-194.61306275453666
0.0
63.49061682350556;-15.71878346895325;-2328.518148278509
73.25538599735664;43155.82032706215;1934.349777642511
1.999932424546263;449.56687828694044;-195.25539406567168
0.0
62.72990791179489;-15.482934758039814;-2365.882791127114
73.3236168855806;43010.834141407315;1930.0676229677433
1.998137699291795;449.92978125061404;-194.61306275453666
0.0
63.40858694883428;-15.562275375879928;-2391.1341729512455
73.26432423640223;43039.73559305605;1932.6680697075658
1.9988187019218586;449.72633665189915;-194.31440443855422
0.0
63.149683396905;-15.649390347799107;-2313.83746158528
73.25816363880598;43087.62391811538;1930.258428208236
1.9997636115605675;449.9655617528984;-195.56912677810556
0.0
63.0749685865549;-15.515405015601523;-2377.097505641854
73.29104963254653;43012.76012666235;1930.6666805876066
1.9991427930178325;449.7189909572348;-194.51759636457032
0.0
63.33430580052743;-15.562795016955407;-2387.525402824232
73.26929134221139;43037.0468172966;1932.2662656271668
1.9988752251106632;449.9125376044172;-194.3868355583628
0.0
63.33128883138999;-15.695113100948067;-2342.4108974343508
73.2558181700461;43134.83087199613;1933.9813243604256
1.999898314097009;449.5972335981729;-195.05781374505366
0.0
63.15459844583021;-15.617934483539994;-2337.581055245159
73.26632628405223;43066.45328661226;1930.3986984501344
1.999241870196403;449.95732242388584;-195.22320035163054
0.0
63.23921206025621;-15.64794697687842;-2338.8452048401364
73.25754478692798;43084.04898286977;1931.0335440988597
1.9993701352438764;449.97805925723605;-195.2350564569296
0.0
63.26665643545223;-15.712590516067118;-2332.268980957798
73.25560049366078;43138.91358895737;1933.5380348381375
1.9998691906572932;449.5978984142853;-195.26047627188555
0.0
63.0749685865549;-15.515405015601523;-2377.097505641854
73.29104963254653;43012.76012666235;1930.6666805876066
1.9991427930178325;449.7189909572348;-194.51759636457032
0.0
63.1775077152998;-15.556096329288302;-2379.551009244187
73.28558389598109;43022.1494450754;1931.0712354959496
1.999380526478639;449.7621682167198;-194.55361563789504
0.0
63.2226671045688;-15.674956255351582;-2334.6310655046905
73.25672462631795;43094.4659509102;1931.3419914701174
1.9996004380806138;449.95095075385746;-195.31660677220776
0.0
63.22465763517632;-15.695275165950719;-2330.510811968697
73.25611170657625;43115.985231765466;1932.1860311734097
1.9998055615657353;449.86637439553607;-195.34577273320218
0.0
63.18331916895461;-15.660132733539195;-2324.244055259043
73.25756265256672;43089.38871667322;1930.693792058652
1.9996516328611793;449.93820920601576;-195.4471581217947
0.0
63.227344425797945;-15.688044797273884;-2330.932123575209
73.25634917628769;43112.72207553438;1932.0879445745873
1.9998632027579604;449.8046674477267;-195.33168064411845
0.0
63.166543867579236;-15.656902712238447;-2319.252818685259
73.25780459013252;43089.3813714584;1930.5120790501142
1.999557539413215;449.9904145577063;-195.5082794582643
0.0
63.25066268455556;-15.651312988964486;-2340.5820609718344
73.25745656684491;43087.581240090556;1931.343061647615
1.999222217087216;449.9684057867842;-195.19817045492687
0.0
63.20744236172997;-15.668300229276742;-2331.1024014662835
73.25699261821262;43091.122710010335;1931.028230904051
1.9998575559419038;449.9195334691523;-195.36495506155012
0.0
63.19274066230747;-15.662790495449606;-2326.7413494042175
73.2573386839401;43090.05937195084;1930.8152982787467
1.9996159185524793;449.95147012516145;-195.4165214820718
0.0
63.23436216662747;-15.693088610645516;-2333.0050136410377
73.25604059470433;43114.20726711892;1932.214059899795
1.9999035861527095;449.8039326193478;-195.31091592328156
0.0
63.21358462707902;-15.672234018385467;-2332.1364749553168
73.25682067869182;43093.43461296436;1931.1911011739621
1.9998251153883178;449.92685717349246;-195.34883785161733
0.0
63.155823919899404;-15.653513447880949;-2315.781472381817
73.25795549837449;43088.679176973674;1930.3582633139338
1.9997185558710693;449.97207456538297;-195.54947023684537
0.0
63.158897250084415;-15.65529306541151;-2317.1960203000326
73.25795497878947;43089.33122932049;1930.427422778737
1.999614313894874;449.9576653193576;-195.53405803534423
0.0
63.26439039913752;-15.712632493013974;-2332.264734868877
73.25569314037256;43137.76060116945;1933.4711171297147
1.9995844140918908;449.62482462829615;-195.26575187480216
0.0
63.18764236556161;-15.661501185974014;-2325.09278856553
73.25747811256127;43090.794671495656;1930.7879280912637
1.9995162143298544;449.9574395270825;-195.43428675458355
0.0
63.150591314673925;-15.650608693822587;-2314.0657147976176
73.25810951947828;43088.066774580715;1930.2853819094616
1.9999305725419638;449.93630763828986;-195.56709007820436
