200
4
0.0
64.23490240385044;-15.110474690138359;-2451.330157581446
73.25844156608338;42731.74603601658;1924.2000898653837
1.9992978802911723;449.992293150028;-192.34363704646944
0.0
64.23666953042284;-15.136421245510588;-2469.2609456868113
73.25737353181077;42723.703700420076;1924.2495758100945
1.99954184370018;449.9762649447242;-192.21218356657096
0.0
64.24085115252453;-15.138597699731344;-2471.1044779515328
73.25723411931064;42723.45912595562;1924.2919576923669
1.999423650920374;449.98295664029484;-192.19279118861485
0.0
64.24476526309395;-15.139561883870044;-2472.5738380137086
73.25715230008898;42722.90686736668;1924.3208618165418
1.999940388001482;449.9597799852534;-192.1759526820783
0.0
64.24476526309395;-15.139561883870044;-2472.5738380137086
73.25715230008898;42722.90686736668;1924.3208618165418
1.999940388001482;449.9597799852534;-192.1759526820783
0.0
64.24476526309395;-15.139561883870044;-2472.5738380137086
73.25715230008898;42722.90686736668;1924.3208618165418
1.999940388001482;449.9597799852534;-192.1759526820783
0.0
64.24476526309395;-15.139561883870044;-2472.5738380137086
73.25715230008898;42722.90686736668;1924.3208618165418
1.999940388001482;449.9597799852534;-192.1759526820783
0.0
64.24476526309395;-15.139561883870044;-2472.5738380137086
73.25715230008898;42722.90686736668;1924.3208618165418
1.999940388001482;449.9597799852534;-192.1759526820783
0.0
64.24476526309395;-15.139561883870044;-2472.5738380137086
73.25715230008898;42722.90686736668;1924.3208618165418
1.999940388001482;449.9597799852534;-192.1759526820783
0.0
64.24476526309395;-15.139561883870044;-2472.5738380137086
73.25715230008898;42722.90686736668;1924.3208618165418
1.999940388001482;449.9597799852534;-192.1759526820783
0.0
64.24476526309395;-15.139561883870044;-2472.5738380137086
73.25715230008898;42722.90686736668;1924.3208618165418
1.999940388001482;449.9597799852534;-192.1759526820783
0.0
64.24476526309395;-15.139561883870044;-2472.5738380137086
73.25715230008898;42722.90686736668;1924.3208618165418
1.999940388001482;449.9597799852534;-192.1759526820783
0.0
64.24476526309395;-15.139561883870044;-2472.5738380137086
73.25715230008898;42722.90686736668;1924.3208618165418
1.999940388001482;449.9597799852534;-192.1759526820783
0.0
64.24476526309395;-15.139561883870044;-2472.5738380137086
73.25715230008898;42722.90686736668;1924.3208618165418
1.999940388001482;449.9597799852534;-192.1759526820783
0.0
64.24476526309395;-15.139561883870044;-2472.5738380137086
73.25715230008898;42722.90686736668;1924.3208618165418
1.999940388001482;449.9597799852534;-192.1759526820783
0.0
64.24476526309395;-15.139561883870044;-2472.5738380137086
73.25715230008898;42722.90686736668;1924.3208618165418
1.999940388001482;449.9597799852534;-192.1759526820783
0.0
64.24476526309395;-15.139561883870044;-2472.5738380137086
73.25715230008898;42722.90686736668;1924.3208618165418
1.999940388001482;449.9597799852534;-192.1759526820783
0.0
64.24476526309395;-15.139561883870044;-2472.5738380137086
73.25715230008898;42722.90686736668;1924.3208618165418
1.999940388001482;449.9597799852534;-192.1759526820783
0.0
64.24476526309395;-15.139561883870044;-2472.5738380137086
73.25715230008898;42722.90686736668;1924.3208618165418
1.999940388001482;449.9597799852534;-192.1759526820783
0.0
64.24476526309395;-15.139561883870044;-2472.5738380137086
73.25715230008898;42722.90686736668;1924.3208618165418
1.999940388001482;449.9597799852534;-192.1759526820783
0.0
64.24476526309395;-15.139561883870044;-2472.5738380137086
73.25715230008898;42722.90686736668;1924.3208618165418
1.999940388001482;449.9597799852534;-192.1759526820783
0.0
64.24476526309395;-15.139561883870044;-2472.5738380137086
73.25715230008898;42722.90686736668;1924.3208618165418
1.999940388001482;449.9597799852534;-192.1759526820783
0.0
64.24476526309395;-15.139561883870044;-2472.5738380137086
73.25715230008898;42722.90686736668;1924.3208618165418
1.999940388001482;449.9597799852534;-192.1759526820783
0.0
64.24476526309395;-15.139561883870044;-2472.5738380137086
73.25715230008898;42722.90686736668;1924.3208618165418
1.999940388001482;449.9597799852534;-192.1759526820783
0.0
64.24476526309395;-15.139561883870044;-2472.5738380137086
73.25715230008898;42722.90686736668;1924.3208618165418
1.999940388001482;449.9597799852534;-192.1759526820783
0.0
64.24476526309395;-15.139561883870044;-2472.5738380137086
73.25715230008898;42722.90686736668;1924.3208618165418
1.999940388001482;449.9597799852534;-192.1759526820783
0.0
64.24476526309395;-15.139561883870044;-2472.5738380137086
73.25715230008898;42722.90686736668;1924.3208618165418
1.999940388001482;449.9597799852534;-192.1759526820783
0.0
64.24476526309395;-15.139561883870044;-2472.5738380137086
73.25715230008898;42722.90686736668;1924.3208618165418
1.999940388001482;449.9597799852534;-192.1759526820783
0.0
64.24476526309395;-15.139561883870044;-2472.5738380137086
73.25715230008898;42722.90686736668;1924.3208618165418
1.999940388001482;449.9597799852534;-192.1759526820783
0.0
64.24476526309395;-15.139561883870044;-2472.5738380137086
73.25715230008898;42722.90686736668;1924.3208618165418
1.999940388001482;449.9597799852534;-192.1759526820783
0.0
64.24476526309395;-15.139561883870044;-2472.5738380137086
73.25715230008898;42722.90686736668;1924.3208618165418
1.999940388001482;449.9597799852534;-192.1759526820783
0.0
64.24476526309395;-15.139561883870044;-2472.5738380137086
73.25715230008898;42722.90686736668;1924.3208618165418
1.999940388001482;449.9597799852534;-192.1759526820783
0.0
64.24476526309395;-15.139561883870044;-2472.5738380137086
73.25715230008898;42722.90686736668;1924.3208618165418
1.999940388001482;449.9597799852534;-192.1759526820783
0.0
64.24476526309395;-15.139561883870044;-2472.5738380137086
73.25715230008898;42722.90686736668;1924.3208618165418
1.999940388001482;449.9597799852534;-192.1759526820783
0.0
64.24476526309395;-15.139561883870044;-2472.5738380137086
73.25715230008898;42722.90686736668;1924.3208618165418
1.999940388001482;449.9597799852534;-192.1759526820783
0.0
64.24476526309395;-15.139561883870044;-2472.5738380137086
73.25715230008898;42722.90686736668;1924.3208618165418
1.999940388001482;449.9597799852534;-192.1759526820783
0.0
64.24476526309395;-15.139561883870044;-2472.5738380137086
73.25715230008898;42722.90686736668;1924.3208618165418
1.999940388001482;449.9597799852534;-192.1759526820783
0.0
64.24476526309395;-15.139561883870044;-2472.5738380137086
73.25715230008898;42722.90686736668;1924.3208618165418
1.999940388001482;449.9597799852534;-192.1759526820783
0.0
64.24476526309395;-15.139561883870044;-2472.5738380137086
73.25715230008898;42722.90686736668;1924.3208618165418
1.999940388001482;449.9597799852534;-192.1759526820783
0.0
64.24476526309395;-15.139561883870044;-2472.5738380137086
73.25715230008898;42722.90686736668;1924.3208618165418
1.999940388001482;449.9597799852534;-192.1759526820783
0.0
64.24476526309395;-15.139561883870044;-2472.5738380137086
73.25715230008898;42722.90686736668;1924.3208618165418
1.999940388001482;449.9597799852534;-192.1759526820783
0.0
64.24476526309395;-15.139561883870044;-2472.5738380137086
73.25715230008898;42722.90686736668;1924.3208618165418
1.999940388001482;449.9597799852534;-192.1759526820783
0.0
64.24476526309395;-15.139561883870044;-2472.5738380137086
73.25715230008898;42722.90686736668;1924.3208618165418
1.999940388001482;449.9597799852534;-192.1759526820783
0.0
64.24476526309395;-15.139561883870044;-2472.5738380137086
73.25715230008898;42722.90686736668;1924.3208618165418
1.999940388001482;449.9597799852534;-192.1759526820783
0.0
64.24476526309395;-15.139561883870044;-2472.5738380137086
73.25715230008898;42722.90686736668;1924.3208618165418
1.999940388001482;449.9597799852534;-192.1759526820783
0.0
64.24476526309395;-15.139561883870044;-2472.5738380137086
73.25715230008898;42722.90686736668;1924.3208618165418
1.999940388001482;449.9597799852534;-192.1759526820783
0.0
64.24476526309395;-15.139561883870044;-2472.5738380137086
73.25715230008898;42722.90686736668;1924.3208618165418
1.999940388001482;449.9597799852534;-192.1759526820783
0.0
64.24476526309395;-15.139561883870044;-2472.5738380137086
73.25715230008898;42722.90686736668;1924.3208618165418
1.999940388001482;449.9597799852534;-192.1759526820783
0.0
64.24476526309395;-15.139561883870044;-2472.5738380137086
73.25715230008898;42722.90686736668;1924.3208618165418
1.999940388001482;449.9597799852534;-192.1759526820783
0.0
64.24476526309395;-15.139561883870044;-2472.5738380137086
73.25715230008898;42722.90686736668;1924.3208618165418
1.999940388001482;449.9597799852534;-192.1759526820783
0.0
64.24476526309395;-15.139561883870044;-2472.5738380137086
73.25715230008898;42722.90686736668;1924.3208618165418
1.999940388001482;449.9597799852534;-192.1759526820783
0.0
64.24476526309395;-15.139561883870044;-2472.5738380137086
73.25715230008898;42722.90686736668;1924.3208618165418
1.999940388001482;449.9597799852534;-192.1759526820783
0.0
64.24476526309395;-15.139561883870044;-2472.5738380137086
73.25715230008898;42722.90686736668;1924.3208618165418
1.999940388001482;449.9597799852534;-192.1759526820783
0.0
64.24476526309395;-15.139561883870044;-2472.5738380137086
73.25715230008898;42722.90686736668;1924.3208618165418
1.999940388001482;449.9597799852534;-192.1759526820783
0.0
64.24476526309395;-15.139561883870044;-2472.5738380137086
73.25715230008898;42722.90686736668;1924.3208618165418
1.999940388001482;449.9597799852534;-192.1759526820783
0.0
64.24476526309395;-15.139561883870044;-2472.5738380137086
73.25715230008898;42722.90686736668;1924.3208618165418
1.999940388001482;449.9597799852534;-192.1759526820783
0.0
64.24476526309395;-15.139561883870044;-2472.5738380137086
73.25715230008898;42722.90686736668;1924.3208618165418
1.999940388001482;449.9597799852534;-192.1759526820783
0.0
64.24476526309395;-15.139561883870044;-2472.5738380137086
73.25715230008898;42722.90686736668;1924.3208618165418
1.999940388001482;449.9597799852534;-192.1759526820783
0.0
64.25433889725382;-15.147664281739528;-2478.8099191212086
73.25682203374618;42722.870455199016;1924.5284710314247
1.999601049358546;449.94982245516405;-192.1138025814108
0.0
64.25687054124434;-15.150809337327754;-2479.9936644342606
73.25668673437855;42724.04257437442;1924.6230352768503
1.9995848703047212;449.9720873258057;-192.09970404876077
0.0
64.25735632063045;-15.150860534008924;-2480.1162493604816
73.25667226752256;42724.25050751504;1924.6342884779608
1.9995796165529733;449.97016169524164;-192.0987821234256
0.0
64.26851655888197;-15.155957082042349;-2487.475362351451
73.25635513136679;42723.07863964553;1924.8108335628901
1.9999428191967448;449.9299508362721;-192.0290722690702
0.0
64.27816570634587;-15.174337605760964;-2489.4069773670103
73.25587714398736;42730.0883686541;1925.1084417891323
1.9999157963459846;449.94794358799703;-192.02649664411115
0.0
64.27535701398732;-15.149651989149826;-2493.325623273102
73.256503821508;42718.68052971236;1924.8908207004367
1.9996298132993866;449.9370544386412;-191.94923263980988
0.0
64.27535701398732;-15.149651989149826;-2493.325623273102
73.256503821508;42718.68052971236;1924.8908207004367
1.9996298132993866;449.9370544386412;-191.94923263980988
0.0
64.27535701398732;-15.149651989149826;-2493.325623273102
73.256503821508;42718.68052971236;1924.8908207004367
1.9996298132993866;449.9370544386412;-191.94923263980988
0.0
64.28634036915945;-15.165093464623649;-2495.482700389031
73.25573595514328;42727.90843902832;1925.2976906160968
1.9994494186789604;449.96466400311743;-191.94728803659805
0.0
64.2893723371031;-15.165603402081508;-2496.69823477538
73.25566999152008;42727.270466929156;1925.3382598740577
1.9997511915140582;449.91663649900016;-191.92416673742395
0.0
64.30091823279044;-15.173052943890005;-2499.874561214332
73.25537286329606;42729.36795056654;1925.5429470637437
1.9996214559167598;449.9319064414799;-191.88816288097337
0.0
64.30390741012259;-15.177101082202686;-2500.737331874488
73.25519820669147;42731.4360186891;1925.6282523485831
1.9995347251058841;449.9464845359766;-191.8836044165369
0.0
64.30248962498918;-15.171647120961369;-2500.354981834967
73.25536391580955;42729.216116983946;1925.561789195319
1.99954496632568;449.94031165622226;-191.8805383660404
0.0
64.3034548255039;-15.171159935520102;-2500.877683796444
73.2553424640309;42728.927684191556;1925.5675850254165
1.999371192389791;449.9678129592615;-191.87432531188298
0.0
64.30440628398125;-15.173817804223145;-2501.0006794364967
73.2553046592795;42729.92516426804;1925.6194725056484
1.9995429060982497;449.9278933918149;-191.8730448079364
0.0
64.3044001119476;-15.172833732490698;-2501.0186337111377
73.2553246140449;42729.592437450694;1925.605868998222
1.9995060192307421;449.94764288969145;-191.87094770888524
0.0
64.30649426001074;-15.17310231621252;-2501.7302834392644
73.25526420843627;42729.447869501244;1925.627674702447
1.9995113004338083;449.9395780646081;-191.8622057459586
0.0
64.3065085377998;-15.17310829045462;-2501.7352896253014
73.25526384201426;42729.44953866355;1925.6279417948858
1.9995113252840835;449.93947812082445;-191.86214394970628
0.0
64.3067478262148;-15.173193794804428;-2501.809445560955
73.25525809493661;42729.47346890699;1925.631977498068
1.999511018325187;449.939592612284;-191.86116369361793
0.0
64.30922516771943;-15.181271548919687;-2503.571659709108
73.25517839907042;42732.99559018398;1925.841182677326
1.999600414166881;449.8929102294783;-191.85096069009165
0.0
64.30349256804813;-15.16268786796077;-2503.269223019662
73.25592332816971;42723.8144351688;1925.4265178824812
1.9999796510752044;449.88480676148185;-191.8332112996728
0.0
64.34344385876715;-15.185722258730637;-2509.9500991011782
73.2547999726968;42735.93094558505;1926.320570741499
1.9999790136673408;449.80980923943747;-191.73468554482736
0.0
64.341497079461;-15.185585594406298;-2510.154081438271
73.25498483161407;42735.75602306765;1926.326665413386
1.999458116172668;449.92101016059553;-191.72868052801792
0.0
64.34338574224653;-15.18571876816112;-2510.5346231138287
73.25500155012027;42735.25522110643;1926.3236958227806
1.9998390904161645;449.8705561981314;-191.72139375896762
0.0
64.35354469955682;-15.19849278578677;-2512.9625832793986
73.25467132571366;42743.65600868892;1926.7916707310708
1.9998207470789005;449.8605554181544;-191.68597445303382
0.0
64.38832983437482;-15.181509494698936;-2516.052841800092
73.25456670268956;42739.7956361375;1926.9315081759478
1.9999538729009085;449.72160855568774;-191.56977426406695
0.0
64.39895603402934;-15.207791516565452;-2518.1897075856737
73.25443360251195;42752.6118194876;1927.582723742199
1.999605723640228;449.76929038304814;-191.55213832431943
0.0
64.40678676767632;-15.189227299786738;-2518.2581534778087
73.25454912595234;42743.05745906094;1927.1797538761125
1.9991873103366955;449.86068270696023;-191.53542476655582
0.0
64.39868286567828;-15.185621126085234;-2518.5383461821316
73.2544382582072;42743.55531778174;1927.2145473768269
1.9998886044169724;449.7684218426203;-191.53172719271805
0.0
64.2435501569151;-15.139596752888798;-2472.1518053148066
73.25716805165396;42722.88597832967;1924.297904953841
1.999620400336389;449.9997247717047;-192.18212286399603
0.0
64.24535123982116;-15.143312485720493;-2475.258147703065
73.25704434731453;42721.95968907608;1924.3509392230167
1.9995558135705;449.9957281746774;-192.15681831477738
0.0
64.24854697859045;-15.146491278303719;-2476.49017538281
73.25696755064656;42722.87547279026;1924.4454876779337
1.9996289574635275;449.9815551234982;-192.14092428897013
0.0
64.2514746422802;-15.147248159520052;-2476.9774766205596
73.25691358656955;42722.92185846231;1924.473738575933
1.9995966371097462;449.987559322024;-192.13111551472707
0.0
64.25020695939374;-15.146498657315963;-2478.5145816849117
73.25694493046386;42721.54878945178;1924.469860112784
1.9998060388713732;449.97752662825576;-192.12041099302346
0.0
64.25674473351391;-15.148196127849456;-2480.6068837665566
73.25675125465665;42721.61388346177;1924.5424749451072
1.9997340058993456;449.9701196890942;-192.094475247733
0.0
64.27355636328213;-15.183315036330614;-2486.9007259227765
73.2558598797483;42735.50945194199;1925.2402621982176
1.9999688930217288;449.96550586962275;-192.0632191154726
0.0
64.24014286651693;-15.137234136372388;-2483.5813261053863
73.25809454343513;42716.81072679973;1924.4540220277947
1.9997111516152026;449.95481752160686;-192.0630376162519
0.0
64.26628518307704;-15.160580761999174;-2484.633896240064
73.25633099170521;42727.127890808966;1924.896575916576
1.9995616034531762;449.9886319769859;-192.0599745981715
0.0
64.27576675425078;-15.173364216634313;-2488.6507871388394
73.25593802141383;42729.75986228703;1925.065031375325
1.9998862315399677;449.9530887275362;-192.03599610417737
0.0
64.26884184570196;-15.147269565589461;-2492.0910562677204
73.25668715299173;42717.150055599326;1924.7777636838698
1.9995674485727748;449.9768479083676;-191.96733573300952
0.0
64.2822247053838;-15.167367024881644;-2493.382545981152
73.25593355123655;42728.709676668965;1925.2715248116142
1.9995464447541729;449.9966630880107;-191.9650967822788
0.0
64.27453990240396;-15.154113327637237;-2492.6026291690737
73.25644449746683;42720.350741194416;1924.904082664025
1.999784626091675;449.9535563073166;-191.9630145819527
0.0
64.28391955246671;-15.167790923128436;-2493.9517067510924
73.25589611033716;42728.703804622375;1925.2945867853261
1.9997086473615218;449.96780564612754;-191.95752032615738
0.0
64.28275758323483;-15.150859656154886;-2495.0691505953027
73.2562994939796;42718.06561851485;1924.9198213679654
1.9997927165480247;449.95196849307524;-191.9256076563368
0.0
64.28480950512946;-15.151864436507598;-2496.0358525878946
73.25621644060021;42717.94313753877;1924.9549874932125
1.9995922172349607;449.9761019474736;-191.91482880683654
0.0
64.29087939085535;-15.1708502082574;-2497.619946520053
73.25565624044647;42728.22263764211;1925.4130846342862
1.999739846156446;449.9481040801327;-191.9145786960829
0.0
64.28617058685346;-15.152535799776201;-2496.554777513126
73.25616374225532;42718.36366008284;1924.9941423258188
1.999613311235798;449.9714660000287;-191.90955981168239
0.0
64.2899159481469;-15.154772252857747;-2497.232504772409
73.25595122246284;42719.40351084657;1925.0525228114698
1.9996382778983455;449.9519694151583;-191.90355425208506
0.0
64.29980940986664;-15.171020651382175;-2500.072330937123
73.25542851958193;42728.89138729085;1925.5291834607372
1.99952233098694;449.9935718608651;-191.8821378480567
0.0
64.3019652743062;-15.171388710428552;-2500.51531067812
73.25537141038755;42728.993161952894;1925.5571834493587
1.9996515058818518;449.93971868248656;-191.8795749870107
0.0
64.30136752143876;-15.167536997960086;-2500.470870948568
73.25543679045019;42727.29484666685;1925.4753948287741
1.9995307852532318;449.9931902606976;-191.8741651631947
0.0
64.29714203818303;-15.165325778214982;-2500.8118643311773
73.25577904181671;42724.80279561225;1925.3668005538514
1.999762677822483;449.9289912922798;-191.87348838006713
0.0
64.29581247149001;-15.164627536614093;-2500.77252913059
73.25586913034056;42724.23401222364;1925.3510974233382
1.9998832070941783;449.91988880571455;-191.87294469600977
0.0
64.30725882412146;-15.173762282134748;-2501.9339896390275
73.25524579576447;42729.57531927014;1925.6431727337801
1.9995997346391896;449.93124927141383;-191.85922051388232
0.0
64.30792888247117;-15.173716740496824;-2502.201675363841
73.25522468749354;42729.73445909372;1925.657360861071
1.9995135645831221;449.94597895052146;-191.85656183043224
0.0
64.30393041407835;-15.16356574951532;-2504.0813725831367
73.25583815774743;42723.60357979173;1925.449705363195
1.9999978088699177;449.9195016048756;-191.8278558681128
0.0
64.30393041407835;-15.16356574951532;-2504.0813725831367
73.25583815774743;42723.60357979173;1925.449705363195
1.9999978088699177;449.9195016048756;-191.8278558681128
0.0
64.30393041407835;-15.16356574951532;-2504.0813725831367
73.25583815774743;42723.60357979173;1925.449705363195
1.9999978088699177;449.9195016048756;-191.8278558681128
0.0
64.30860869633977;-15.169902869186572;-2504.446199487964
73.25553458611945;42726.70125470456;1925.5968028513578
1.9997827580032252;449.92369683775956;-191.8263866998542
0.0
64.30921612968586;-15.170887180693335;-2504.678332156755
73.25548638920769;42726.963615861554;1925.6134785490422
1.9998641874027747;449.91456244755926;-191.82467954100812
0.0
64.38924547204296;-15.183748950945844;-2516.3552659094016
73.25455505351106;42740.82890205456;1926.9867248812743
1.9999871310896102;449.783221009588;-191.5680030825585
0.0
64.39388252562829;-15.189088498691458;-2517.886736351517
73.25446470840266;42744.22758634195;1927.1825457661384
1.9999518842473263;449.86649591890364;-191.55286940031627
0.0
64.39388252562829;-15.189088498691458;-2517.886736351517
73.25446470840266;42744.22758634195;1927.1825457661384
1.9999518842473263;449.86649591890364;-191.55286940031627
0.0
64.39388252562829;-15.189088498691458;-2517.886736351517
73.25446470840266;42744.22758634195;1927.1825457661384
1.9999518842473263;449.86649591890364;-191.55286940031627
0.0
64.44493785778351;-15.193517600594038;-2523.732207345294
73.25438874463298;42746.264569197316;1927.6383720777412
1.9998388622729355;449.8767673181281;-191.42832399166386
0.0
64.43266893803944;-15.197989063852908;-2522.6840844468616
73.254388261335;42748.19245453102;1927.7526060596422
1.9997725205802142;449.8667463957479;-191.42240292349888
0.0
64.24914858562094;-15.147064567674052;-2476.8902610730206
73.25697947037233;42722.66970334242;1924.4571856677205
1.9996416079354322;449.99922620313964;-192.1355925882796
0.0
64.25940632918739;-15.160588595969209;-2480.1597405889297
73.25653460532185;42727.12276040997;1924.6986895605264
1.9998321731546973;449.9889525147568;-192.1159852591541
0.0
64.25155589940934;-15.145812688454619;-2478.981106516752
73.25689399572333;42721.81218675272;1924.4826673308717
1.9997158265076374;449.9942229566605;-192.1148067994681
0.0
64.25357236803539;-15.14663264562838;-2479.636008230665
73.25684712510713;42721.8523234104;1924.509872692831
1.9997027980911914;449.99416224576214;-192.10660581957535
0.0
64.25475412273175;-15.150277885032795;-2480.1137572956904
73.25673866962788;42723.17651839732;1924.5775882497683
1.9997185962360022;449.981702154907;-192.10556736062492
0.0
64.2742883343514;-15.170201822064888;-2487.450945369123
73.2560878406605;42728.57755220893;1924.9909015224878
1.9998998524654572;449.9602497106131;-192.04258483323676
0.0
64.26417355868206;-15.151971159178892;-2488.1256279229247
73.25668897372908;42719.36146752591;1924.6852857122954
1.999785242567778;449.9645819956831;-192.01714881796144
0.0
64.28770519848055;-15.153553878672692;-2496.7619486739113
73.25607223264458;42719.711756108656;1925.0365962818132
1.9995922265754997;449.9943613893086;-191.9103522271404
0.0
64.28911740961544;-15.154270259885145;-2497.605723596799
73.25599500438994;42719.1214158359;1925.048869751463
1.999613757070447;449.98224636110024;-191.9012574177091
0.0
64.33385169159274;-15.168512532676324;-2508.4163170909096
73.2550848812576;42727.99247217268;1925.8437221227466
1.9999985095956807;449.91557814875625;-191.7574509806537
0.0
64.34348215692954;-15.19970087389011;-2510.3236141269117
73.25473224925312;42744.04063899116;1926.663826662318
1.9999912593991993;449.93705652036675;-191.73420547517574
0.0
64.34268043408316;-15.174136870058184;-2510.751312730162
73.25502269794285;42728.27407689027;1925.9779621914274
1.9998014439917258;449.9479611035233;-191.71745069850286
0.0
64.41231839526714;-15.18660429660893;-2520.604926071667
73.25462346652304;42739.750642356106;1927.1037298878077
1.999578894089792;449.98313054283085;-191.50618956183288
0.0
64.25167199396944;-15.144933235962704;-2481.837702359011
73.257373557371;42720.19146664068;1924.47741469022
1.9999132496680123;449.9836062186909;-192.0825693694185
0.0
64.26103523202337;-15.153484149041107;-2485.4175896563415
73.25662652318421;42721.26677077529;1924.6916245154123
1.9997842855246846;449.99963687141565;-192.04653599148406
0.0
64.27672512019336;-15.173434844896732;-2488.820292246062
73.25595105918762;42729.06813253382;1925.0471084967871
1.9999120136125224;449.9793943278844;-192.03109107987936
0.0
64.26728526487464;-15.151458529249515;-2490.3955081039157
73.25645879242296;42719.70485982634;1924.7965462493844
1.9999337532580521;449.9786265249737;-191.99591977124274
0.0
64.2744989872563;-15.154903488233938;-2492.507925811897
73.25630582162792;42720.54109341244;1924.9157897616458
1.9999837427262759;449.97584413920487;-191.96650807926608
0.0
64.2834092052779;-15.151217381773009;-2495.3087909522824
73.25627602520926;42718.201342373024;1924.9320973028
1.9999755152860903;449.9738467546385;-191.92312341756494
0.0
64.29552578431931;-15.169803097355869;-2499.045483121274
73.25565957486288;42727.24567970972;1925.4237518728294
1.9998892656739164;449.9918734675656;-191.8921225191583
0.0
64.260785941905;-15.145322081122952;-2487.0183956494984
73.25698008022853;42717.0853212952;1924.5517941107278
1.9999749794306796;449.98186388453536;-192.02257662099439
0.0
64.29307801717273;-15.166379106093743;-2499.955535722885
73.25594086385436;42724.603370713834;1925.3296184533701
1.9999755396266081;449.97782310910975;-191.88775158629684
0.0
64.2417653683871;-15.13891607631993;-2471.541307215102
73.25722004263744;42723.213231405294;1924.3009429297358
1.9995120168868916;449.9854540843672;-192.18740968024971
0.0
64.24295626216019;-15.139311316437906;-2472.015983814218
73.25718767009663;42723.31065323158;1924.3227847879787
1.9994744996092417;449.989454729681;-192.18167441547095
0.0
64.24873964542378;-15.146100154678296;-2478.3104130578186
73.25694476203074;42722.42991829588;1924.4843324572305
1.9997660899968375;449.9843152298262;-192.127995906011
0.0
64.25272360698845;-15.14721493056548;-2477.3904985320114
73.25689773755803;42722.96296111704;1924.497661045884
1.9999162397352785;449.94750519815847;-192.12495495295252
0.0
64.25473415763965;-15.148119724319713;-2478.440390863764
73.25692652067633;42722.76462390999;1924.5265103390363
1.9995732752894755;449.94577930123324;-192.11331792280166
0.0
64.26633526005898;-15.16148786146808;-2486.7686312425985
73.25640358103395;42725.857239724115;1924.9152367453469
1.9997558204718617;449.93273395644314;-192.03875711056085
0.0
64.2666445011249;-15.155594056863478;-2486.814557064575
73.25646089854634;42723.099094165016;1924.7978998929166
1.9998860208585356;449.9142661774264;-192.03318439718333
0.0
64.27140793020645;-15.161573396470251;-2490.199202650343
73.25621512531627;42725.70894716273;1925.0270750554173
1.9999077602290025;449.89829061495436;-192.0044970540978
0.0
64.26260354016884;-15.145627963228911;-2490.34953026168
73.2570767517936;42717.70261925417;1924.7238924250123
1.9995310105202833;449.92113935525447;-191.9868909151978
0.0
64.27833605835997;-15.163414534637154;-2491.875631252513
73.25601766491168;42726.53772467219;1925.1253561443739
1.9999283453638275;449.8967716558726;-191.98285077491371
0.0
64.27579347662791;-15.156651754054895;-2493.616731101798
73.25638986635427;42721.67422928684;1925.005362803725
1.9998244941279875;449.91422566742995;-191.9539190130739
0.0
64.2864689892519;-15.168654547864037;-2495.328500216753
73.25579788780574;42728.08003391805;1925.325839026843
1.9998927403033688;449.86559947241454;-191.94276652764486
0.0
64.2849842316417;-15.152310081887828;-2495.4542008572744
73.25630678626548;42720.71443149929;1925.0560582542084
1.9995389119134395;449.9201996899957;-191.91752049775894
0.0
64.30564031671268;-15.177185176042038;-2500.792393798274
73.25520566086463;42731.745581928204;1925.633826769305
1.9992885518183767;449.9804562991678;-191.8822884729021
0.0
64.3077166942482;-15.173733261036546;-2502.1816694800696
73.25522661120387;42729.79513212895;1925.6581787907844
1.9995169473013272;449.9488073194101;-191.8573184866217
0.0
64.3079598989241;-15.182265094197131;-2503.52228754827
73.2551638862162;42733.80799605207;1925.8690602735062
1.9996782969435485;449.9101998178089;-191.8555128302205
0.0
64.31121340083902;-15.180969370481764;-2504.1584401173177
73.25518012578561;42733.28757208131;1925.8730748386351
1.999836650714108;449.8878926409846;-191.8434028441567
0.0
64.33276511254599;-15.189827006691125;-2505.088912107065
73.25500786488332;42741.012479996134;1926.349387104242
1.9995785476354506;449.91462572488126;-191.79290686825266
0.0
64.33833310232386;-15.194331408454792;-2508.6621713454974
73.25487008408754;42742.50907944179;1926.5483564045298
1.9998804511352695;449.88505600955517;-191.74991145077755
0.0
64.33813503889104;-15.179793581405578;-2508.8468841557715
73.25516734929893;42732.51449546568;1926.1368178138218
1.9999809554536374;449.81169281830114;-191.73895093638447
0.0
64.34497532306993;-15.185767215662453;-2510.3993333743506
73.25498439751094;42735.991241832184;1926.3514222699375
1.9991868137551592;449.9765790222131;-191.72243248224694
0.0
64.34742922170281;-15.187905410226158;-2511.684413174662
73.2548840187339;42737.617767355085;1926.4477218679094
1.9996326931681014;449.8971192803651;-191.71792223883844
0.0
64.35061838862316;-15.189383515362106;-2513.2422297404423
73.25493570982664;42737.24624424317;1926.5113873881571
1.99962550868136;449.905727929304;-191.68998450534332
0.0
64.35967641973015;-15.191336880251166;-2515.085649865584
73.2548238941483;42738.183359020004;1926.6485651534601
1.9998698096776197;449.83704178646576;-191.66003071637616
0.0
64.39870546979236;-15.18564924704893;-2518.592496866684
73.25445176681723;42743.659208895246;1927.2176737825196
1.9999322289512036;449.7619658807517;-191.53198977943453
0.0
64.40100731003781;-15.187586989164558;-2518.8200461748393
73.25445149959734;42744.28736862238;1927.2903436000477
1.999833689208704;449.77817321710086;-191.5203088413274
0.0
64.41871047887297;-15.19002545970653;-2521.23145207881
73.25454967241305;42743.264057892055;1927.328638675866
1.998983265034541;449.9961660696082;-191.48879347237727
0.0
64.40310976556542;-15.181021394071502;-2522.603900146989
73.25475391895947;42742.65756444591;1927.379795104407
1.9995623717607747;449.7894863463465;-191.46723182228286
0.0
64.25166893416703;-15.147787188659235;-2477.1148648954913
73.25689699546756;42723.306879143616;1924.4929518411375
1.999615295016934;449.99086204778706;-192.13063416543295
0.0
64.23492306756384;-15.13390947551285;-2481.417291258261
73.25856310042043;42719.06818092299;1924.5424340184595
1.999678979735257;449.95938847292723;-192.07426951550892
0.0
64.27491911215404;-15.166250356671457;-2490.204256705469
73.25595417112685;42730.17768154352;1925.1855219598312
1.9995898848164686;449.9723012458417;-192.0129072899017
0.0
64.28049745033594;-15.177709949077764;-2491.464602772633
73.25593486325002;42731.53560911581;1925.2474341683323
1.9999629747155816;449.91784942522577;-192.00568631638802
0.0
64.27199455982385;-15.157100315771727;-2491.846175214663
73.2562939817023;42722.2700518946;1924.9601855012077
1.9997367398546755;449.9521011794083;-191.97873013169973
0.0
64.27337648226994;-15.157639314040367;-2491.8176776321757
73.25626086100658;42722.770960820664;1924.9778549610442
1.9996640847854588;449.9460275694777;-191.9785094250079
0.0
64.26859745840439;-15.152714692571713;-2491.771120975457
73.25682439358256;42720.88772928919;1924.8975246136076
1.9998777910599403;449.9305809514204;-191.9735856323201
0.0
64.26579195994893;-15.15045271245816;-2491.391930142975
73.25695292809328;42720.145413542654;1924.8799363463343
1.9995524762121506;449.9379249902533;-191.9735080791993
0.0
64.29085184799538;-15.170907674759837;-2497.5601753620845
73.2556578036843;42728.31875660534;1925.4159235269442
1.9998641768980776;449.929383579048;-191.9151177542183
0.0
64.29367967349819;-15.17451697227188;-2498.61121915769
73.25555496384672;42729.67414870193;1925.5121743536135
1.9999570361068164;449.9143366806121;-191.90478478883946
0.0
64.30039895774416;-15.171544443851634;-2500.2077377755854
73.25545490709277;42729.20349258246;1925.542118110036
1.9995217660611107;449.98892967455185;-191.88354361426414
0.0
64.30274365218673;-15.172160179367209;-2500.7418644871377
73.2553465023121;42729.3516377027;1925.580997376594
1.999551595869505;449.9349183337169;-191.87719098248826
0.0
64.30391543745228;-15.175572046145103;-2500.9752451146915
73.25533788981787;42729.661858708256;1925.6310960278754
1.9995401359248297;449.9424138558854;-191.86975665222917
0.0
64.29789993337546;-15.16540765458797;-2501.162220377522
73.25580155428723;42724.907596102195;1925.386678331341
1.9998723502884719;449.9177182302688;-191.86864974346963
0.0
64.29789993337546;-15.16540765458797;-2501.162220377522
73.25580155428723;42724.907596102195;1925.386678331341
1.9998723502884719;449.9177182302688;-191.86864974346963
0.0
64.29789993337546;-15.16540765458797;-2501.162220377522
73.25580155428723;42724.907596102195;1925.386678331341
1.9998723502884719;449.9177182302688;-191.86864974346963
0.0
64.29659506218665;-15.164372736854016;-2501.157221122254
73.2559125934507;42724.40960918262;1925.3670433493414
1.9997805140467726;449.93120513863755;-191.86801041595055
0.0
64.31172804166604;-15.181538022587446;-2504.283407053327
73.25513120584284;42733.389268079976;1925.8842661918688
1.999925391671331;449.8795780228471;-191.84145868219815
0.0
64.39296856913204;-15.188815426268214;-2518.0065973637484
73.25447473457068;42744.423253752866;1927.1960394941996
1.9999228644253284;449.9164637639344;-191.55221673442955
0.0
64.40605070529875;-15.180286221894635;-2523.5678669637477
73.25480810962748;42737.63680631054;1927.2002528197495
1.9997712042110005;449.92718309279974;-191.45385540791102
0.0
64.27904432562444;-15.151148007251434;-2494.513703845148
73.25652355144219;42719.49236746597;1924.9681058207714
1.9996275381162743;449.9661097061759;-191.93177199598216
0.0
64.27504682750845;-15.149414983463004;-2493.076380800231
73.25657279926922;42719.055351476454;1924.9232890280193
1.999656874418902;449.94457518117946;-191.94875324018187
0.0
64.35978031339272;-15.205950758835453;-2514.5894524193473
73.25467090076812;42747.33022351014;1927.0185396422994
1.9997026617388844;449.93614372906563;-191.6683805786284
0.0
64.24916506492228;-15.144084726742289;-2488.7739617852762
73.25800917119346;42718.07771911242;1924.7102859368467
1.999707285782959;449.9616499404132;-192.00222315203274
0.0
64.25799654432758;-15.159813797600128;-2485.051082895315
73.25663506764676;42724.30462931078;1924.7494930126293
1.9999014933825496;449.9918482956556;-192.06862606575143
0.0
64.31910493798694;-15.181382681859969;-2505.9772042415907
73.25518427405473;42732.200442793655;1925.90897596872
1.9999025814129516;449.9312614178377;-191.81149343594484
