200
4
0.0
61.86090411199699;-15.286790609260205;-2357.8455360743887
73.44525112773682;42910.2032135057;1926.465167893067
1.9994935127496434;449.9599407788585;-193.96209403301458
0.0
61.89489007540421;-15.29766526887011;-2358.8467881380243
73.44413792391794;42911.80088879474;1926.5932911409097
1.999375983599749;449.9727287628469;-193.95523314277483
0.0
61.91568546179002;-15.29625338953022;-2359.7101394830634
73.44423148305184;42910.44068035172;1926.560037898454
1.99951627006015;449.92542401237745;-193.95173859997354
0.0
61.778227435832314;-15.252171659824901;-2354.556163564235
73.4596416246726;42899.195046532965;1925.8720372648907
1.999391938405739;449.9616680349003;-193.94753485868034
0.0
61.9542632042365;-15.296619392641993;-2361.098925677998
73.44482974940532;42908.09552476933;1926.5172492374131
1.9994788565489547;449.922895553253;-193.9409929759196
0.0
61.81251656666793;-15.257603587054101;-2356.2863041597984
73.45708608154483;42899.14264387933;1925.9466536621576
1.9990816263026014;449.9841257532134;-193.93285688742432
0.0
61.81251656666793;-15.257603587054101;-2356.2863041597984
73.45708608154483;42899.14264387933;1925.9466536621576
1.9990816263026014;449.9841257532134;-193.93285688742432
0.0
61.81251656666793;-15.257603587054101;-2356.2863041597984
73.45708608154483;42899.14264387933;1925.9466536621576
1.9990816263026014;449.9841257532134;-193.93285688742432
0.0
61.81251656666793;-15.257603587054101;-2356.2863041597984
73.45708608154483;42899.14264387933;1925.9466536621576
1.9990816263026014;449.9841257532134;-193.93285688742432
0.0
61.81251656666793;-15.257603587054101;-2356.2863041597984
73.45708608154483;42899.14264387933;1925.9466536621576
1.9990816263026014;449.9841257532134;-193.93285688742432
0.0
61.81251656666793;-15.257603587054101;-2356.2863041597984
73.45708608154483;42899.14264387933;1925.9466536621576
1.9990816263026014;449.9841257532134;-193.93285688742432
0.0
61.81251656666793;-15.257603587054101;-2356.2863041597984
73.45708608154483;42899.14264387933;1925.9466536621576
1.9990816263026014;449.9841257532134;-193.93285688742432
0.0
61.81251656666793;-15.257603587054101;-2356.2863041597984
73.45708608154483;42899.14264387933;1925.9466536621576
1.9990816263026014;449.9841257532134;-193.93285688742432
0.0
61.81251656666793;-15.257603587054101;-2356.2863041597984
73.45708608154483;42899.14264387933;1925.9466536621576
1.9990816263026014;449.9841257532134;-193.93285688742432
0.0
62.92663294030517;-15.257193991080054;-2485.2399778360355
73.34098553708384;42825.97112933353;1927.5693400015107
1.9999040411853652;449.8069809450587;-192.51581432205725
0.0
62.93891665671992;-15.262916687220214;-2488.1924890662185
73.33906774341114;42828.57627419953;1927.8018753539845
1.999836332795898;449.7829811744861;-192.48093021067848
0.0
62.934054389487706;-15.255037018190015;-2496.44656482698
73.3391434820961;42820.92054895898;1927.6685145619347
1.9996776809903438;449.8662332771299;-192.40048945459452
0.0
63.033188245698504;-15.259324989448393;-2502.3075379535276
73.33205935822463;42821.85916216335;1928.0611840952765
1.9994340323280846;449.8785565954285;-192.3048273899345
0.0
63.03378845758327;-15.260061788128043;-2502.6143391860924
73.33197514193148;42821.88656321577;1928.0770124967696
1.999421434451417;449.89654202206833;-192.3018413166369
0.0
63.0360096483737;-15.259889215958465;-2502.681013579168
73.33200127094848;42821.769189607985;1928.0746400290727
1.9994234751470867;449.89377067636553;-192.30087120442994
0.0
63.82388021155926;-15.356231106592862;-2519.555221723132
73.2537852911632;42855.982590733845;1930.1977506509959
1.9993034722949778;449.7734937260405;-192.29283613642858
0.0
63.05600260550613;-15.260599104923413;-2503.7182523901956
73.33395243307902;42820.83110955978;1928.077671230009
1.9992853891216678;449.93787914908086;-192.28886450650378
0.0
63.05714843222783;-15.260846750709234;-2503.8739706421534
73.33344780425946;42820.80849589697;1928.0825693145098
1.9990877919049974;449.96260673132645;-192.2876464740584
0.0
63.804980756548;-15.353119527812522;-2519.5937025951584
73.25529727903546;42849.3190628809;1929.8910483826953
1.9991714193514791;449.87477451267375;-192.2822639029646
0.0
63.81367546108382;-15.353167691432077;-2522.1395739992
73.25504636152633;42848.41369257467;1929.9050291591814
1.9998712981782043;449.7257448872591;-192.26777998839248
0.0
63.82884598563238;-15.35836750507858;-2522.798280142051
73.25478182202662;42849.93404953199;1929.9684658805643
1.9991374179663886;449.77414373393253;-192.26718827756414
0.0
63.671557051962225;-15.266289063285049;-2518.297007861093
73.26179540778216;42812.707166018714;1928.2033645532354
1.9988597729974535;449.9600832597067;-192.23767302100165
0.0
63.749562505416954;-15.333638901948285;-2522.242358624195
73.2610092109567;42839.557054407946;1929.5486285795719
1.9995080471195303;449.6593502555564;-192.22708408885478
0.0
63.749562505416954;-15.333638901948285;-2522.242358624195
73.2610092109567;42839.557054407946;1929.5486285795719
1.9995080471195303;449.6593502555564;-192.22708408885478
0.0
63.749562505416954;-15.333638901948285;-2522.242358624195
73.2610092109567;42839.557054407946;1929.5486285795719
1.9995080471195303;449.6593502555564;-192.22708408885478
0.0
63.77406227719852;-15.333049641406019;-2525.238199031152
73.25961698694668;42840.88247805769;1929.7353218166525
1.9997477753368116;449.6142089135493;-192.18777423183627
0.0
63.72106451842942;-15.308356610530025;-2530.4951635725565
73.26073157676316;42836.24214441867;1929.7300139381543
1.9978565618525557;449.7024214360494;-192.1113376258769
0.0
63.85579883878172;-15.320741820244361;-2538.5164457227656
73.25629182836695;42839.390015269455;1930.3685670011055
1.9996518236272292;449.4481847904322;-191.9605338172603
0.0
63.87523895202478;-15.318093846570823;-2542.614776136225
73.25568446163514;42836.57936231176;1930.4910026741952
1.999568406431226;449.60529359662917;-191.87619149236403
0.0
63.9067658753911;-15.321436220384431;-2547.9899697694063
73.25360916474705;42838.94297908441;1930.8047067188006
1.9997060902137307;449.4064013517014;-191.8092727832461
0.0
63.921644090392775;-15.327950588142187;-2549.4211276054853
73.25356009077674;42843.33692552919;1931.0591241709647
1.9998967579954674;449.4004168184527;-191.79178981275052
0.0
63.92389393747626;-15.329211560198887;-2549.541953437312
73.25354995817445;42844.014372677346;1931.0942717891028
1.9999857720195264;449.3898564027248;-191.79055514790886
0.0
63.93852554326503;-15.332473468326597;-2549.20761042599
73.2535286263777;42850.16179976898;1931.4090850924865
1.9999708817276873;449.3763827429468;-191.7857523997925
0.0
63.94434006725614;-15.333586231503816;-2548.9819259480523
73.25332023459829;42853.89134231699;1931.6076075047972
1.9999570906730135;449.27375029696276;-191.78278120242408
0.0
63.94434006725614;-15.333586231503816;-2548.9819259480523
73.25332023459829;42853.89134231699;1931.6076075047972
1.9999570906730135;449.27375029696276;-191.78278120242408
0.0
63.94434006725614;-15.333586231503816;-2548.9819259480523
73.25332023459829;42853.89134231699;1931.6076075047972
1.9999570906730135;449.27375029696276;-191.78278120242408
0.0
61.770993328289684;-15.250386929811448;-2354.1342565622
73.46111793825557;42899.191475439424;1925.8558414353784
1.9994795143674298;449.9777436450031;-193.94922183299295
0.0
61.77091887286073;-15.250381965128568;-2354.121033741228
73.46114238972177;42899.16734577989;1925.8557212769974
1.9994817171954609;449.9767790295688;-193.9488660441078
0.0
61.87098530236278;-15.260133410398494;-2359.2326020719524
73.44744274767208;42897.24602148508;1925.962345379637
1.9995344574507736;449.9753437611881;-193.92449979227436
0.0
63.0360823029992;-15.260287124893072;-2502.3587317862816
73.33184391341577;42822.7909952252;1928.1029826583492
1.9998167517158398;449.9105967994875;-192.3025033532535
0.0
63.03451636189351;-15.259981642965638;-2502.643073473339
73.33197564420877;42821.814858985905;1928.075049889067
1.999423835054189;449.8970257513685;-192.30149971033273
0.0
63.036737797209526;-15.25980906898335;-2502.709745051195
73.33200177285381;42821.69748639602;1928.0726774057036
1.9994258767828672;449.8942545843122;-192.30052961770718
0.0
63.069752254482104;-15.262024400765089;-2506.1218032577904
73.33368664456094;42820.3863534295;1928.1524856321844
1.9993696949313013;449.9944488207285;-192.2582161105415
0.0
63.783321623786065;-15.348300612761705;-2521.7868515888413
73.25809605855987;42843.82325791239;1929.706637729671
1.9999135497605331;449.86756555909096;-192.25202728708092
0.0
63.81006804309607;-15.34751834459347;-2523.759432910428
73.25571704865058;42844.798419658895;1929.7733663377132
1.999235381318328;449.8235831050201;-192.24957604999653
0.0
63.78858947314523;-15.343907669363396;-2525.537021575036
73.25845452961202;42842.452627260864;1929.8148129589918
1.9992866641428284;449.8046573474679;-192.18993442331666
0.0
63.831096962571586;-15.297816035796023;-2538.1959742158892
73.25670425689029;42828.07392958177;1929.8905144756727
1.9997996301481742;449.5550133930703;-191.92906454350694
0.0
63.88159687640519;-15.327024536519811;-2545.1424510333986
73.2536462255426;42841.35318140446;1930.7588563840231
1.9999415097530762;449.50247238443507;-191.87780936966053
0.0
63.883177232246;-15.326852753429637;-2545.561048289937
73.25364877204846;42840.98607324101;1930.7540918089421
1.9999214149014233;449.50434829480884;-191.87249715082325
0.0
63.864415854007746;-15.303008044258117;-2542.209956250834
73.25658840034465;42835.94442871647;1930.4980087138533
1.9996802993422527;449.5566920715857;-191.8555394855668
0.0
63.912969236114485;-15.31514386955182;-2549.6369620342966
73.25365040099445;42834.6257438348;1930.687106148509
1.9997977597392929;449.4254325689636;-191.78842440529587
0.0
63.950955471340215;-15.334481885601605;-2549.517985253936
73.25338226922523;42851.4917472322;1931.5042384554456
1.9999926551150182;449.3144439712434;-191.77709846323987
0.0
61.77177698733003;-15.248622106767215;-2354.184180809144
73.4611656569956;42898.25973834992;1925.818195027422
1.9995007321970735;449.97985971739394;-193.94645089747544
0.0
63.81231974970477;-15.349226599258087;-2523.339675371864
73.25568798755566;42844.63766066626;1929.7775646757957
1.9993786260816317;449.8665120595223;-192.2444346146996
0.0
63.80234147487249;-15.331360804516578;-2529.625093393965
73.25736321623589;42839.59931148607;1929.8810453554347
1.9996743429077521;449.8367975073074;-192.12424584736019
0.0
63.91618334793921;-15.292061389738569;-2551.0830470585574
73.25418018263629;42829.79702156277;1930.6308806460418
1.9998128415803114;449.4893754292382;-191.71295247995266
0.0
61.819491202616305;-15.275488370149677;-2356.2764161933183
73.45126899507436;42906.72327906699;1926.2539460821513
1.9993799438538085;449.9668299647946;-193.96971820606416
0.0
61.88113787259471;-15.293209772898724;-2358.2287787195473
73.44590142194083;42911.87868587096;1926.553566142233
1.9993657175736417;449.9612032264691;-193.9671725393404
0.0
61.88463192665247;-15.297445685125034;-2358.5709851028205
73.44432069070542;42913.010154088355;1926.6242254701442
1.9996706180726886;449.8904103520094;-193.96273867252188
0.0
61.846108357151934;-15.285163913559416;-2357.7191934237044
73.44858347728658;42909.40129300119;1926.4210311546526
1.9992894582592093;449.95300216221966;-193.96121057845176
0.0
61.8164300748655;-15.265561702847615;-2356.417541596684
73.45193715018111;42902.64848972822;1926.0861889467592
1.9995432696859001;449.9329557235524;-193.95236248619494
0.0
61.96991184192304;-15.298696254553258;-2361.4893470802454
73.44904469163453;42908.46618866032;1926.5394090072468
1.9994333987184636;449.92474293033996;-193.94660765358446
0.0
61.83302453397515;-15.262844457965182;-2357.146357881563
73.45395540958427;42900.050317380425;1926.0053898080305
1.9996674051159427;449.9196648859068;-193.9425269257032
0.0
61.78109078955706;-15.252231122719618;-2354.7632031150238
73.46200927084425;42898.56470094829;1925.867949805113
1.999267333915773;449.9809484759117;-193.93952569814886
0.0
61.81301318038592;-15.25829054295744;-2356.615417998068
73.45662226650549;42899.2518419874;1925.9638865602928
1.9990489730201777;449.9824393601406;-193.92866067771018
0.0
62.909904380927564;-15.25991864082545;-2485.2111253688036
73.3414227561428;42828.69032978038;1927.6846016714242
1.9998638341739408;449.8124931902838;-192.5173881568835
0.0
63.50058169475982;-15.288080171351439;-2507.6191184920617
73.27859662449109;42837.06594642317;1928.827112087967
1.9990030424881073;449.85377928908997;-192.40042729447262
0.0
63.82690898090657;-15.353989512868525;-2519.9847589613337
73.25493623385877;42851.868670925185;1930.019831592576
1.9993233268116242;449.830269838661;-192.2882268980297
0.0
63.808649374603135;-15.350460709707544;-2520.5134473578473
73.25491528535825;42853.185515672085;1930.1111941909044
1.9992645584473356;449.84683827283794;-192.27364228330885
0.0
63.79317689122759;-15.350147332311773;-2522.1310349589094
73.25636008521433;42846.306217064615;1929.8042434758504
1.9996428727500202;449.7895415581868;-192.26321043601686
0.0
63.81841190061105;-15.353673565216141;-2522.185100555212
73.25512421340774;42849.25253061103;1929.9590750856257
1.9995004338275324;449.7702881805128;-192.26290652734374
0.0
63.6976634351562;-15.289165573817604;-2527.6079606099706
73.26199748536652;42821.168817813676;1928.8451835140634
1.9983878775431079;449.85534252427925;-192.15861589017922
0.0
63.881350264954584;-15.33037323451429;-2543.6472052122804
73.25367188534977;42842.82400944428;1930.763774577527
1.999959250487563;449.52204145388976;-191.89917281331614
0.0
63.84660141584354;-15.29372087003296;-2539.6413074313823
73.25702048832184;42829.909275730344;1930.073835234648
1.9996329217402826;449.57997302399866;-191.89801674882085
0.0
63.86569897305291;-15.309683750226602;-2540.648072237796
73.25673173980148;42838.218065719615;1930.499973544986
1.9996969462339313;449.5438043558981;-191.89010856732415
0.0
63.883875998755876;-15.327904877156936;-2544.8559231546255
73.2536533159721;42842.22262143483;1930.7716637191243
1.9998928912719482;449.47776001997585;-191.886633495231
0.0
63.86000457043454;-15.30482139313114;-2541.9073374754494
73.25678602759895;42836.68706629098;1930.5074422875741
1.9997812286020515;449.5274847363252;-191.86305117331003
0.0
63.86459300602288;-15.305520859029397;-2543.1044122209896
73.25600306083913;42836.676995688074;1930.5636510394825
1.9997627017718285;449.52578345771457;-191.85098545628944
0.0
63.88769429643603;-15.322592070521205;-2546.187757954197
73.25555592399799;42838.766645430915;1930.74812491793
1.9995764367374842;449.4447244079496;-191.82658455599756
0.0
63.890643653130475;-15.323696020206249;-2547.382166293304
73.25547088046882;42838.373408671054;1930.7692177295567
1.9995689500128266;449.46395026036805;-191.81510670593147
0.0
63.898183389385935;-15.331074563276125;-2547.7145169994687
73.25355203400952;42854.14393656304;1931.513235431413
1.999992864161274;449.42430500608816;-191.81395402547236
0.0
63.898183389385935;-15.331074563276125;-2547.7145169994687
73.25355203400952;42854.14393656304;1931.513235431413
1.999992864161274;449.42430500608816;-191.81395402547236
0.0
63.898183389385935;-15.331074563276125;-2547.7145169994687
73.25355203400952;42854.14393656304;1931.513235431413
1.999992864161274;449.42430500608816;-191.81395402547236
0.0
63.898183389385935;-15.331074563276125;-2547.7145169994687
73.25355203400952;42854.14393656304;1931.513235431413
1.999992864161274;449.42430500608816;-191.81395402547236
0.0
63.898183389385935;-15.331074563276125;-2547.7145169994687
73.25355203400952;42854.14393656304;1931.513235431413
1.999992864161274;449.42430500608816;-191.81395402547236
0.0
63.898183389385935;-15.331074563276125;-2547.7145169994687
73.25355203400952;42854.14393656304;1931.513235431413
1.999992864161274;449.42430500608816;-191.81395402547236
0.0
63.898183389385935;-15.331074563276125;-2547.7145169994687
73.25355203400952;42854.14393656304;1931.513235431413
1.999992864161274;449.42430500608816;-191.81395402547236
0.0
63.90778790822999;-15.321402608354887;-2548.00940232871
73.25361534888016;42839.0262584734;1930.8079780424243
1.9997232813909027;449.4132056510285;-191.808588931424
0.0
63.912987580739795;-15.325588587056151;-2549.1928633081357
73.25356682656673;42845.69619540557;1931.1504307330956
1.9998807570559185;449.39567065057395;-191.7992042531914
0.0
63.910702801639886;-15.322506225895346;-2549.2034978501897
73.2536525192578;42838.635242324606;1930.8292182273253
1.9997138558156318;449.4328473658159;-191.7970956623693
0.0
63.92341177954447;-15.32806808924753;-2549.6735778272514
73.25357356775274;42843.735259457404;1931.0898168601607
1.9998782382703586;449.4088882288621;-191.78996934513745
0.0
63.95106678925519;-15.334438114488874;-2549.6703029056216
73.25338292058622;42851.56860170751;1931.5133947026782
1.9999864231387219;449.3144368640931;-191.775210875017
0.0
63.911302057778144;-15.316669883159287;-2549.5839964727093
73.25371167250339;42835.34498825587;1930.790394618641
1.999679210415449;449.4299127435118;-191.77228263119449
0.0
63.92578367582509;-15.32849230138108;-2549.954249386505
73.25356214701807;42845.392446183425;1931.2199750583552
1.9999100511364025;449.3943975176915;-191.7722427640021
0.0
63.971777191605405;-15.329485254448356;-2550.9880214749965
73.25334691318524;42869.59705537888;1932.5522982892257
1.9999970953136634;449.29507520097303;-191.72065965910681
0.0
63.96593939982916;-15.329109409731739;-2550.892637334668
73.25337129347851;42864.067212594724;1932.3140433337767
1.9999560861333254;449.3010861600041;-191.70828454058977
0.0
61.769641479260514;-15.254009785831443;-2353.946909249739
73.45902980544585;42901.76904014038;1925.9592008852806
1.9995862562039983;449.9546320645903;-193.95515119948703
0.0
61.77414818180694;-15.251640162954358;-2354.2831342564323
73.46024459099911;42899.445830442855;1925.8735018321734
1.9995214352683837;449.9709325028388;-193.9494837503204
0.0
61.772016878825376;-15.25034525231805;-2354.1627785288138
73.46126369611592;42898.8777964118;1925.8435027954413
1.9994724521596852;449.97533852145034;-193.94852242391602
0.0
61.81459286736015;-15.262216465332761;-2356.8041187490403
73.45198201062873;42901.79040925978;1926.0575558868898
1.999725733591605;449.92291220710905;-193.94850749862303
0.0
61.77194240835052;-15.250340274377477;-2354.1495517160874
73.46128814881816;42898.85365043478;1925.8433823417836
1.999474654929187;449.97437355784314;-193.94816646927435
0.0
61.77344459684369;-15.251659545535881;-2354.184963653236
73.46203309297941;42898.851127269685;1925.846537699896
1.9994125212254097;449.9780517144878;-193.94741553015456
0.0
61.7732927725285;-15.251513020825248;-2354.14306468608
73.46208686514278;42898.76513160052;1925.8424957168354
1.9994118445742852;449.9783948504115;-193.9473604261417
0.0
61.82660850743772;-15.259435172549384;-2357.5979734979737
73.45625516452738;42899.53217740965;1926.0627676885042
1.9993440223600358;449.9878391824701;-193.90424714269287
0.0
62.93228766597505;-15.255288462030622;-2492.4046446651546
73.34006289199206;42826.86122713709;1927.870581765746
1.9998981323256146;449.91933649110246;-192.42367645752606
0.0
62.947772168419185;-15.251084643422667;-2497.1020540267773
73.33954855873496;42823.06310798777;1927.8926076958578
1.9996010563029967;449.8714012997332;-192.3567702932901
0.0
63.03219753445551;-15.259329540891303;-2502.2688548611436
73.33225251302777;42821.90333638086;1928.0613235743226
1.9995073450110041;449.86274202677595;-192.30526248662753
0.0
63.0564936733425;-15.262927265301933;-2503.25076158414
73.33352746953388;42821.86238826135;1928.1038225800828
1.9990882422518288;449.93245572643565;-192.29820768043592
0.0
63.828767920440875;-15.355588524412733;-2520.578030444593
73.25550063415506;42848.8484647543;1929.9196838018609
1.9993259261786267;449.8763178272017;-192.27095424684848
0.0
63.785111720260645;-15.340886355345038;-2522.1458137512286
73.25762388006335;42845.25945636798;1929.7798422143173
1.9992663828335675;449.92446574092077;-192.25041094958434
0.0
63.76681219396213;-15.30706200091556;-2533.8624005641764
73.25835373111167;42835.61892886438;1930.0307396033324
1.9988044388644304;449.90004043100106;-192.00202035328562
0.0
63.881352214758046;-15.330890919127892;-2543.677471519942
73.25366609154754;42842.83179787515;1930.7643987849021
1.9999950228894348;449.5314845008642;-191.8991267665198
0.0
63.883878214718514;-15.32874855972229;-2544.8862196802243
73.25364743233243;42842.23038642881;1930.7722872068923
1.9999287337593188;449.4873466018818;-191.8865873273801
0.0
63.921651720321584;-15.328291287111568;-2549.414659055377
73.25356296865124;42845.36417803409;1931.1509885071168
1.9998916432731857;449.4114715391587;-191.79537787405474
0.0
63.92638195853057;-15.328578705176145;-2550.199830720019
73.25356116016202;42847.49588245781;1931.3149313691035
1.9999248772371447;449.40019252260595;-191.7744888657117
0.0
63.908968761387584;-15.315027809661416;-2549.5645886693783
73.25371000737735;42835.933968355304;1930.8318497111109
1.9997061477285043;449.4303450864296;-191.77076427688374
0.0
61.775441997455715;-15.251631972825216;-2354.5446261858633
73.46113255821695;42899.4358273121;1925.878742285373
1.999630858468846;449.97520640231016;-193.94958074817816
0.0
61.887079128004956;-15.27171253845017;-2360.825222131517
73.44985839417683;42903.4113440547;1926.2904939116354
1.999489090824954;449.97537272897847;-193.91800391328354
0.0
63.039073268009865;-15.261866288405463;-2503.620737189181
73.33193455041923;42823.12850075021;1928.1680779581125
1.9997069476622025;449.91113047853804;-192.28714760803447
0.0
63.81159349715356;-15.352170203859671;-2520.094018956015
73.25488622368553;42853.02694420931;1930.1155018350203
1.9993290737501521;449.89167218208814;-192.26850014496304
0.0
63.78763733642038;-15.338005652900675;-2528.063734217591
73.25797471910958;42841.848351652014;1929.8823342741557
1.9994423938147006;449.8913168058071;-192.1586501985776
0.0
63.92626244906883;-15.314461009510442;-2550.788757686501
73.25367780947853;42838.46282407261;1931.0017480603494
1.9997571164592511;449.5000259439855;-191.7450180080414
0.0
63.805661300764115;-15.352888482890634;-2519.6988033604857
73.25501302351705;42851.520674185784;1930.0753138399732
1.9998838682837368;449.9303864291641;-192.2656483181198
0.0
63.74171656182263;-15.335814630554623;-2521.3871364975853
73.25814489101748;42843.95975733851;1929.7411271723408
1.9997498349648937;449.93301768371913;-192.2473763435989
0.0
63.83806252860158;-15.350330991101663;-2527.5323524874075
73.25537757617856;42848.76473980467;1930.2320848594147
1.9999370439965847;449.9140281977856;-192.16562004283423
0.0
63.92185777871525;-15.31074392321221;-2551.1124938804674
73.25370937200637;42837.45580990108;1930.9885497118999
1.999768700902375;449.5120687231652;-191.72778347585498
0.0
61.90420157411063;-15.321796503628446;-2359.319021175902
73.44445858425117;42924.55558009934;1927.138270339772
1.999301934855911;449.98916275784563;-193.9873209057243
0.0
61.85227855551339;-15.29366357701387;-2357.11196361961
73.44600728592755;42914.203667440546;1926.606811928255
1.999309290676157;449.9769489530976;-193.97641671795995
0.0
61.907155163187106;-15.317100939592612;-2359.3199105164053
73.44503275738987;42920.46600907181;1926.979276140822
1.999564188167457;449.8959944469526;-193.97320158374222
0.0
61.87444581293597;-15.293771690428516;-2358.127955061293
73.44858107918601;42912.71669279187;1926.5788957778962
1.9999072737391532;449.8640015941346;-193.9720455937609
0.0
61.891054999396;-15.303253141244022;-2358.574421857171
73.4450977691552;42916.03979761935;1926.7495398025972
1.999248453491643;449.99118946793317;-193.97145480794728
0.0
61.87965577116534;-15.287090575858558;-2358.595127425574
73.45003198120651;42909.182203076554;1926.438523729649
1.9992797927706696;449.9568084784392;-193.96106741965346
0.0
61.81804842602674;-15.275112715192789;-2356.7300497440765
73.4515771579469;42907.89604040727;1926.3205399709398
1.999031499074924;449.9940055828594;-193.95807276964302
0.0
61.853068236696146;-15.285558134075792;-2357.940653793774
73.44866478071437;42909.44038861211;1926.4479208125974
1.9990973617078138;449.97388197284704;-193.95582440884172
0.0
61.79147038845581;-15.261011332734757;-2356.0642393294547
73.45549782998017;42902.124728660754;1926.0469054012574
1.9999920695674618;449.8587800007215;-193.94893240083056
0.0
61.88567652242964;-15.280295990950501;-2359.4044069114757
73.45102912598766;42906.6039046056;1926.3722049559428
1.9995108267697361;449.91510658178373;-193.9416376224651
0.0
63.63714558509803;-15.32378394225611;-2502.4492796297914
73.26635321334378;42842.51422394108;1928.8795353576481
1.9996772534159843;449.62437329538784;-192.4884336687743
0.0
63.01885679417063;-15.261951406786052;-2501.00321412435
73.33235678274465;42823.80040197874;1928.0920304778265
1.9993657138598944;449.87190305596914;-192.32246620809903
0.0
63.020066819520764;-15.259248801490934;-2501.8957366608247
73.3324599572886;42822.403799306376;1928.0689543286198
1.9993320442143236;449.8980090836734;-192.3077131754523
0.0
63.02512170906111;-15.259259898292626;-2502.048302614782
73.33264703870572;42822.17158685348;1928.0648975828597
1.9993425076152072;449.89744552841074;-192.3065711431598
0.0
63.7938997593243;-15.358003612165485;-2518.693647456357
73.25535177328736;42852.60073778128;1929.9995025549895
1.9994166792842671;449.8269865120049;-192.29810554660457
0.0
63.82301989662282;-15.354799540055392;-2519.6665806448054
73.25550680633374;42849.829013948794;1929.9240890914962
1.9992018600493813;449.8482545221354;-192.28579640465318
0.0
63.840816742259584;-15.355831145202153;-2527.3849049181968
73.25532824035398;42851.41575415781;1930.3523287272967
1.9995649080929274;449.82147331691436;-192.16837432317064
0.0
63.7320518091069;-15.324444389078598;-2532.3236721183025
73.2596028546448;42845.56943321711;1930.1614536742018
1.9981049701689946;449.6949856845483;-192.12313179887832
0.0
63.83594091375737;-15.293746346220534;-2538.460510503567
73.26088042053104;42831.335100338336;1930.0907657944604
1.9998643782387604;449.5961318421916;-191.90897523901725
0.0
63.87974590555864;-15.329581097234685;-2543.2363061762767
73.25365467126265;42842.957544905774;1930.774066401268
1.999923038252441;449.4907548508374;-191.90055415732078
0.0
63.883922075698344;-15.33026834328299;-2544.197084566536
73.25372460165347;42842.37616121067;1930.7825001907386
1.9999078931249754;449.53133514642815;-191.8875852488282
0.0
63.858364518140476;-15.30498326998391;-2541.700505601591
73.25747173211151;42835.94269455215;1930.4412224670223
1.99980597055737;449.5333453653238;-191.87216469208172
0.0
63.875954181427694;-15.315863816967548;-2545.0452008204716
73.25625133279905;42841.29253723181;1930.8041746470906
1.9994598563140469;449.3780752205507;-191.83776215328615
0.0
63.87545879605103;-15.311873890940216;-2545.123864440162
73.2565195609066;42839.48677151185;1930.7284640269702
1.9993988607358215;449.35073586118136;-191.8338022342122
0.0
63.91224380796587;-15.327815925394207;-2548.732239345556
73.25356672856543;42846.871382511286;1931.1766461523218
1.999954878991602;449.34617713423614;-191.80960255121843
0.0
63.943871525974394;-15.332867484015189;-2548.120003773253
73.25338713407038;42853.24844990769;1931.5198195822475
1.9999410980592218;449.30097687432857;-191.79472574581453
0.0
61.842989896644674;-15.283555322910662;-2357.401333230334
73.45013211102149;42909.9398221838;1926.4346938239462
1.9995909248760209;449.93403711807;-193.9631029186599
0.0
61.7702153173228;-15.25435501702747;-2353.9852207412937
73.45888014966197;42902.000778393754;1925.9695712410328
1.9995896333854617;449.9524491550307;-193.95579441013535
0.0
61.75633543118058;-15.250323379124065;-2353.6307841334274
73.46107558848439;42900.37344786494;1925.883427537028
1.9994526566591893;449.9866876993476;-193.95419174809257
0.0
61.81489773600223;-15.264440037588438;-2356.5712887045634
73.45201901125053;42902.408919213754;1926.0774663387194
1.9997514619810033;449.90342144475807;-193.95171105635274
0.0
61.77090103765006;-15.251544632263732;-2354.0703866125027
73.46191458329739;42898.92454006607;1925.84631270358
1.9994125287481184;449.9780037546611;-193.94778282178675
0.0
61.77539899937223;-15.253306568392253;-2354.313098127711
73.46067367362681;42899.671971696036;1925.8884266530886
1.9993905077046392;449.9775335408157;-193.94692029896473
0.0
61.77674012073247;-15.25329362222389;-2354.3567372817356
73.46145375181531;42899.58119648053;1925.8862028998537
1.9993945001218667;449.97705921224707;-193.94654876168784
0.0
61.773446240766596;-15.251739619725289;-2354.181087447091
73.46150528374316;42898.96162407854;1925.8549061460774
1.9994134539115707;449.97404081690985;-193.94545763910693
0.0
61.773446240766596;-15.251739619725289;-2354.181087447091
73.46150528374316;42898.96162407854;1925.8549061460774
1.9994134539115707;449.97404081690985;-193.94545763910693
0.0
61.773446240766596;-15.251739619725289;-2354.181087447091
73.46150528374316;42898.96162407854;1925.8549061460774
1.9994134539115707;449.97404081690985;-193.94545763910693
0.0
61.773446240766596;-15.251739619725289;-2354.181087447091
73.46150528374316;42898.96162407854;1925.8549061460774
1.9994134539115707;449.97404081690985;-193.94545763910693
0.0
61.773446240766596;-15.251739619725289;-2354.181087447091
73.46150528374316;42898.96162407854;1925.8549061460774
1.9994134539115707;449.97404081690985;-193.94545763910693
0.0
61.79601605725542;-15.262767347255966;-2355.6775541893794
73.45782755486547;42902.083645800776;1926.068942401355
1.9991983668283262;449.9866285302007;-193.93454341635302
0.0
62.929513204582506;-15.251340776215297;-2496.84561693589
73.3415069837489;42823.94367150219;1927.9206426478465
1.9997696857335368;449.82655767978866;-192.35716700342562
0.0
63.746634497323384;-15.344906442880495;-2520.7040560436503
73.26090979161602;42846.23453386061;1929.7641324002523
1.9992700169548898;449.92120390516715;-192.26142324002282
0.0
63.9398755155575;-15.329660965852378;-2549.2169727453083
73.25364176054867;42843.798498256096;1931.027324451786
1.9998141297878753;449.41773412037685;-191.8185185078638
0.0
63.90937893512957;-15.324143625390915;-2548.9540887473486
73.25364999977954;42841.06474311258;1930.9309532191066
1.9997469765238407;449.4429603072668;-191.80828329479152
0.0
63.92972513503528;-15.329518776393707;-2549.225343421032
73.25364154402412;42843.867732172694;1931.050353062605
1.9998557790289588;449.4141393691164;-191.80636791285775
0.0
63.911584800589;-15.323990741344987;-2549.0556094743715
73.25365286524216;42839.207002109855;1930.8580590861582
1.9997268429852604;449.43548531388535;-191.80336662923773
0.0
63.91315604491131;-15.32413926670548;-2549.474232438318
73.25365540473408;42838.84085477341;1930.8533776869401
1.9997067602846401;449.4373637839697;-191.79804192439923
0.0
63.91315604491131;-15.32413926670548;-2549.474232438318
73.25365540473408;42838.84085477341;1930.8533776869401
1.9997067602846401;449.4373637839697;-191.79804192439923
0.0
63.91315604491131;-15.32413926670548;-2549.474232438318
73.25365540473408;42838.84085477341;1930.8533776869401
1.9997067602846401;449.4373637839697;-191.79804192439923
0.0
63.91937939925718;-15.328341172093873;-2549.1914051246504
73.25359172833532;42844.37269308366;1931.0935917723114
1.9997382607466854;449.3627641478192;-191.79601553260417
0.0
63.95198342730702;-15.334025554117183;-2549.834673615902
73.25338540273717;42851.7991652824;1931.528774674185
1.9999839405527924;449.31841568990774;-191.7740741425351
0.0
63.952089766607735;-15.334018737774658;-2549.874643490158
73.2533853625647;42851.81212802009;1931.530894022401
1.999984221923948;449.31837590035707;-191.77357717917755
0.0
63.906771362771586;-15.31492233786109;-2549.483541538337
73.25371109906875;42835.99994431688;1930.8331507175956
1.9997104726518151;449.43093254670583;-191.77043609262074
0.0
63.967960065620154;-15.329226585791291;-2550.9579998823388
73.25337178924924;42864.57677190288;1932.3187271232157
1.9999673290203002;449.317368973719;-191.71577980206058
0.0
61.83006474654548;-15.261375057163567;-2357.6573373832443
73.45623286872292;42900.224315275744;1926.1480875577925
1.9993624970263493;449.98700460984344;-193.88633447982298
0.0
63.68894223079466;-15.28824958511122;-2528.2803931192834
73.26436633158747;42824.5183121316;1929.0535440266196
1.9995891719845256;449.9645885069162;-192.13646708695504
0.0
63.941846329159;-15.329654224920453;-2549.4119176868207
73.25362531117577;42843.85070817853;1931.0704808905816
1.999834741620357;449.4190589469926;-191.80174298196536
0.0
63.91172480281742;-15.322472605246174;-2549.222919858055
73.25365875619832;42838.71848130755;1930.8324898006142
1.9997311264908515;449.43959607036226;-191.79641102976402
0.0
63.91343305741181;-15.315166541340654;-2550.069388483173
73.25371234927324;42835.72400194803;1930.8608110267523
1.9997462307027898;449.42468253426495;-191.75980137112722
0.0
63.8594163513362;-15.284370364304284;-2545.166150366119
73.26251328733191;42829.14073110783;1930.3300682250308
1.9999012062999277;449.5399548497445;-191.7962655121837
0.0
63.019238148905586;-15.262129495885276;-2501.1712831124883
73.33238698910061;42823.942892939835;1928.104313347131
1.9993554863014396;449.8752826411012;-192.31985235720532
0.0
63.880677873326995;-15.32935753674239;-2543.3119693582394
73.25366736954591;42843.61559074742;1930.7961609871086
1.9999094033888252;449.5196999636865;-191.9004621964824
0.0
63.94711967579938;-15.333654356376607;-2548.6220981252973
73.25339360586055;42853.91010866174;1931.6517209928977
1.9999564269909318;449.3403941542565;-191.76895818537403
0.0
61.810034901101645;-15.261978725255304;-2356.2088411330824
73.46005801422776;42902.07885151899;1926.0744614097723
1.9990000787789002;449.964453600257;-193.93690155917898
0.0
63.71854334838798;-15.340345367968947;-2519.088471194987
73.26136785571452;42848.628220777966;1929.8199689403955
1.9988919203158348;449.76346264392674;-192.28233632207932
0.0
63.91214276609319;-15.322874362905145;-2549.528720105272
73.25365877198251;42838.80962057318;1930.8543705853945
1.9997084810551597;449.4403400051448;-191.79593791465953
0.0
61.82260591805717;-15.284719135287272;-2356.8996838159956
73.45019586624318;42910.894028822615;1926.4698885343173
1.9991638021297462;449.9951934676124;-193.9614871953406
0.0
63.55499430686125;-15.291574633094875;-2511.955149279743
73.27508453510458;42839.02405845872;1929.171975366882
1.9989214959371777;449.6561725558592;-192.3171907548847
0.0
63.571271488769035;-15.301106661399045;-2504.654133176358
73.27746161859757;42843.51440060662;1929.0019404631862
1.9990180944599136;449.93705874572004;-192.44196066382602
0.0
63.70441049916011;-15.280914255396723;-2531.2286542799548
73.2653803675861;42825.99543406796;1929.3333298815633
1.9981410137773363;449.829444896916;-192.06519573190909
