200
4
0.0
63.50764784430749;-15.641692681112996;-2313.916109736411
73.25811393951665;43079.24729319973;1931.5000516135324
1.9993223980872403;449.9306621108617;-195.0732227934545
0.0
63.49906562453485;-15.627026755615894;-2313.8894806578287
73.25913086206934;43073.09626266253;1931.2019460233416
1.9994921462321644;449.9078891766712;-195.06856328494538
0.0
63.51307264309323;-15.643171336468445;-2315.2833178764936
73.25803153640805;43079.453556130415;1931.562832945041
1.9991236038236553;449.9442047693954;-195.05548650860013
0.0
63.551486294912046;-15.65162746167583;-2325.350333540324
73.2571193507792;43081.65403997189;1932.0431988769833
1.9998006518698719;449.8321527842752;-194.93494080722218
0.0
63.553753803666005;-15.654865938354314;-2325.5801413659988
73.25710972999381;43083.81462511935;1932.1436628944202
1.9997429476120399;449.89641156189487;-194.9316369200181
0.0
63.560005779191584;-15.661749558289037;-2324.619508367116
73.25703547744561;43091.26467436784;1932.518780777636
1.999819019829845;449.77257155615524;-194.9233910267287
0.0
63.56975429297637;-15.661292833600218;-2324.810382678195
73.25692905008785;43095.12246959762;1932.8398148207239
1.999883111391024;449.6201027024113;-194.89330858758296
0.0
63.570987707885905;-15.662248258497934;-2324.94804076161
73.25690919112668;43096.49312534943;1932.9170340760431
1.9999833083929122;449.619514270624;-194.88979595115737
0.0
63.57736033214876;-15.661881628821163;-2325.1033176597202
73.25689392342264;43099.562290795664;1933.1082188480716
1.9999109301506408;449.6089677714294;-194.87676876271252
0.0
63.580963008456216;-15.664193149242937;-2324.2694450756017
73.25685530315145;43105.7291647335;1933.364129490934
1.999955179721354;449.589531418422;-194.87667590986948
0.0
63.5800418066374;-15.664164108739806;-2325.017444396553
73.25685544996324;43103.27496509784;1933.3073540781158
1.9999633364548444;449.5871521129063;-194.87216092476402
0.0
63.5800418066374;-15.664164108739806;-2325.017444396553
73.25685544996324;43103.27496509784;1933.3073540781158
1.9999633364548444;449.5871521129063;-194.87216092476402
0.0
63.5800418066374;-15.664164108739806;-2325.017444396553
73.25685544996324;43103.27496509784;1933.3073540781158
1.9999633364548444;449.5871521129063;-194.87216092476402
0.0
63.590816115547945;-15.664274507311827;-2325.1738733081147
73.25687285908293;43101.96704170552;1933.268988057929
1.9998786374876447;449.5886409930145;-194.86996988546585
0.0
63.45005719961047;-15.582708220496418;-2324.7162728288886
73.26968299744253;43056.49531838609;1930.9575675932306
1.9999253496470937;449.5463044576984;-194.8656371092374
0.0
63.47815042501447;-15.562757523105955;-2334.379388641312
73.27100124549335;43046.196235807016;1930.9337363875024
1.9994504877527708;449.8004651503212;-194.71245353679063
0.0
63.64027735042909;-15.640141982366382;-2339.0564819923943
73.25708319590466;43081.581489480624;1932.833565134001
1.9996886216950887;449.5844703819528;-194.6855843247109
0.0
63.65353367702296;-15.618490491002417;-2343.776726240781
73.25709363974052;43068.38023821666;1932.4592127715875
1.999973237250558;449.4706413021362;-194.6112581951629
0.0
63.665596197016555;-15.590029871616753;-2345.277510800799
73.25716743009266;43053.66184251755;1931.892875756853
1.9995919937987803;449.4948339503375;-194.57361471274154
0.0
63.67310819552722;-15.590831549198942;-2346.3499326142287
73.25713030331684;43056.98378985468;1932.0521157877708
1.999553127468876;449.5173465719699;-194.55423630505115
0.0
63.70124135779365;-15.610749335870347;-2348.9111213029446
73.25704815762109;43074.62543351939;1933.0872722161241
1.99972966847896;449.40707179572695;-194.49157093423713
0.0
63.6465768499672;-15.552012456513765;-2347.503700388832
73.26771687369886;43045.54121954539;1932.162107444616
1.9988427201213905;449.66297390952803;-194.37353561421887
0.0
63.50927741153628;-15.640433026878226;-2315.049741627972
73.25820912895142;43079.0048829783;1931.5343858933584
1.9995700671462124;449.965869028465;-195.05908306664617
0.0
63.54936169696101;-15.661815649785641;-2323.3932577990972
73.25705628893125;43088.31724274731;1932.2976214899727
1.9999255535354028;449.95484235519785;-194.95074718451858
0.0
63.554372666475416;-15.655836472340582;-2326.5813268961474
73.25708502226207;43084.03054716271;1932.1720299091344
1.9999024235209995;449.8916431307417;-194.92448041020612
0.0
63.57404394529224;-15.663109960556007;-2324.662558923502
73.25690820179864;43098.14825939627;1932.998596484405
1.999944570554728;449.6343881450267;-194.8861718882374
0.0
63.57799711633593;-15.661896500245117;-2325.1499279915192
73.25689423201199;43098.79429326024;1933.0834603484188
1.9999189695587107;449.6095063496417;-194.87421883050823
0.0
63.568262359405004;-15.656995190060199;-2329.932494176658
73.25706209870799;43083.73204124482;1932.3226269080644
1.9998995172446339;449.91700640595286;-194.87161502367383
0.0
63.50154783726251;-15.619183377262772;-2330.2560586198492
73.26342898160185;43060.83579742907;1931.1865820912249
1.9998818682894661;449.93986175247926;-194.8690895585367
0.0
63.59190911633623;-15.663747271728916;-2325.2118263546577
73.2568703153466;43102.35558714934;1933.2999956753165
1.9999570189509546;449.58069519365523;-194.86517619533657
0.0
63.50505290349055;-15.622606440982084;-2330.609374069001
73.26337429005255;43063.37369678211;1931.3782654623637
1.9995047872992036;449.96874582783676;-194.85746106721635
0.0
63.505647078147966;-15.623047406749686;-2330.60916454243
73.26335407294926;43063.87815355679;1931.4023273387465
1.9994863219246923;449.9721366359544;-194.85663046553307
0.0
63.50807539863988;-15.624970076808276;-2330.5217218297685
73.263245357454;43065.77903851026;1931.4930722855986
1.9993977443125568;449.9849175226168;-194.85441512176337
0.0
63.58345163195919;-15.6526978487095;-2332.382211663562
73.25698179021879;43086.64976101;1932.61526244107
1.9998418366695878;449.9265440915553;-194.83015112763937
0.0
63.50143187934163;-15.596896115315198;-2332.1709212374176
73.26670246048135;43056.82614416032;1931.3152364556713
1.9998787246915735;449.75157385589955;-194.77167269490067
0.0
63.2215448529513;-15.490333911172064;-2319.8861502429595
73.30070574465235;43007.598837641664;1929.3999029244828
1.9998055142161921;449.820176144198;-194.69929508597593
0.0
63.63999512182581;-15.640518707187802;-2338.553810049761
73.25707434172878;43082.23925627426;1932.8419139779178
1.9999136701072175;449.59685970252826;-194.6932392427846
0.0
63.592198196615676;-15.577272001006584;-2337.0992958021657
73.26116040387919;43053.66917774289;1931.5241002172197
1.9995292367377415;449.9277191152931;-194.6694169233669
0.0
63.592198196615676;-15.577272001006584;-2337.0992958021657
73.26116040387919;43053.66917774289;1931.5241002172197
1.9995292367377415;449.9277191152931;-194.6694169233669
0.0
63.592198196615676;-15.577272001006584;-2337.0992958021657
73.26116040387919;43053.66917774289;1931.5241002172197
1.9995292367377415;449.9277191152931;-194.6694169233669
0.0
63.54480286182997;-15.554326583081636;-2339.197477915979
73.26778566046632;43041.97449061814;1931.1384289634461
1.9992405860500095;449.9892578174409;-194.5876430044269
0.0
63.33589474383002;-15.505394924073537;-2332.0945180706285
73.29207868171162;43005.59658250688;1929.7961366832856
1.999464814905827;449.94632598929945;-194.56421818931565
0.0
63.67234606275308;-15.593165697454989;-2345.8481347154334
73.25712141762439;43057.65629525566;1932.0610142217947
1.9997735834046475;449.5297031748306;-194.56194743717214
0.0
63.66954522970779;-15.574442878112803;-2347.0752542088508
73.25723230772087;43046.482796937256;1931.588651341368
1.9997595411606888;449.61306534920163;-194.54414072643272
0.0
63.49381984087407;-15.543103612462852;-2340.6168059787137
73.27640735523339;43010.78993149841;1930.275079894545
1.9995348203426335;449.89681980078063;-194.5231369838999
0.0
63.45736171365019;-15.531578633125225;-2340.09580816111
73.28156040553667;43010.527769946406;1930.2790456750508
1.9994387793160528;449.9821096064605;-194.49324410637908
0.0
63.5995491485315;-15.55671197045718;-2345.665078701683
73.27163200869923;43012.810456687155;1930.5909123378906
1.999709633005314;449.8723414026985;-194.47299441478725
0.0
63.64174948080502;-15.544474370291553;-2356.0025832571496
73.27091084157236;43034.13313099314;1932.0414174554132
1.999296528951176;449.975023712324;-194.25832019468365
0.0
63.80096130282699;-15.572651743267073;-2364.329969351375
73.25833324381574;43041.08866339026;1932.6945216100946
1.9997597229119088;449.57073314629366;-194.1913868787737
0.0
63.574279493568255;-15.659174137470751;-2330.5490441962424
73.25705484659554;43084.58408971661;1932.4250728188772
1.9999932382428307;449.92183481305807;-194.85119575086372
0.0
63.51849577317902;-15.621069544273457;-2331.985865622811
73.2629013506216;43064.32143145096;1931.494169459005
1.9994717118727208;449.988568328094;-194.8300681396274
0.0
63.50939320819176;-15.597897231086492;-2332.1938368821625
73.2665093890192;43057.10981704734;1931.4089710891437
1.999881281630649;449.76066905022816;-194.74616656368073
0.0
63.58681123542405;-15.610128263923478;-2336.1203587080245
73.25899544076596;43054.85628862893;1931.5346578731355
1.9995313977767535;449.9785522412137;-194.740316864039
0.0
63.29449776479319;-15.490769763577598;-2326.147410684145
73.29386753710261;43001.96564409665;1929.405303586945
1.9998505332235208;449.89843712645126;-194.6390718088188
0.0
63.36015571076314;-15.515270446355087;-2339.1892785063055
73.29151170853982;43008.45129921854;1930.1881215680403
1.9994950551033204;449.95267317707845;-194.47909683551748
0.0
63.18052740869284;-15.489446722392938;-2318.3954683628813
73.30438619839369;43008.52961643514;1929.380673368708
1.9999906763726918;449.798626004871;-194.71574563283372
0.0
63.18162691286176;-15.488390324281347;-2318.6677253274224
73.30442481980026;43007.87701100807;1929.3631076733604
1.9999618734336924;449.8390850929862;-194.71091226744772
0.0
63.18188660487584;-15.489868771069567;-2318.799879956581
73.30440041122485;43008.52942092731;1929.3969975308348
1.999985511322849;449.7975920777578;-194.71018574035347
0.0
63.462213770354566;-15.524946233092054;-2341.0717304701275
73.28182312663495;43010.44945778179;1930.4290951625494
1.9995558605103652;449.9878938592327;-194.46113193591893
0.0
63.521283551426016;-15.582609118582274;-2336.9077712687417
73.26767243248005;43053.75307208114;1931.4621494319704
1.9999960847368667;449.9495468497047;-194.6717058975145
0.0
63.576656592004156;-15.555098129581959;-2345.029505909804
73.27241256324297;43012.30154954112;1930.5504227815402
1.99999522973309;449.8926773858741;-194.47325273676563
0.0
63.29029042484793;-15.571285768087733;-2301.4855481590266
73.28329895621467;43067.452245283;1930.5008632625277
1.999182697812974;449.90454084247824;-195.14159084816652
0.0
63.515314121606444;-15.645214402868907;-2316.0862703123253
73.25794300719852;43079.90696165919;1931.6088787068634
1.9991474063108117;449.9785105942123;-195.04780376216772
0.0
63.545689587330116;-15.649351690233827;-2323.179141460179
73.25720543763043;43081.451518945396;1931.939277402924
1.999419712449158;449.79418047405846;-194.95734118915144
0.0
63.54745174889895;-15.650959808609949;-2324.0590960203217
73.25719859923979;43081.90862057128;1931.986229579985
1.9993881010281562;449.74497792893544;-194.94671157832414
0.0
63.54736683829101;-15.647624844724477;-2324.0804695925895
73.2573207603043;43079.2707355386;1931.884427657733
1.9997732167313285;449.69277342457997;-194.94470986600044
0.0
63.55134229036094;-15.654578669031402;-2324.0624036799613
73.25709928407468;43086.72525214435;1932.1860057493504
1.9999776211735047;449.5961507578129;-194.94078951263216
0.0
63.42707070033871;-15.592842208384344;-2320.8401127095017
73.2695781903779;43066.560212688775;1931.2544847505303
1.9993828491158145;449.5794072343403;-194.92973362307836
0.0
63.452515594693125;-15.601886770508564;-2322.0545552740537
73.26713866720853;43068.661651814735;1931.403541991212
1.9996155269533453;449.5391279676044;-194.92330260606641
0.0
63.50898589780804;-15.590802643822357;-2334.0260657811286
73.26702469066076;43057.68739213189;1931.4513581232616
1.9988979807916187;449.91733687869646;-194.73572955736284
0.0
63.62075128294113;-15.634587686980868;-2338.2164911619598
73.25707701666771;43084.64253099967;1932.9239875701155
1.999628206723497;449.49724445882026;-194.70065664248776
0.0
63.62075128294113;-15.634587686980868;-2338.2164911619598
73.25707701666771;43084.64253099967;1932.9239875701155
1.999628206723497;449.49724445882026;-194.70065664248776
0.0
63.62075128294113;-15.634587686980868;-2338.2164911619598
73.25707701666771;43084.64253099967;1932.9239875701155
1.999628206723497;449.49724445882026;-194.70065664248776
0.0
63.642206915774274;-15.634553904815247;-2341.618351500778
73.25711069658627;43079.8644451696;1932.928156172302
1.9998509746668283;449.4640513846985;-194.64977883212504
0.0
63.652539792563985;-15.629560461035053;-2343.2595777647366
73.25705037073594;43085.16817829733;1933.1935424356943
1.9997171221009653;449.46985419464295;-194.61216824777514
0.0
63.6720952782417;-15.59118863072266;-2346.2490885422517
73.25713234933781;43057.526681892974;1932.0691938742807
1.9995344951572895;449.5214088044533;-194.55504290852278
0.0
63.80061839123458;-15.573109080258597;-2362.762743650859
73.25841560862112;43042.075885705024;1932.7470765180788
1.999384920654615;449.5534774754543;-194.18861619168808
0.0
63.50896426533097;-15.640399675354828;-2314.7518258281643
73.25814167832688;43079.30797870868;1931.5335862554564
1.9994649867342826;449.92020792840674;-195.06296370029358
0.0
63.51504916511532;-15.647400633282672;-2315.8735285484
73.25783714631622;43081.252377811885;1931.662841062225
1.9992695006321257;449.9264930437299;-195.0514691883024
0.0
63.55065224977702;-15.650710904306823;-2325.8699323299984
73.25728163249357;43079.61372898193;1931.974277380797
1.9995511176087062;449.7402508931238;-194.92620662521824
0.0
63.42995064207899;-15.581493743447007;-2321.1812393793366
73.2710856329378;43059.89007077102;1931.0161829707909
1.9994649224620349;449.719944990658;-194.89733698541858
0.0
63.56958870304003;-15.661496574132121;-2324.7916079551715
73.25693459627864;43095.27093737397;1932.8473970032521
1.9998622698518922;449.6263926422017;-194.89317541817366
0.0
63.581364632523666;-15.66481913101179;-2324.8554770059072
73.25688561199009;43102.80069591921;1933.2931246832277
1.999917170803107;449.6093170527698;-194.87285160522637
0.0
63.57938582398219;-15.664083540884514;-2324.943594399249
73.25686184046589;43104.09481656322;1933.3530491995798
1.9998133684625068;449.5959063465431;-194.87113862941402
0.0
63.585627528768576;-15.664324319029202;-2324.974592739528
73.2568638976948;43103.31827463495;1933.3141611084582
1.9999582595025107;449.5885666620836;-194.87086366943456
0.0
63.516527696055704;-15.625655510598598;-2331.051753664458
73.26276552895797;43066.46296783685;1931.5619192258698
1.9996322411158816;449.5983370863429;-194.84380990604106
0.0
63.575878537715916;-15.59124833200448;-2334.9627407840767
73.26137791375184;43059.062529818475;1931.6650963740635
1.9990771893892432;449.9637892573294;-194.71348084575763
0.0
63.620984985263334;-15.632665653396856;-2339.4617125962054
73.25711559690089;43079.270734657795;1932.7779427282164
1.9999485505543575;449.5358628658067;-194.6863388591028
0.0
63.622931746740875;-15.633483459933275;-2340.013800098355
73.25712349028557;43078.50762224895;1932.7385834862641
1.9996745972695227;449.5333901911268;-194.6815923611684
0.0
63.622931746740875;-15.633483459933275;-2340.013800098355
73.25712349028557;43078.50762224895;1932.7385834862641
1.9996745972695227;449.5333901911268;-194.6815923611684
0.0
63.622931746740875;-15.633483459933275;-2340.013800098355
73.25712349028557;43078.50762224895;1932.7385834862641
1.9996745972695227;449.5333901911268;-194.6815923611684
0.0
63.62681446856079;-15.629181661964852;-2341.087583187984
73.25712876491738;43075.72553946646;1932.6670558291346
1.9999853684985212;449.53273924447853;-194.66616966489386
0.0
63.274984381411734;-15.487588839877718;-2326.9741444609017
73.2987789285371;43009.99514617476;1929.9806001029394
1.999445638717763;449.8175437064041;-194.5643442956652
0.0
63.5410025367969;-15.543062674046993;-2344.0014912277825
73.27382818679891;43014.42031570198;1930.625388205972
1.9991362639705272;449.9248896034462;-194.46045427247887
0.0
63.548937312110645;-15.66072112063712;-2323.987719738796
73.25707449459395;43088.935005108644;1932.3362791983923
1.999814737543741;449.9375982176809;-194.94793238878304
0.0
63.55716623169995;-15.655867133352395;-2326.539899415213
73.25712000669135;43082.27841322813;1932.0895456868998
1.999783971285929;449.90835732089585;-194.92552444190162
0.0
63.57574384794002;-15.663110643459765;-2324.1883942109457
73.25693090649085;43098.592911367086;1933.037350908922
1.9999360522305614;449.6553314236537;-194.8831726791058
0.0
63.58686738814786;-15.664630129268694;-2324.9041565811735
73.25688614529363;43102.638017557;1933.2855060843974
1.9999231750642885;449.61554645975735;-194.87276880041787
0.0
63.57148710463274;-15.656618818940732;-2330.037218041865
73.25708786872387;43085.59058886724;1932.4403474028761
1.9996831887897717;449.93999698206966;-194.8606677617565
0.0
63.50436831473396;-15.625377299020606;-2330.4079999012924
73.26357961433736;43066.30304573702;1931.5116309080668
1.999386825122956;449.9738706564666;-194.85531898889138
0.0
63.57840899538155;-15.656843665936;-2330.744787841623
73.25708799085096;43084.901621470875;1932.422608974862
1.9998029857878346;449.8823319587061;-194.85489310520725
0.0
63.50866764915056;-15.625410936135289;-2330.521450188021
73.26322512622296;43066.28372610571;1931.5171408502115
1.9993792683964717;449.98830665011224;-194.85358584014446
0.0
63.50866764915056;-15.625410936135289;-2330.521450188021
73.26322512622296;43066.28372610571;1931.5171408502115
1.9993792683964717;449.98830665011224;-194.85358584014446
0.0
63.50866764915056;-15.625410936135289;-2330.521450188021
73.26322512622296;43066.28372610571;1931.5171408502115
1.9993792683964717;449.98830665011224;-194.85358584014446
0.0
63.58000542004343;-15.656693144213053;-2330.7918811252007
73.25708595939278;43085.20361400157;1932.4449198593684
1.9998362079431808;449.88154206024035;-194.85221561791911
0.0
63.57809381682823;-15.645817751574116;-2332.8234756510847
73.2572145085936;43073.87768588027;1932.0068365349903
1.9996808127675956;449.950637856924;-194.8319875613425
0.0
63.58896762378233;-15.657518659261806;-2330.976210886045
73.25707918552422;43086.85671694466;1932.604897228827
1.9998194516246124;449.87681182025193;-194.82532431301354
0.0
63.49007448664087;-15.618474822857415;-2332.023445912483
73.26630161089555;43065.77051037606;1931.6189123066788
1.9995582541038848;449.80881382136295;-194.81176691848447
0.0
63.63424168776384;-15.636073861030285;-2339.3766084241734
73.25710255841406;43084.28967913284;1932.9527326530415
1.9996406875532022;449.61493449972846;-194.69768789613553
0.0
63.30577570381648;-15.508535368146804;-2325.5643692023827
73.2998500887458;43010.588349727645;1929.7171558071557
1.9993005954090657;449.965882022127;-194.64863798653812
0.0
63.638321803870475;-15.603146750595783;-2342.2628839094355
73.25806648841012;43052.59089103996;1931.7363586859096
1.9994323079206273;449.93670282409386;-194.64170659917855
0.0
63.51843763364054;-15.541446979844025;-2343.936062768512
73.2759459572396;43013.9045921124;1930.584506145945
1.9994232946499533;449.94565424267574;-194.46072267023558
0.0
63.54140520122295;-15.539018777258775;-2344.2183556097684
73.2741887374083;43013.96198712419;1930.583676127647
1.9993403968324894;449.93943720051703;-194.4520818406696
0.0
63.60420605258637;-15.538183680678582;-2350.1099699292395
73.27239476004459;43028.570546991556;1931.6075944977952
1.999232024941242;449.99616459850824;-194.33444125717716
0.0
63.566477309618065;-15.661000604428507;-2329.596214221051
73.25708050400465;43086.94609781913;1932.4720238001933
1.99999988220935;449.9140754365693;-194.86907886973972
0.0
63.572941727733074;-15.657533338576181;-2330.27689473723
73.25708388705596;43085.78892114251;1932.4519515175864
1.999785508890766;449.93482374301175;-194.8601672329952
0.0
63.587274639420286;-15.65027720998908;-2333.162174258261
73.25704235119514;43086.77621939623;1932.6454317845016
1.9996105167164657;449.9747335238895;-194.82025154023628
0.0
63.47378476596731;-15.590040113044227;-2332.4828943542016
73.26975358652355;43054.8923226165;1931.2287138678887
1.9998719149918065;449.8360609119144;-194.75768912132727
0.0
63.44799136153521;-15.572859745363518;-2331.764675413703
73.27278630905867;43051.9544094817;1931.0673982092856
1.9999882921726446;449.62986645284724;-194.75429523971562
0.0
63.21844834691142;-15.490507245602954;-2319.822713043456
73.30107182669582;43007.71413411539;1929.4029756597654
1.9997563587275144;449.84761599679223;-194.69932807361883
0.0
63.62228813876162;-15.614479447529149;-2341.659319442091
73.25770571681795;43058.51973726196;1931.9733363025296
1.9996538783466222;449.7935936244303;-194.65608310685377
0.0
63.63879721739273;-15.612644927420208;-2342.2979328312504
73.25777258761626;43056.58932212003;1931.9159833418598
1.9995727657395521;449.82474452407115;-194.64815933020606
0.0
63.343583027150544;-15.51066675699031;-2337.3821165869813
73.29288102803925;43007.795794992664;1930.0993509170999
1.9994879202269789;449.9435522549799;-194.49529205367114
0.0
63.53383203964394;-15.627396908937968;-2330.929315650393
73.26092422974823;43067.5072506811;1931.601806753692
1.9999615336947232;449.96816293689153;-194.84850115271743
0.0
63.53073537041431;-15.626469991672378;-2331.900569221927
73.26173280490275;43067.394626669935;1931.6636326125736
1.9999574882753781;449.9795563066023;-194.82478911366422
0.0
63.58621213429159;-15.647925035839402;-2333.270495896908
73.25699564754248;43086.791108099285;1932.6526870804041
1.9997464987505036;449.9830064054867;-194.81970089375832
0.0
63.50076422326328;-15.580696477431761;-2334.0427071128333
73.26905629167844;43053.73575042011;1931.317364158259
1.9998749252208006;449.96405665875574;-194.71172058362166
0.0
63.17857069788601;-15.488564059614905;-2318.604692843659
73.3047913258348;43007.99043542881;1929.366080812923
1.9999125986876416;449.86653601615075;-194.71094903588985
0.0
63.24054403958531;-15.482557506947444;-2325.876735467476
73.30062361500399;43002.9476784866;1929.4225878550387
1.9997074131758612;449.97503490280576;-194.61614520926
0.0
63.25065366874634;-15.486955956418571;-2326.60789790636
73.29994686517094;43004.55956781541;1929.531884738746
1.9997153443980669;449.93337062047976;-194.6075873743788
0.0
63.78992381385105;-15.568143338300573;-2363.9304311985466
73.25934106787433;43041.902602272676;1932.919889744885
1.999926575333676;449.86440924166385;-194.11709630163327
0.0
63.49169730456993;-15.642126824548328;-2313.8357333995273
73.25946371808386;43080.95342318169;1931.5531958643626
1.9994922338639236;449.88978999539034;-195.07554560903378
0.0
63.53078204264148;-15.646822160070759;-2318.215054639353
73.25747473934462;43084.99348465396;1931.9216150562727
1.999411290784344;449.7490538605718;-195.01055500842227
0.0
63.42215566366152;-15.6026982754587;-2319.795662080619
73.26873500678361;43071.95903783192;1931.4489175833849
1.9992818413802045;449.65002677546494;-194.95924122448818
0.0
63.374578791606226;-15.561494191436346;-2318.323748510241
73.27682292976903;43055.60810903574;1930.7422387464132
1.9988469847375117;449.7098111477887;-194.904550823897
0.0
63.56909343608425;-15.662382088936265;-2324.7596874108144
73.25695847129086;43095.86379265025;1932.8744561947265
1.999995083352315;449.6158833558949;-194.89362436829757
0.0
63.57026250997401;-15.66263765103718;-2324.6194919470336
73.25694721533645;43096.551431913;1932.909829919504
1.9999754803671506;449.6210621150541;-194.89178508741648
0.0
63.584545667837766;-15.664664731367806;-2324.879020565734
73.25688639243852;43102.83540852775;1933.294928381682
1.99991777163454;449.6136844040148;-194.87265200589448
0.0
63.584545667837766;-15.664664731367806;-2324.879020565734
73.25688639243852;43102.83540852775;1933.294928381682
1.99991777163454;449.6136844040148;-194.87265200589448
0.0
63.584545667837766;-15.664664731367806;-2324.879020565734
73.25688639243852;43102.83540852775;1933.294928381682
1.99991777163454;449.6136844040148;-194.87265200589448
0.0
63.57771721611247;-15.663436184156911;-2324.997465649949
73.25687857020706;43103.36660267101;1933.3266091299217
1.9998634026688502;449.5979872570475;-194.87222090959332
0.0
63.57828595974207;-15.663596429923098;-2324.954580922533
73.25687345464381;43103.41002363415;1933.3334197552028
1.9998583392944067;449.5994067824166;-194.87092424966107
0.0
63.587635001467916;-15.664170152628209;-2324.985342589453
73.25687585995344;43103.32459778974;1933.3319407876243
1.9998434598921866;449.6034476051556;-194.87081269439352
0.0
63.648853325330464;-15.611728491031185;-2342.5824157234765
73.25717249943888;43065.57910119519;1932.3008096585104
1.9997956676652255;449.55572080494727;-194.61741422328234
0.0
63.682462068383686;-15.611841274678824;-2345.8502926339474
73.25715208799217;43067.056608547784;1932.456855656801
1.9996530041220908;449.4938846152712;-194.57535783184733
0.0
63.687661012848835;-15.572749302992424;-2361.9598687932057
73.2651173897229;43046.57289950483;1932.842247243986
1.9994552818409153;449.5816398838764;-194.20575893443365
0.0
63.51239479525235;-15.642476279434394;-2316.4303698569106
73.25797483605122;43082.11299419481;1931.7048115700024
1.999664489136128;449.91247314444456;-195.05092624769557
0.0
63.51487744117178;-15.639734571446676;-2317.971229228359
73.25785236329487;43082.12565073703;1931.752310900795
1.9995819255002096;449.95939455988014;-195.03910714335854
0.0
63.547773338246024;-15.650890084077503;-2324.12594534989
73.25720593901367;43081.88256663318;1931.9920413032103
1.9993901141023493;449.7461847641543;-194.94528315180347
0.0
63.39824172893025;-15.585056609320516;-2319.647730674977
73.27368016629384;43062.97242408243;1931.0870675220035
1.9995100832791475;449.6964033638367;-194.9165500976615
0.0
63.57983213232386;-15.664157324575887;-2324.8005731611056
73.25686517162325;43104.06107696626;1933.3472845942529
1.9999562478012036;449.6106795730284;-194.87074958950942
0.0
63.575548173748956;-15.649033877369542;-2332.451068795331
73.25720977312643;43076.57722585732;1932.1051849024711
1.999361273604989;449.89834498531496;-194.83996350914236
0.0
63.51392022468151;-15.624549322745873;-2331.61449774281
73.26341699243699;43067.202528258946;1931.637526718588
1.999343367548275;449.919369619342;-194.82979887063945
0.0
63.56951724039953;-15.640859614829429;-2333.647913557707
73.25810108399305;43070.97338738408;1931.8823560265025
1.9993259751052257;449.7647257978953;-194.82165949273653
0.0
63.47799077936204;-15.608851555754205;-2331.202381973641
73.26862106956531;43065.36133923915;1931.6639387292967
1.9988905312228225;449.96586868535195;-194.77601892329977
0.0
63.41630263434232;-15.559269718261838;-2330.6474956914435
73.27615040487545;43047.28340519802;1930.8236709739713
1.999262147070762;449.8005807938041;-194.7536216173935
0.0
63.37762862641479;-15.542857300437236;-2332.064371660183
73.28690457230898;43031.82772786462;1930.8740508098358
1.999759224349999;449.68556477299546;-194.59165557042834
0.0
63.79158498526205;-15.580197912274102;-2359.7524503219634
73.25848434403156;43048.31621606396;1932.8973868993317
1.9994930373234034;449.6756141473831;-194.23823483674062
0.0
63.755835117104255;-15.576701291184259;-2354.0963471902164
73.25995008798236;43047.7287540739;1932.9069273765806
1.999466816642005;449.6657945937503;-194.2148702298086
0.0
63.77684485326391;-15.57052037061977;-2363.8297541148727
73.26042866481735;43045.58450524622;1933.0909401032932
1.9995864562718229;449.6063036668299;-194.11645032271247
0.0
63.559757836677285;-15.655528606351035;-2327.956958053482
73.25712162246431;43084.23951097621;1932.2353390818287
1.9996578319076717;449.9037305840089;-194.9066171429141
0.0
63.38572273906511;-15.565428479311715;-2319.954842896285
73.27534307669708;43055.44501112772;1930.7531501339138
1.9995634715642112;449.8835894040768;-194.90158820476444
0.0
63.582611593808586;-15.662798221938273;-2325.5539276909076
73.25693735065107;43102.444820571465;1933.302588684625
1.9999892414537663;449.7797306815466;-194.86690004068302
0.0
63.581480858098395;-15.656866516789496;-2330.7858430555684
73.25708747363504;43085.41203697455;1932.456991430545
1.9999390894859743;449.87637075537975;-194.8517230427386
0.0
63.57680947272146;-15.64695234205255;-2332.625244096055
73.25721711217604;43074.5809217013;1932.0364971715755
1.999562396582993;449.89209793138605;-194.83283215808694
0.0
63.58846221419256;-15.634050378716672;-2334.9863692396175
73.25715959235598;43073.58985753412;1932.1190254099586
1.9997224011030543;449.8653693349057;-194.79603146404412
0.0
63.44613268228714;-15.578395550434974;-2329.2004043301454
73.27279734605466;43058.46659190314;1931.3295269300472
1.999664944847916;449.697669375739;-194.77234817700548
0.0
63.45367215071211;-15.579634199309409;-2334.2423471786387
73.27329144563146;43056.262328963996;1931.3805409813856
1.9996494675113388;449.7023058767274;-194.71263771110583
0.0
63.60866135249815;-15.605545677565116;-2337.518365312071
73.25827586748626;43055.41374611294;1931.7384945295232
1.9995993390591071;449.8525578169447;-194.69690492133782
0.0
63.60899939272654;-15.60563460694559;-2337.567622008117
73.25826735564416;43055.5288327348;1931.7457812994771
1.999601478444782;449.8511634926927;-194.69604064507521
0.0
63.61102154338754;-15.608669669901749;-2337.867472874434
73.25813644504564;43057.448050064646;1931.8278728499433
1.999337825575183;449.8303070738787;-194.69348638609364
0.0
63.66942759072845;-15.573451174828403;-2353.463552927092
73.26486869924624;43054.29887126722;1932.8016582507316
1.9995931163367695;449.7507541746019;-194.32364276849097
0.0
63.600126922525405;-15.491444784779473;-2352.164776510375
73.27947690005925;43018.6593694389;1931.2915992187752
1.9991874839304296;449.9778315442221;-194.22837247096953
0.0
63.58523055548774;-15.491701366252336;-2352.0313696839344
73.27893808556696;43021.28137905902;1931.436803007108
1.9991474415679433;449.99138837354343;-194.22201449805985
0.0
63.790453787316025;-15.579512154422158;-2354.5911692499258
73.25925711238781;43047.48010877441;1932.934610808686
1.9995291287512393;449.67563741955325;-194.20980734961842
0.0
63.51050862417144;-15.626011791922167;-2330.7911147184363
73.26322428530408;43067.55745857431;1931.5884402566148
1.9996058041852678;449.9983190727364;-194.8472909679238
0.0
63.51287531943635;-15.626977254027206;-2330.6224284360474
73.26318748589512;43068.810810734234;1931.6660341962877
1.9997528195382728;449.9127073261077;-194.84378945285653
0.0
63.59360623417321;-15.658637720748922;-2330.7230370295215
73.257079206896;43088.84806036782;1932.752664595927
1.999926759392935;449.8954784884772;-194.81149116156868
0.0
63.591834496645916;-15.648331317390934;-2333.3128019556543
73.25707221727771;43088.577397997826;1932.7641792627126
1.9998170864014788;449.90584692824433;-194.8089512845545
0.0
63.15507196985155;-15.489627361977268;-2314.092436600776
73.30608465497144;43012.270745311034;1929.4110884631145
1.9998532486553473;449.83329552482206;-194.76078939103488
0.0
63.61106455229435;-15.607928812670076;-2338.1134609421365
73.25814810673126;43057.001529020796;1931.8177606014813
1.9997852555840836;449.87346670388683;-194.6909797656273
0.0
63.34437666462287;-15.510834000942953;-2338.0856244350502
73.29301472665816;43007.81414038615;1930.12635391831
1.9994803781978407;449.9464041872714;-194.4859741392466
0.0
63.594617167768796;-15.652931861855487;-2334.911286895489
73.25699756916784;43088.17752794647;1932.7961250532487
1.9999809334519671;449.91791222803056;-194.79274673862017
0.0
63.61099931079381;-15.60996381944899;-2337.470634192037
73.25809081055634;43059.27740987225;1931.8883371917173
1.9999031367088522;449.88288039857747;-194.69703632406717
0.0
63.30318070504595;-15.590415743475791;-2303.8981640567454
73.2778689351592;43075.35523427497;1930.9877933406692
1.9985084441958303;449.93170898829675;-195.12044071030024
0.0
63.378085038826455;-15.576184141484076;-2319.1088114890445
73.27773572907452;43061.6441447084;1930.9945031721431
1.9987651630713106;449.7582851126471;-194.91717758055344
0.0
63.579380617829685;-15.6640984734969;-2324.8657067188715
73.2568654095726;43104.21157883826;1933.3527635855344
1.9998112342970782;449.6026410840367;-194.8719755758879
0.0
63.579380617829685;-15.6640984734969;-2324.8657067188715
73.2568654095726;43104.21157883826;1933.3527635855344
1.9998112342970782;449.6026410840367;-194.8719755758879
0.0
63.579380617829685;-15.6640984734969;-2324.8657067188715
73.2568654095726;43104.21157883826;1933.3527635855344
1.9998112342970782;449.6026410840367;-194.8719755758879
0.0
63.57837116169924;-15.663708055961514;-2324.9600308066406
73.25687502014918;43103.49735105235;1933.338309432614
1.999900198468137;449.59635095545195;-194.8707053276357
0.0
63.69200834209774;-15.639465388968208;-2341.0149481041894
73.25713311624705;43085.92490657996;1933.07720028677
1.9997212929347095;449.601859522452;-194.66669526677597
0.0
63.64324003045081;-15.640406949825692;-2340.8092096479045
73.25716524875627;43079.90765175632;1932.9088916875623
1.9997307681171899;449.4725901721494;-194.65271025211723
0.0
63.53325258440438;-15.512724118449574;-2344.269515889052
73.28567744614251;43043.00593577795;1932.1231599517862
1.997897000720947;449.81324180508386;-194.30030086353136
0.0
63.53561365115503;-15.639755858348261;-2330.0060637839842
73.26000524959888;43071.975305429725;1931.7673677140754
1.9993992432466423;449.9572997961485;-194.87199919258072
0.0
63.57828172496099;-15.663611400624617;-2324.876774541046
73.25688316559064;43103.526481387664;1933.3331261686644
1.9998562654706424;449.6061005690788;-194.87175893081863
0.0
63.535099216162216;-15.63924933354676;-2330.209627720843
73.26012876581727;43071.7169923225;1931.7612607995281
1.999379370898198;449.9617023617735;-194.86911863410734
0.0
63.569826159813864;-15.648527843862503;-2331.236198806473
73.2572172189565;43076.24983712844;1932.0428702692902
1.9994101125034534;449.88530554339223;-194.8546593333757
0.0
63.59114832921005;-15.650745621741944;-2333.2251601411867
73.25702836702007;43092.198741291635;1932.9158217512852
1.999820953883674;449.8634160143808;-194.81418405830104
0.0
63.594041377684945;-15.65340989390479;-2333.4367915365615
73.25704514332216;43089.488878718425;1932.820384036052
1.9998007793623218;449.8729860404981;-194.80213662256003
0.0
63.310813229368996;-15.493818812728415;-2332.3628309665582
73.29729642253766;43015.47904274967;1930.4093769641606
1.9995088503336427;449.79655746033006;-194.48836920020753
