200
4
0.0
63.44328278784727;-15.342903581060742;-2507.2449506998487
73.2571640272261;42842.68119445114;1928.928952692909
1.9997254277705172;449.93112811914887;-192.73976226802088
0.0
63.45427115796036;-15.362662332887487;-2511.6517136512543
73.25633438187741;42849.5708772355;1929.3922079746847
1.9995790314027313;449.95938117433724;-192.7025872116355
0.0
63.47296666444669;-15.369675415143071;-2520.69338316973
73.25592243255765;42847.87272397189;1929.5953346648187
1.9994747761927905;449.9892392376215;-192.60378355370545
0.0
62.671863140831704;-15.266665549668588;-2512.681428599844
73.3212845050981;42822.30007683158;1928.8228421588549
1.999876280132234;449.76659790516624;-192.5814336859083
0.0
62.671863140831704;-15.266665549668588;-2512.681428599844
73.3212845050981;42822.30007683158;1928.8228421588549
1.999876280132234;449.76659790516624;-192.5814336859083
0.0
62.671863140831704;-15.266665549668588;-2512.681428599844
73.3212845050981;42822.30007683158;1928.8228421588549
1.999876280132234;449.76659790516624;-192.5814336859083
0.0
62.67722342937657;-15.266800599451418;-2512.9902935388914
73.32082952399158;42822.08960366717;1928.825549002626
1.9998667056012511;449.7556665969711;-192.5780786942606
0.0
63.46822241437591;-15.359620162458665;-2524.1309888242254
73.25646799216507;42839.42891027127;1929.3581290106047
1.999691090559811;449.9218385186019;-192.55993596880475
0.0
63.468897077444495;-15.360042021767956;-2524.608494158312
73.25646562812385;42839.45224109538;1929.3787321954183
1.9996902101803973;449.92222592620317;-192.55419240407196
0.0
63.4699484627147;-15.359575756216351;-2524.894619374755
73.25633954074982;42839.58779976646;1929.3955959208756
1.9996745606678301;449.89442668210415;-192.54817169803385
0.0
63.49210127793046;-15.369324666027845;-2528.552960740743
73.25567259774897;42846.53350484399;1929.8875169556836
1.9998338208075375;449.88027935180355;-192.4956205517908
0.0
62.922960372970856;-15.28006797445463;-2529.626647577366
73.30087895554846;42813.73864982611;1929.0772037917966
1.9993639741872598;449.9288895849534;-192.39716528026904
0.0
63.522427137153876;-15.383537543857571;-2537.8584865158805
73.25551590764402;42857.17165848879;1930.7659160367027
1.9998036962174184;449.88550959638906;-192.35070005595577
0.0
63.79511144370619;-15.40761824575853;-2534.956698783715
73.2549684348965;42892.93541438361;1932.5294136674418
1.9998927909522177;449.0030599858611;-192.29756678280816
0.0
63.173649508234924;-15.284116858122552;-2536.1418777279528
73.29287231768556;42805.39564380865;1929.1469826157115
1.9993114442709854;449.946200719715;-192.28403280062037
0.0
63.58896131000095;-15.3980296561568;-2536.5600224622563
73.25508105198175;42882.90866040616;1932.1895856075535
1.99990926858571;448.98891227104184;-192.2803032561496
0.0
63.54543866596586;-15.387759827953555;-2542.9685724303436
73.25546677213389;42859.98513755795;1931.1345864456605
1.9998436614131425;449.83275509184836;-192.27533374040686
0.0
63.92964125623543;-15.40936351493317;-2536.1907166020114
73.25456667924794;42895.01151264904;1932.5325383438146
1.9999239726577915;448.9086040726933;-192.27161683754423
0.0
63.92964125623543;-15.40936351493317;-2536.1907166020114
73.25456667924794;42895.01151264904;1932.5325383438146
1.9999239726577915;448.9086040726933;-192.27161683754423
0.0
63.92964125623543;-15.40936351493317;-2536.1907166020114
73.25456667924794;42895.01151264904;1932.5325383438146
1.9999239726577915;448.9086040726933;-192.27161683754423
0.0
63.92193599450149;-15.409097314390582;-2536.5134457853565
73.25453991344321;42896.2122062202;1932.6138472852695
1.9999189256915206;448.91550046999515;-192.2629697109935
0.0
63.540846644793334;-15.352779792058831;-2543.3606023539505
73.25555164713278;42840.213869572864;1930.2310839733552
1.9998586829755047;449.77109107291085;-192.25679773189145
0.0
64.01671619059636;-15.410447539087086;-2537.359836880013
73.25443383068472;42899.37954327498;1932.7673018243202
1.999899905051796;448.87344669117414;-192.24532548633502
0.0
63.284252602811286;-15.291620511138586;-2545.861218762925
73.27582037490534;42803.87389017226;1929.3278131068637
1.9995553092175533;449.77158706828794;-192.22193053672677
0.0
63.57888491760937;-15.378562961369296;-2546.9634895451154
73.25552057452627;42855.400178324526;1931.0835730772435
1.9998714674364888;449.6966320206668;-192.214973205864
0.0
63.58220658025249;-15.367468633774516;-2547.1478685080488
73.25552940835452;42849.874567516395;1930.8415404026134
1.999811308549463;449.74378621613323;-192.20556228200203
0.0
63.989851525173265;-15.410191509012682;-2540.4443082065836
73.25440754196848;42900.750318284394;1932.9848956010962
1.9999203977951214;448.83902167548587;-192.1989892472422
0.0
63.610367872125856;-15.392819893007601;-2541.754383186641
73.25499640925791;42884.6721509806;1932.4581137014113
1.9998057697807827;448.7611762419752;-192.18077179291674
0.0
64.1546813088966;-15.413125486932312;-2540.727781721775
73.25438408122245;42904.055663188316;1933.3061007596286
1.9999936660650046;448.7522768944582;-192.1577587517153
0.0
64.10157561850197;-15.412126765819496;-2540.6423233028704
73.25438329553563;42904.22386411052;1933.3141950414733
1.9999962798673152;448.73171775824204;-192.15772012728777
0.0
64.14969860172249;-15.413218008493214;-2540.5243716462296
73.25437972516417;42904.5696178493;1933.330920886541
1.9999924375524605;448.74392493651754;-192.15703373037638
0.0
63.94602167403474;-15.408748927401653;-2540.3754890977857
73.25434315764822;42906.639262308614;1933.3798878051489
1.9999766605282037;448.7553028205372;-192.15678667605175
0.0
63.44587246142728;-15.330740656987249;-2557.863642746104
73.25898603875285;42813.56449590852;1930.214704431418
1.9989616875531242;449.9816547149746;-192.11149487886564
0.0
63.492259681845944;-15.324904041817266;-2562.5507060357986
73.25897396273213;42810.0069501371;1930.2628873645351
1.999471390474646;449.89674409169754;-192.0434091425386
0.0
63.44679148678005;-15.348463361418183;-2510.696276479094
73.2569604146897;42842.66496748833;1929.0507771527637
1.9997659833613384;449.95914587929775;-192.70765072533285
0.0
63.44807667956379;-15.344948192425928;-2511.7645348829406
73.256963193151;42839.77273727728;1928.9655665553087
1.999680382906173;449.9776287379654;-192.69439832754597
0.0
63.46482450969892;-15.349529906328067;-2516.762832158195
73.25687378445754;42839.228855093825;1929.1124312803197
1.999726793023248;449.971749648168;-192.63525460818315
0.0
63.47289048171778;-15.368852761568142;-2520.701096139408
73.25583442933933;42848.596280310616;1929.6849694341804
1.9998013117896931;449.95859055165954;-192.59731270339162
0.0
63.46489053612645;-15.351578194572472;-2524.1212230314136
73.25669254449664;42834.588579012074;1929.1371050342814
1.9997028866577344;449.9483513482235;-192.55795347467307
0.0
63.46489053612645;-15.351578194572472;-2524.1212230314136
73.25669254449664;42834.588579012074;1929.1371050342814
1.9997028866577344;449.9483513482235;-192.55795347467307
0.0
63.46489053612645;-15.351578194572472;-2524.1212230314136
73.25669254449664;42834.588579012074;1929.1371050342814
1.9997028866577344;449.9483513482235;-192.55795347467307
0.0
63.473269073036434;-15.363824140301036;-2525.843989211822
73.25624180729542;42841.019127588064;1929.4877481050698
1.9997261091744662;449.91808760500965;-192.5406784882885
0.0
63.473942506179455;-15.364246237555822;-2526.3218979179996
73.25623945545425;42841.04257306175;1929.5083754004202
1.9997252296169767;449.9184739841935;-192.53492891529964
0.0
63.47593488786045;-15.365333770964803;-2527.2633724391635
73.25622136636706;42841.30341155236;1929.5501626732446
1.9997847284109687;449.9096702345323;-192.52538628799863
0.0
63.52131612937742;-15.394042240950759;-2530.475080103478
73.25551358352713;42864.95328721455;1930.8243053251413
1.9999779077452573;449.8898153766083;-192.45517162067557
0.0
63.502573684597856;-15.367307644686761;-2536.8870498269334
73.25584680270627;42840.41735180317;1929.8649227083774
1.9996597862902303;449.9950995024016;-192.39960829957863
0.0
63.51521714261369;-15.37423031276772;-2536.636161147188
73.25559784503976;42847.52793676627;1930.1984284562973
1.9999650348864886;449.79950283508475;-192.39030039401393
0.0
63.51183284813025;-15.373698454489732;-2536.7011547280704
73.25566854048402;42846.939326342836;1930.1855420223042
1.9999099867280166;449.8442141679341;-192.39017600743247
0.0
63.52819905889419;-15.384340040250953;-2538.3353862419012
73.25547760041879;42859.036119152064;1930.937825141445
1.9999024931693243;449.902600350584;-192.33358963534704
0.0
63.52921195918593;-15.384330247810023;-2540.1786910937776
73.25547312142568;42858.819580600764;1930.965522758283
1.999900625697214;449.8050675950158;-192.31006091812918
0.0
63.53432612560525;-15.383632559908225;-2540.1953047584107
73.25546691303208;42859.36184184557;1930.9847586318504
1.9999295022539416;449.7997031127962;-192.30498123706303
0.0
63.54253951101765;-15.389729209356652;-2541.751449353649
73.25546363405519;42861.35383639234;1931.1556142553763
1.9998873133878237;449.83640351883116;-192.29148908990786
0.0
63.54455385456502;-15.38811162886169;-2542.811421205117
73.25546555385772;42860.24936060776;1931.1415442993873
1.9998908735477097;449.8192103769282;-192.27719716155013
0.0
63.54484314762138;-15.388086754486645;-2542.874065816863
73.2554657036157;42860.18470934011;1931.1404782851491
1.999882773325526;449.83070641895256;-192.276528733323
0.0
63.921769639635734;-15.409358319165651;-2536.348639924555
73.25452960898537;42896.433540564234;1932.6231552178588
1.9999487271643777;448.9093878673305;-192.26360219500393
0.0
63.66376588863442;-15.405994847712362;-2539.7146826688468
73.25483708244198;42890.083955580194;1932.569072940772
1.9999535196175746;448.8950430669484;-192.22186533229512
0.0
63.66066167013004;-15.40560855860332;-2539.831191380208
73.2549245757782;42889.13165450538;1932.5424529280049
1.9999240233693056;449.01532339907396;-192.21820406784744
0.0
63.97874294701742;-15.409220858462863;-2541.1417132848646
73.2546880259784;42893.92736172339;1932.7201941629846
1.999898951796801;449.01024791039004;-192.20500828414697
0.0
63.97874294701742;-15.409220858462863;-2541.1417132848646
73.2546880259784;42893.92736172339;1932.7201941629846
1.999898951796801;449.01024791039004;-192.20500828414697
0.0
63.97874294701742;-15.409220858462863;-2541.1417132848646
73.2546880259784;42893.92736172339;1932.7201941629846
1.999898951796801;449.01024791039004;-192.20500828414697
0.0
63.858660362312115;-15.404986250273863;-2542.7861361393493
73.25498799620956;42887.43851046999;1932.5711105739056
1.9998630404284847;449.32966112855024;-192.17593799046728
0.0
63.89371148302605;-15.40565387186271;-2542.8074171825438
73.25474601385596;42892.32600295569;1932.752712286046
1.999872974669454;449.2865345126733;-192.1707030851877
0.0
63.613755634138805;-15.39846653210665;-2543.742520896855
73.25496580286098;42886.31468551304;1932.60721009907
1.9998684786630896;448.8163866135219;-192.16086449323927
0.0
63.96400055955246;-15.40927354286814;-2541.0142698901445
73.25438608385221;42902.944959252585;1933.255342231655
1.9999753540753364;448.79879569146027;-192.15722181741725
0.0
64.25998778602354;-15.414508890684443;-2541.348912783174
73.25432624684505;42905.645382798284;1933.439355022458
1.9999429543367684;448.7881236128947;-192.1360081804208
0.0
64.23753042800487;-15.414321329440025;-2541.2648903427566
73.25427898887554;42906.53637784938;1933.5012197126548
1.9999861225524318;448.77273189824615;-192.12957400676473
0.0
63.44066324781885;-15.326727018842089;-2557.423862565301
73.25933245638042;42811.4862700741;1930.093340074805
1.9994171682751751;449.9630051231049;-192.11797205262727
0.0
63.43867917729534;-15.299776918643952;-2557.099525284388
73.2658276575808;42801.38633958153;1929.6772889802342
1.9997545318459922;449.902969361097;-192.08952516537096
0.0
63.47584320084722;-15.336024446143258;-2562.0015991900073
73.25802213273657;42816.72622077809;1930.5455586974863
1.9993806902267106;449.9340890379178;-192.0540943718919
0.0
63.45128980968772;-15.350012134059012;-2513.4120210037036
73.2568708623152;42842.1989424448;1929.1364919629677
1.999689750242331;449.99530212065196;-192.67543900390524
0.0
63.47176920477889;-15.365332019071275;-2521.4721465322023
73.25595787033696;42846.10135810099;1929.604319569958
1.999926387653849;449.9673277404724;-192.58769276536108
0.0
63.45530453676408;-15.347766069671279;-2524.0777408167232
73.25715681956743;42834.38570959247;1929.1962770849896
1.9997274829933487;449.9744260377209;-192.5537580791383
0.0
63.45530453676408;-15.347766069671279;-2524.0777408167232
73.25715681956743;42834.38570959247;1929.1962770849896
1.9997274829933487;449.9744260377209;-192.5537580791383
0.0
63.45530453676408;-15.347766069671279;-2524.0777408167232
73.25715681956743;42834.38570959247;1929.1962770849896
1.9997274829933487;449.9744260377209;-192.5537580791383
0.0
63.47504852602119;-15.366975752885002;-2526.0606566543765
73.25595820377558;42842.56318167229;1929.5654445119978
1.9997304880391398;449.9710121677238;-192.5383259870017
0.0
63.4774373755576;-15.37458089608451;-2527.1208633298425
73.25586385138742;42845.340282594436;1929.685175812289
1.9997417447317969;449.96927034131375;-192.53372964730585
0.0
63.485949783723015;-15.361444674367796;-2530.9863193949072
73.25627000266255;42837.92756411733;1929.5208772508386
1.9997814753009766;449.95689946452893;-192.4783233368724
0.0
63.49650615765141;-15.369977558752147;-2535.183396001659
73.25585880383879;42841.26148106352;1929.8297791609793
1.999779586002355;449.96715920997053;-192.42813154749302
0.0
63.49651114150808;-15.369019015314072;-2535.256301189849
73.25586590138388;42840.72963218483;1929.8085743276347
1.9998425603373777;449.95238596896905;-192.42672203445085
0.0
63.50028892088757;-15.364580174554366;-2536.3041538432026
73.25597159039998;42839.431225673834;1929.8033193346612
1.99968897734369;449.9921500481027;-192.40428308971173
0.0
63.53075252971389;-15.388337157065402;-2537.0164372358013
73.25542664701264;42861.50988900477;1930.9702389697838
1.999852242327106;449.93627899129825;-192.3561122641956
0.0
63.518332648114765;-15.364010904436594;-2538.6040690816826
73.25571649582983;42842.015631938695;1930.0511934478411
1.9999747495505449;449.8103676502468;-192.35456921180025
0.0
63.54534047522088;-15.392559473111447;-2541.5304193469306
73.25534181939032;42863.74731747927;1931.228906631461
1.9999642518555254;449.917601716536;-192.29269628356158
0.0
63.704844410373816;-15.407513508219294;-2540.974397072052
73.25497876314759;42888.89241020092;1932.593179777118
1.9999933001097197;449.0691088320077;-192.21528241863734
0.0
63.981027710735155;-15.409704241325407;-2541.2776011285655
73.25482132635479;42893.75027271726;1932.7142865160522
1.9999858056691107;449.07651166416076;-192.20452242758572
0.0
63.59191171134203;-15.38231778098621;-2549.2839545540214
73.25551177883445;42856.8778941181;1931.2613645065844
1.9999386272140662;449.6630964536335;-192.1818230275602
0.0
63.75015167148971;-15.405380585291562;-2542.7538669818377
73.25484793486523;42888.91875481881;1932.6145068422045
1.9999337705323987;449.2750216640721;-192.17631962813098
0.0
64.01725880003643;-15.410273363783498;-2541.100168290168
73.2543868746994;42902.775386961635;1933.247181330202
1.9999729138069815;448.8193361808899;-192.1572609929042
0.0
63.932845095895814;-15.40865411164725;-2540.2775278624176
73.25426678100663;42907.43775681484;1933.431107936957
1.999954101162933;448.8686969248485;-192.1480622824203
0.0
63.96256916818333;-15.409101101820003;-2540.2941583413017
73.25430534671989;42906.3377725981;1933.4086757844163
1.9999363255022902;448.8166768136504;-192.13793972543542
0.0
63.37941182315744;-15.299894998483332;-2555.8744128805142
73.26910798600643;42800.502639367536;1929.5198743928668
1.9998792490318624;449.7370244262991;-192.11915036069985
0.0
63.65871109452103;-15.39372969969154;-2549.4856616224533
73.2549897311765;42885.991890883335;1932.8868068075258
1.9998925846419346;448.9531720325627;-192.07507513744247
0.0
63.45735668090316;-15.349986634821612;-2515.975910617589
73.25668190086662;42840.56298010734;1929.1439386934003
1.9997279691376144;449.99942950769383;-192.64641724626722
0.0
63.47709927126546;-15.366516005033978;-2526.2839986044055
73.25601074371936;42842.09615369303;1929.5458889517583
1.9997351532361456;449.97112544186854;-192.53677439310812
0.0
63.496488739671186;-15.368471802789593;-2535.246213613774
73.25587344890275;42840.45429564628;1929.7966601278283
1.9998386324654458;449.9635260201605;-192.42643459247594
0.0
63.54761302169914;-15.397525323302995;-2541.4201167205765
73.25528512356374;42867.606873291756;1931.4239406630736
1.9999817514440699;449.8587218929577;-192.2904869581333
0.0
63.68626282351934;-15.403506245014013;-2542.162696297472
73.25492525387148;42888.103207062755;1932.5989647824947
1.9999865920589615;449.33815731727447;-192.17621473014293
0.0
64.10267281093347;-15.411454457119556;-2541.2012027432497
73.25430584794402;42905.40449176692;1933.4400214835075
1.9999615608408794;448.8542078481188;-192.13065655330723
0.0
63.66308577522989;-15.385641890346603;-2550.519282502836
73.25493485321272;42887.74390232249;1933.11417072213
1.9999078244595179;448.96306985601717;-192.0193214532791
0.0
63.50997199210803;-15.309473244573384;-2564.774263594592
73.2581155829825;42804.88456291423;1930.2654296922035
1.9998776761503954;449.96179474688864;-191.95671729212427
0.0
63.477357748270414;-15.359187029577042;-2527.665452048362
73.25640717697723;42838.6079850557;1929.4568439878453
1.9998530851070477;449.97741145002163;-192.51258675231895
0.0
63.48130112389412;-15.36794971546056;-2528.266309496361
73.25587270918844;42842.668593010254;1929.6606214377857
1.9999778592809048;449.9724467827023;-192.5087852406331
0.0
63.89178046675343;-15.408147219250106;-2540.28498255585
73.25423611916567;42909.88620888052;1933.5946361618758
1.9999934362822163;448.8545735131039;-192.12683023839546
0.0
63.62072611999202;-15.374430173535062;-2552.1923495157625
73.25527457647644;42873.03625935021;1932.4151358416757
1.9999790432035818;449.18124187184446;-192.07313103266904
0.0
63.479386058198;-15.358726017620002;-2527.887956586487
73.25645982243503;42838.14278122113;1929.4373852884833
1.9998578608340503;449.9775272465896;-192.5110314192365
0.0
63.646048379189956;-15.39403205179875;-2549.39176183713
73.25496185523525;42887.39748945655;1932.9374203221582
1.9999936534340157;448.96208966954947;-192.083176274827
0.0
63.494311889959135;-15.373067322976627;-2528.497079948841
73.25561127199785;42848.41646999052;1929.9708722017272
1.9999094530799468;449.9982176917513;-192.49911636306268
0.0
63.445027376536125;-15.34745328100298;-2510.142829232017
73.25708159549922;42842.67221981594;1929.0412898200118
1.9997700928131728;449.92839737658596;-192.7124909682562
0.0
63.44875874041651;-15.351856514374482;-2513.239492500214
73.25701919319688;42842.97465174867;1929.158845698998
1.9997019501732636;449.96578649278086;-192.67985820623204
0.0
63.46550993377461;-15.36254847916238;-2514.9947359021653
73.25630471471263;42849.966471187414;1929.5377252261665
1.9990120821473822;449.8191303434597;-192.65268680798454
0.0
62.68582832258212;-15.27246345061664;-2517.049688360873
73.32366204755303;42825.03641190088;1929.1011121420531
1.999776984376088;449.80558106602143;-192.52411302976932
0.0
63.51436519501727;-15.376322166572761;-2536.174937728242
73.2556439808567;42848.67924245821;1930.2252831176054
1.999871869314536;449.80479735388593;-192.39849959680848
0.0
63.593447589943025;-15.398475843165814;-2537.677947792773
73.25508456912068;42883.66224657766;1932.2720686460289
1.9999419862517045;448.9809886236494;-192.26547414769945
0.0
63.92143463106242;-15.409290258536089;-2536.4768347675526
73.25454182453213;42896.47900409711;1932.6308133429425
1.999947475147397;448.9144056256723;-192.26157243868195
0.0
63.92143463106242;-15.409290258536089;-2536.4768347675526
73.25454182453213;42896.47900409711;1932.6308133429425
1.999947475147397;448.9144056256723;-192.26157243868195
0.0
63.92143463106242;-15.409290258536089;-2536.4768347675526
73.25454182453213;42896.47900409711;1932.6308133429425
1.999947475147397;448.9144056256723;-192.26157243868195
0.0
63.97826818738615;-15.410276646919925;-2537.0810579200465
73.2545556513698;42896.342351828;1932.6291720583858
1.9999112653553832;448.9301270838818;-192.25953229938514
0.0
63.99385225310098;-15.410581836314027;-2536.30042161631
73.25449888866122;42900.17228894275;1932.7952088177335
1.9999177978403921;448.8889476679834;-192.25518946855166
0.0
63.98653333851872;-15.409916038890048;-2538.6056472265586
73.25467711329539;42896.314238941595;1932.6425427995969
1.9998272284874223;448.9960684819878;-192.2463099323746
0.0
64.14112788786882;-15.414573528584324;-2536.4076218994664
73.25441419528633;42903.688593195286;1932.9885235438605
1.9999883316109939;448.83243365744494;-192.2457530801924
0.0
63.57380022408532;-15.379191383643002;-2546.9072608790666
73.25556725298017;42856.55083267536;1931.1594959597671
1.9997512901455488;449.68921324417823;-192.2117547023588
0.0
64.10017181673322;-15.412945129964188;-2540.2432907402317
73.25442009301425;42901.167722961254;1932.994505254428
1.9999673822682347;448.84121159800816;-192.21144309357106
0.0
63.94630180557615;-15.409091153971858;-2540.2713877274095
73.25446890750615;42900.77981099834;1932.9506494577815
1.9998867915416876;448.86966316497615;-192.20793055335244
0.0
64.08545785371902;-15.412274512966093;-2540.314949685082
73.25441995200195;42902.62967730014;1933.1033756792126
1.9999469136311956;448.8450204528385;-192.1964488468443
0.0
64.10868138593644;-15.412215593010231;-2540.755827252725
73.25441124865364;42903.40123152186;1933.24909304128
1.9999705408331414;448.7732526698181;-192.16317000558098
0.0
64.05288109887562;-15.410942536732508;-2540.875201797778
73.25441854255345;42903.25983332236;1933.2463912153692
1.999976756923769;448.7573824400301;-192.1619793819128
0.0
63.615899374190214;-15.401643176619707;-2543.7203714343814
73.25496716879553;42888.44355338343;1932.7027048152647
1.9998667203118337;448.8460313988709;-192.15876538426298
0.0
63.61561979360801;-15.399447272012049;-2543.798534836513
73.2549769660578;42887.38292677784;1932.6537849684116
1.9998554911832225;448.85563612844146;-192.15816553200685
0.0
63.61561979360801;-15.399447272012049;-2543.798534836513
73.2549769660578;42887.38292677784;1932.6537849684116
1.9998554911832225;448.85563612844146;-192.15816553200685
0.0
63.61561979360801;-15.399447272012049;-2543.798534836513
73.2549769660578;42887.38292677784;1932.6537849684116
1.9998554911832225;448.85563612844146;-192.15816553200685
0.0
63.61584380603315;-15.401641644666377;-2543.667322723116
73.25496464741668;42888.512109980235;1932.7148537834546
1.9999163085188592;448.84185057022694;-192.15564010078046
0.0
63.954182081141965;-15.408921597158304;-2540.591154499865
73.25439037756693;42904.65429721564;1933.319387916063
1.9999615626100826;448.7720557325364;-192.15506122049578
0.0
64.2479688560894;-15.4140723158505;-2541.414341413165
73.25429348708953;42906.93322577585;1933.5237431982164
1.9999369951389976;448.7995966613732;-192.12856644434476
0.0
63.37814060344538;-15.299860498129684;-2555.7222471493606
73.27211702685365;42800.95852927536;1929.5428670322572
1.9996179421284055;449.8045747788334;-192.1180178131055
0.0
63.610368877015375;-15.385156866946856;-2551.1136126726115
73.25529895205757;42869.83964442631;1932.1594693672716
1.9997266692523663;449.2955612590724;-192.10055170206508
0.0
63.41330782047102;-15.302870811369115;-2556.967236974384
73.26647499373387;42802.325445525705;1929.6851017249726
1.9996103945606047;449.7537423069341;-192.09836289326282
0.0
63.41330782047102;-15.302870811369115;-2556.967236974384
73.26647499373387;42802.325445525705;1929.6851017249726
1.9996103945606047;449.7537423069341;-192.09836289326282
0.0
63.41330782047102;-15.302870811369115;-2556.967236974384
73.26647499373387;42802.325445525705;1929.6851017249726
1.9996103945606047;449.7537423069341;-192.09836289326282
0.0
63.41284697333294;-15.30268844151632;-2557.0049613526785
73.26662395294628;42802.246793590915;1929.683734269836
1.9996628096846767;449.7424412201836;-192.09736876220182
0.0
63.45716281191082;-15.350906674892512;-2515.3901460688835
73.25669022147537;42841.79054288633;1929.1933916411824
1.9997078246367266;449.9901278636154;-192.65136670210737
0.0
63.46552610028226;-15.370112314993055;-2519.6465681098193
73.25620448072547;42849.82740713363;1929.6952576985307
1.9999274688217072;449.9192057956634;-192.60871095186204
0.0
63.477503194352124;-15.38278519142718;-2527.2630174560813
73.25586038340576;42850.30292666753;1929.9229313916078
1.9997564762906497;449.95523195965654;-192.53209814986346
0.0
62.77841436664987;-15.272924025230086;-2517.927381662475
73.3249626337763;42823.757935523376;1929.0436570394886
1.999631632354416;449.9354182883212;-192.52389472391454
0.0
63.50594347442176;-15.374941557491706;-2534.6711521716197
73.25571343944081;42847.23558415458;1930.0919217059904
1.9998806584704816;449.8191641827219;-192.42276238361234
0.0
63.51646011121532;-15.363654652532903;-2538.372227785871
73.25573619504183;42842.18172220028;1930.064422816526
1.9999819977154005;449.8069862120911;-192.35394046605722
0.0
63.53846913244378;-15.382227317639966;-2542.3290819912418
73.25559265285526;42851.51856815031;1930.5786478227576
1.9998408717864262;449.8116097910399;-192.3126626512068
0.0
63.54572767893203;-15.387734943132799;-2543.0312079910004
73.25546692348942;42859.920510730575;1931.133521715962
1.9998355498851188;449.8442518301531;-192.2746652670122
0.0
64.04137894655123;-15.41174147930964;-2537.778572945259
73.25455551150594;42896.2205006077;1932.6795517451262
1.9999462334982174;448.9917325150709;-192.25279856882253
0.0
63.673662925586235;-15.406403810064175;-2539.908778681625
73.2549552177597;42889.471137320914;1932.5507721719594
1.9999940166043195;448.97662431040885;-192.2221436627333
0.0
63.67940318640652;-15.406126150388696;-2540.4164921651686
73.25500647963896;42888.87000438203;1932.5705893045122
1.9999406057552183;449.0208178652976;-192.22007188237274
0.0
63.60001783935081;-15.40373312608683;-2540.919960892473
73.25502768017111;42887.56627706822;1932.5593350945144
1.999985265191891;448.95172738600036;-192.2136998995459
0.0
63.60001783935081;-15.40373312608683;-2540.919960892473
73.25502768017111;42887.56627706822;1932.5593350945144
1.999985265191891;448.95172738600036;-192.2136998995459
0.0
63.60001783935081;-15.40373312608683;-2540.919960892473
73.25502768017111;42887.56627706822;1932.5593350945144
1.999985265191891;448.95172738600036;-192.2136998995459
0.0
63.381764950355006;-15.305536170883736;-2552.9806280793346
73.2693819202202;42804.47453478621;1929.6034585533835
1.999646759013901;449.8286891003827;-192.15821345108637
0.0
63.92301425354239;-15.408301937387302;-2540.190272199049
73.2542710861452;42909.154718769714;1933.495252165399
1.999940446885596;448.84196643769855;-192.14599102756824
0.0
63.44167855792499;-15.338130193940918;-2557.212385457434
73.25919250072153;42816.7441359698;1930.3139764945668
1.9992683072416644;449.9081471633285;-192.13000085773575
0.0
63.44866279451191;-15.3341307557798;-2558.157802386264
73.25915795141451;42815.65824376621;1930.3260971774555
1.999537316459149;449.86541955262084;-192.10814194222996
0.0
63.479883884365336;-15.371651690511742;-2527.5558608931547
73.25589767230092;42844.51803426216;1929.7017727110308
1.999685323733789;449.98444408171355;-192.5222944517839
0.0
63.47549229357491;-15.377708273342687;-2520.5273292817055
73.25591098862674;42853.02880038874;1929.829618400916
1.9994725043692807;449.966537447553;-192.6062161762054
0.0
64.07301824968413;-15.411595340006564;-2540.6531313876058
73.25442455600903;42901.63266888983;1933.016820923706
1.9999591728187536;448.8462995316802;-192.21244097276016
0.0
63.61072583038524;-15.400385634198452;-2542.67793913026
73.25508151935483;42887.94145216362;1932.641881876799
1.999719770884359;448.90789097940643;-192.17498015002343
0.0
63.610794547301936;-15.401903397141423;-2543.525580097459
73.25499854947483;42887.91017246948;1932.6940626237076
1.9998814846008688;448.8597411334774;-192.1661121635043
0.0
63.61612706734639;-15.402451077686473;-2543.910811516122
73.25496750409532;42888.73561402393;1932.717618976163
1.999922711856536;448.8546845821177;-192.15842129036014
0.0
63.61601832724244;-15.40133064952286;-2543.8990629763166
73.25498130554625;42888.26329346541;1932.697373919719
1.9998603328825182;448.8528656806673;-192.15746950795233
0.0
63.387007538966365;-15.307358535102106;-2556.4107395011265
73.27027336888789;42805.28439848011;1929.7835419724363
1.9995200931502026;449.81003650080623;-192.10863445008206
0.0
63.599889022150585;-15.403657648112196;-2541.1227717512847
73.25503656831089;42889.459459358186;1932.6469341173236
1.9999822490483032;448.9878097559489;-192.21024782853354
0.0
63.72634050465818;-15.403264077442842;-2544.5678770439918
73.25535174807527;42887.43924571734;1932.700637164532
1.9999008902764677;448.9531944006728;-192.16619252023284
0.0
64.18202703386575;-15.413395595287191;-2538.4505904489124
73.25439028427354;42921.24539796011;1933.9719257408676
1.9999286607451572;448.8976393851615;-192.15660541509916
0.0
63.308728644607264;-15.301596659732374;-2553.2125495067244
73.27164607458991;42805.724630082084;1929.6618583225234
1.9997685257288733;449.74491250502126;-192.1429112656607
0.0
62.723325227736346;-15.274511298571252;-2507.4858038479506
73.32036962496566;42846.53999821887;1929.9013157525414
1.9999305496736826;449.4531951605188;-192.54568325011306
0.0
63.69811134346539;-15.406173145588243;-2541.931093696535
73.25502162524693;42891.589074131356;1932.7663417742046
1.9999257732833327;449.11537479217384;-192.19751563555684
0.0
63.620685305692696;-15.402976227445839;-2543.5070920326025
73.25498894048332;42888.96852642337;1932.7777186539686
1.9998893243441371;448.84529212492214;-192.142561343554
0.0
64.18276965638974;-15.412949606216731;-2540.8466439905533
73.25456418852204;42907.751121524925;1933.5819471087807
1.999862839688392;449.01368025988444;-192.11658362836138
0.0
63.44361979011819;-15.334263611483362;-2512.7175390085226
73.25691697995147;42833.75585989189;1928.6660005046072
1.9995787479946903;449.87830003964996;-192.67772255914264
0.0
63.486628692457444;-15.370870148157259;-2521.404958230258
73.25606016349953;42851.353633395716;1929.8137902191131
1.99915832994463;449.7538053456735;-192.58172342035175
0.0
63.56375860454649;-15.353221746763277;-2541.408071031431
73.25551562909496;42842.32472743379;1930.2350043004833
1.9998855494403687;449.7491248153221;-192.2832804910651
0.0
63.593371869607545;-15.397683032061643;-2536.248572181511
73.25513848338278;42883.93184737818;1932.215731212039
1.999901749889203;449.0124323000589;-192.27683669291062
0.0
63.92331009643248;-15.408328251424038;-2536.3656011547987
73.25455232021598;42896.428437748575;1932.6229024201564
1.9998226145185114;448.9231030186005;-192.26336662228033
0.0
64.01867396714015;-15.410225439020104;-2536.7655166755953
73.25443358159423;42900.26572910221;1932.7735177879129
1.9999692656644794;448.8584004141377;-192.24632376666324
0.0
63.9443216268444;-15.407801769120384;-2539.2146331572317
73.2543635746118;42902.61899448656;1933.1822847852527
1.9999443573290376;448.778398324314;-192.1768784774207
0.0
63.61611168524453;-15.401631186664087;-2543.6903267861235
73.25496686159885;42888.39461101986;1932.7003587936435
1.9998681987594966;448.8456419880232;-192.15874100291947
0.0
63.615689319127675;-15.398779331384901;-2543.7916645312994
73.25497071587114;42887.00995504025;1932.6372241396648
1.9998598727897186;448.85438701530205;-192.15762949478005
0.0
63.3764072069659;-15.296407400913077;-2552.8530176554427
73.2711879196307;42799.96233721911;1929.3942682098266
1.9998044779182806;449.6985165556724;-192.15292897991833
0.0
63.850003579636365;-15.406902148627305;-2540.1203591797675
73.25427925107206;42908.461106392824;1933.4809969429741
1.9999419636355251;448.8389157376269;-192.14528105238327
0.0
64.30989857603166;-15.414400589952676;-2541.3338236830264
73.2542708644269;42907.222395249744;1933.515269124363
1.9999623149032029;448.77575594028036;-192.13023169715328
0.0
63.46081217419734;-15.346921384073818;-2522.4341709693635
73.25675683440045;42833.00572456941;1929.0182298594052
1.9997481088856928;449.93492826163276;-192.5742515920462
0.0
63.46582532703841;-15.335640629987868;-2524.9942959834575
73.25723946991832;42828.25946599941;1928.9158353859284
1.9996260729179602;449.94099887524976;-192.52586150343944
0.0
63.5178375215264;-15.351277547973115;-2538.0008430963426
73.25580527326272;42837.34596939692;1929.8660661020797
1.999819199496837;449.7857010817669;-192.3465264503748
0.0
63.304548804424634;-15.286646912721196;-2542.612226970172
73.27021548981098;42801.071176711994;1929.0774250842796
1.9994853736185254;449.88294053130625;-192.26655803553965
0.0
63.973788623644595;-15.408966416547928;-2539.7581470799464
73.25471343192228;42894.35685438737;1932.6829851322445
1.9999007505958466;449.0296407272658;-192.2218697395235
0.0
63.4730025814341;-15.331020437651398;-2553.959925498805
73.25814948356353;42813.30907441521;1930.042905111416
1.9993590523270999;449.97653772256103;-192.1712016295347
0.0
63.41843045685346;-15.300326232349814;-2556.9434552820553
73.26671105628618;42800.41474593598;1929.5900801027442
1.9998567168534482;449.6970943479071;-192.1001410266491
0.0
63.41796368184775;-15.300143871994972;-2556.9816515993507
73.26686007042267;42800.334747527566;1929.5886793545922
1.9999091265203692;449.6857986789865;-192.09914854098375
0.0
63.66661695869308;-15.382963385190283;-2549.3957545554067
73.25495504823668;42887.976204887185;1933.177646067589
1.999958508559061;449.0313062921637;-192.00514287430525
0.0
63.45843293439959;-15.341320272365035;-2516.623205493004
73.25695194602946;42834.274093367654;1928.8752517272883
1.999712082149925;449.9857986279576;-192.636815941002
0.0
63.50146394408951;-15.370416891735898;-2526.1166397205047
73.25598834839104;42852.07697391458;1930.127786353185
1.9996971702841244;449.78310677670714;-192.50175962603504
0.0
63.51740699991998;-15.360707221969967;-2528.3077090315905
73.25583897755509;42855.373879577535;1930.4681156913302
1.9996366037937559;449.6430086584809;-192.42624875524285
0.0
63.30640503446394;-15.290094808317374;-2545.466357398802
73.2704846172747;42802.07287898515;1929.2256199721464
1.999297801602582;449.98899859249326;-192.23179376438193
0.0
63.61616072149443;-15.401986452482015;-2543.887709827911
73.25498109092969;42888.58726698266;1932.7115870152384
1.9998502868317098;448.85372541771363;-192.15798074368877
0.0
63.4439874411256;-15.301445592718753;-2556.7713390845174
73.26778799659006;42801.19296219777;1929.643203496175
1.9996780197465756;449.74808645162057;-192.1002415402328
