200
4
0.0
61.84731387877725;-15.291777419210879;-2439.44954062826
73.42155388126886;42914.08782012331;1928.1964934394568
1.9996570440906276;449.90626245319555;-193.5629768628842
0.0
61.54891785939179;-15.262197493376368;-2438.4740010656706
73.4628203976661;42908.46094491345;1927.8376436290082
1.9995183474784837;449.97096968080024;-193.5098166784539
0.0
61.56763012123699;-15.26350376149408;-2438.953207010955
73.46041337810031;42908.19830404589;1927.8504961133622
1.9993296895055703;449.9247009304931;-193.5074993482774
0.0
61.94242019048356;-15.29541606456072;-2445.6330967989898
73.42532092212065;42910.19455036419;1928.2733757375665
1.9997234201568506;449.8402506499369;-193.4986462153979
0.0
61.584388852549075;-15.265208332601567;-2440.2904145576667
73.45817826724041;42907.24544177081;1927.850947540109
1.9991326233537274;449.9727661525583;-193.4973659041119
0.0
63.501926134688986;-15.391111485285695;-2494.1351605297573
73.25488177090294;42902.53462970382;1929.7621956810763
1.998973308425295;449.933184124919;-193.12160927626223
0.0
63.50490004163388;-15.389711540234451;-2495.6140777138207
73.25500727974423;42900.64589349242;1929.719653530933
1.9994889476550974;449.8737879772239;-193.1044524256924
0.0
63.53372527370048;-15.46082199335224;-2504.041471357456
73.25317669662789;42939.816676494265;1931.780021180051
1.9997045177230979;449.8560953736991;-193.01848115078602
0.0
63.53537931964589;-15.458215159264515;-2504.1328075571305
73.25319668843044;42938.071894139764;1931.7048473807674
1.9998003692361013;449.82305726487385;-193.01529104021847
0.0
63.54302870027414;-15.457847260217703;-2505.7144070328177
73.25323294639097;42936.53830709582;1931.7079031509543
1.9994828064289965;449.64332414400866;-192.99765093561572
0.0
63.54400522269899;-15.458172139762647;-2505.8444317593894
73.2532282548337;42936.597492612396;1931.7074423155086
1.9994676029227962;449.6634307305318;-192.99691513444415
0.0
63.544402603278876;-15.45831012835208;-2505.985466392214
73.25322768800025;42936.60060385311;1931.7129974781046
1.9994662537185177;449.66421990801126;-192.9952282785889
0.0
63.540551996545965;-15.436272757172953;-2505.1723924506214
73.25327980194771;42924.313904131355;1931.1600462050608
1.9993176338454677;449.68367344283655;-192.99408250746427
0.0
63.547718000833434;-15.42273367519979;-2507.1085629907498
73.25329114275772;42916.72152125876;1930.8984863701
1.9992143360271708;449.66270779566645;-192.95876310762685
0.0
63.55681134488015;-15.447264241455596;-2508.2115792249438
73.25322766875347;42933.99668752067;1931.7313161919772
1.9997610058072726;449.60717011938607;-192.9431701594331
0.0
63.53984184452302;-15.41536306064741;-2511.0640333235733
73.25397460213759;42905.804335076646;1930.458468094693
1.9986088330136766;449.9161908884723;-192.93681339278166
0.0
63.539995684123745;-15.414379290197186;-2511.6131680737735
73.25402096363723;42905.01561516592;1930.4400332236032
1.9985550643672845;449.9614819032951;-192.9298630895551
0.0
63.55648030072201;-15.417337657389025;-2515.857186146548
73.25391664945631;42908.22493284115;1930.792921345155
1.9988137885080455;449.90603409592234;-192.86124198091392
0.0
63.55648030072201;-15.417337657389025;-2515.857186146548
73.25391664945631;42908.22493284115;1930.792921345155
1.9988137885080455;449.90603409592234;-192.86124198091392
0.0
63.55648030072201;-15.417337657389025;-2515.857186146548
73.25391664945631;42908.22493284115;1930.792921345155
1.9988137885080455;449.90603409592234;-192.86124198091392
0.0
63.63519528855962;-15.440694063880853;-2521.1024546465105
73.25270962002682;42944.542103394044;1933.0082166190452
1.9998272915079038;449.1296667634645;-192.69183642449738
0.0
63.28628808086637;-15.35626811803869;-2521.465912612532
73.2837699668963;42883.261910501446;1930.1750924708351
1.9987035731678842;449.8637483047449;-192.66933664528798
0.0
63.652630311265675;-15.437119078167827;-2525.295485552608
73.25283478008608;42940.91685794725;1933.0435832812407
1.9996400448531984;449.158699394535;-192.62048353701576
0.0
63.28415286210348;-15.349394596174918;-2527.0791908074784
73.28684137135636;42882.941634503535;1930.4069609495043
1.998816420763161;449.6724770625411;-192.5703225690701
0.0
63.27347921323206;-15.34833709825044;-2526.776314542783
73.28716367232134;42882.92497653012;1930.4089468123077
1.9986794409474828;449.7217170061236;-192.5693013624841
0.0
63.34139979757934;-15.350716144813202;-2529.3522590424373
73.28359517795377;42881.292901948356;1930.4215276144832
1.9982964450738057;449.84174510871213;-192.54755255396196
0.0
63.660842248487505;-15.434559564611536;-2533.2773504020124
73.25298056204687;42929.58290031222;1932.7478983542674
1.999354774432081;449.3149702709364;-192.54440183903418
0.0
63.21531807898601;-15.322047607450411;-2529.0975078959495
73.2914467019831;42867.390652406655;1929.7768951136593
1.9993297523959463;449.6333435245277;-192.54290286787216
0.0
63.68684140748096;-15.4340007367249;-2537.8651252988293
73.25285981945531;42935.801488488425;1933.3023627988503
1.99976545548862;449.099640418905;-192.45434985140062
0.0
63.69286667151979;-15.411563998407354;-2541.0449535740076
73.25297289786216;42925.65195385557;1933.0102170809416
1.99952736514427;448.97004649627735;-192.38822940624266
0.0
61.53415829684432;-15.260143675620974;-2436.976342990943
73.46441124111401;42908.17892081426;1927.758967207599
1.9998589749496087;449.909705893879;-193.5276601092697
0.0
61.68857431390669;-15.271201639207003;-2449.1156714837016
73.44636454712878;42905.21632507774;1928.1719764152504
1.9998351495850053;449.97509481643556;-193.39196442508313
0.0
61.753079947339145;-15.277208042209056;-2454.114868179951
73.4406968013263;42901.86545168383;1928.1757440634215
1.9995164053550432;449.9787472408191;-193.34548238232904
0.0
62.22766862106551;-15.305196992360553;-2467.844701342662
73.38961615376029;42898.3422246255;1928.669810086457
1.9997546812933353;449.9019498615361;-193.23918262582183
0.0
62.226769864362275;-15.303244927016252;-2467.9387353428206
73.3900008383548;42897.46736675676;1928.6369824747626
1.999975744093993;449.8729472658502;-193.23642405400065
0.0
62.38989230946131;-15.280305245122117;-2477.426335352237
73.41166849787186;42889.04071569124;1928.9029903879102
1.9991175662652174;449.9561365405936;-193.06029067789248
0.0
63.54473395161912;-15.458720756845642;-2506.312155335481
73.2532231152864;42936.45048444902;1931.7171216147194
1.9994959457381942;449.6725454979497;-192.99232292305746
0.0
63.54245812684516;-15.416182590085086;-2509.071278227646
73.25395588580146;42908.96287858769;1930.5630904258403
1.9993326367604742;449.73790748760086;-192.95220421155267
0.0
63.225628829712136;-15.339238800225477;-2519.3687295355026
73.29071339736824;42882.943551387056;1930.1397943703823
1.9991740610028992;449.9289716840019;-192.64733264904615
0.0
63.65908266764234;-15.445853381283737;-2527.5042863377657
73.25280993060971;42943.78034649995;1933.2544563020595
1.999830061856304;449.19626984866596;-192.59610415286022
0.0
63.66007788739684;-15.447424948767937;-2527.953747669547
73.25280841637131;42944.53236602222;1933.304060453668
1.999791718290825;449.1971380596077;-192.59178231518374
0.0
63.46254534645226;-15.354402882515812;-2540.42113544948
73.27201871979221;42877.633842196854;1930.6840219137387
1.9986975678581278;449.82138137415944;-192.4170543063936
0.0
63.51057853631468;-15.359062890928811;-2545.732482813799
73.26831334669716;42877.80791672526;1930.8835521136573
1.9986790246719714;449.8736030868804;-192.35460491508152
0.0
63.72572895262604;-15.368117776700828;-2546.644501569115
73.25303660840866;42889.903688738596;1931.8115502793619
1.9997958815267047;449.11631232007494;-192.2962291080365
0.0
63.498105050771606;-15.330287193664219;-2547.261304304616
73.27300391523897;42870.83846532854;1930.9229796401755
1.9994318062456808;449.46929472169086;-192.2403595172662
0.0
63.47315007092536;-15.32827432613107;-2547.2925596160376
73.27527041387377;42870.09712507063;1930.8807523065784
1.9984096410257277;449.8994956977262;-192.23706593478283
0.0
61.95634331076091;-15.283408535346323;-2460.728870480186
73.43189964587641;42899.38973936229;1928.430072891267
1.9999131139649666;449.94430597593833;-193.2768034771334
0.0
63.541734608444344;-15.452642084990613;-2506.8000178030966
73.25323749880413;42932.14678776673;1931.5463948282238
1.9995770347986106;449.76402688095305;-192.9865504362491
0.0
63.538863730720635;-15.40877721150304;-2506.1658221423613
73.25402973658213;42907.80334533165;1930.4333143702788
1.9998482791964765;449.70952586875956;-192.9771188704906
0.0
63.56435580091849;-15.434024375638858;-2516.7773829239713
73.25326275526307;42917.405015593795;1931.2578768596486
1.9993511410612819;449.8870240131722;-192.85339928395646
0.0
63.56809355129929;-15.406522048604888;-2519.817699532507
73.25398777220433;42905.01805686486;1930.8684064147099
1.9992934733183718;449.9703146667973;-192.78454842577372
0.0
63.57242991835726;-15.41566867886002;-2519.913694504051
73.25346681440146;42911.42448295593;1931.1511997483838
1.9995440259047454;449.8519445098274;-192.78363458254432
0.0
63.590926197031486;-15.39141317598076;-2526.514435263186
73.25347682921134;42898.79780580002;1930.943643142943
1.9994849853552916;449.8662885318473;-192.67116446056016
0.0
63.71908667175346;-15.337892600073936;-2559.685603233911
73.25375988983224;42867.61690663617;1931.2372894113873
1.9998389081534498;449.4897346823257;-192.12138646124203
0.0
63.74170357730365;-15.343583648223103;-2565.1469998664625
73.25336544638809;42870.77730135197;1931.6429837366704
1.9996746608857747;449.5737446763863;-192.04761626910997
0.0
63.7562774921094;-15.345321892463854;-2567.3447132522847
73.25330370131621;42873.7666628669;1931.9227693637038
1.9999763630521756;449.47455337201785;-192.00233683884798
0.0
63.756666974568795;-15.345643475209078;-2567.6426481691524
73.25328248119726;42873.80565174534;1931.9367998147793
1.9999719532070714;449.46150622710394;-191.9979346549059
0.0
62.43964511960912;-15.320193793372543;-2472.7822934883234
73.36138756222313;42896.003298855096;1928.7923525992219
1.9999970403544491;449.9793493917377;-193.20872064108235
0.0
63.55952745320602;-15.450359199810435;-2513.0222542363576
73.25325571267317;42927.05900895883;1931.4947158506827
1.9998874584620117;449.77225228009235;-192.9135812017572
0.0
63.56654885667947;-15.433425526387873;-2518.1062201553764
73.2532970105732;42916.06189438422;1931.2942097244918
1.9998175799463729;449.8634344722312;-192.83532923620223
0.0
63.55427782265388;-15.402876985249414;-2515.7970287391786
73.25348293906622;42907.354764380936;1930.8168327956662
1.9996718253177144;449.8780494380756;-192.82763087597502
0.0
63.55427782265388;-15.402876985249414;-2515.7970287391786
73.25348293906622;42907.354764380936;1930.8168327956662
1.9996718253177144;449.8780494380756;-192.82763087597502
0.0
63.55427782265388;-15.402876985249414;-2515.7970287391786
73.25348293906622;42907.354764380936;1930.8168327956662
1.9996718253177144;449.8780494380756;-192.82763087597502
0.0
63.59157854254566;-15.431325247668589;-2522.604312990574
73.25332923871395;42913.60235819392;1931.3560644297206
1.9997155119381915;449.85233550827485;-192.77186377385044
0.0
63.57400586674861;-15.414143963696802;-2522.2221580606447
73.25336425917097;42909.27092608509;1931.160977170735
1.9996448878931123;449.8304551605844;-192.75633768372057
0.0
63.33387125521018;-15.360919876343246;-2526.729757235732
73.28128799941179;42883.43842024738;1930.37349538776
1.9996222848517227;449.7876701621267;-192.60725217648067
0.0
63.747604771115206;-15.368519616744624;-2566.0843100138177
73.2532509454222;42885.928420490454;1932.4107725207655
1.999867901522788;449.4951520748692;-192.03590009992635
0.0
61.58177056928816;-15.279990557607658;-2434.307650817152
73.46654822836211;42912.928578883104;1927.7894779639064
1.9994587495170415;449.95006866060874;-193.610355864303
0.0
61.58177056928816;-15.279990557607658;-2434.307650817152
73.46654822836211;42912.928578883104;1927.7894779639064
1.9994587495170415;449.95006866060874;-193.610355864303
0.0
61.58177056928816;-15.279990557607658;-2434.307650817152
73.46654822836211;42912.928578883104;1927.7894779639064
1.9994587495170415;449.95006866060874;-193.610355864303
0.0
61.55561881991473;-15.280850439902313;-2433.9940945232297
73.4659609663386;42913.73414279947;1927.8187316050612
1.9993299886264209;449.97128562748964;-193.60350535267852
0.0
61.55561881991473;-15.280850439902313;-2433.9940945232297
73.4659609663386;42913.73414279947;1927.8187316050612
1.9993299886264209;449.97128562748964;-193.60350535267852
0.0
61.55561881991473;-15.280850439902313;-2433.9940945232297
73.4659609663386;42913.73414279947;1927.8187316050612
1.9993299886264209;449.97128562748964;-193.60350535267852
0.0
61.55561881991473;-15.280850439902313;-2433.9940945232297
73.4659609663386;42913.73414279947;1927.8187316050612
1.9993299886264209;449.97128562748964;-193.60350535267852
0.0
61.55561881991473;-15.280850439902313;-2433.9940945232297
73.4659609663386;42913.73414279947;1927.8187316050612
1.9993299886264209;449.97128562748964;-193.60350535267852
0.0
61.55561881991473;-15.280850439902313;-2433.9940945232297
73.4659609663386;42913.73414279947;1927.8187316050612
1.9993299886264209;449.97128562748964;-193.60350535267852
0.0
61.55561881991473;-15.280850439902313;-2433.9940945232297
73.4659609663386;42913.73414279947;1927.8187316050612
1.9993299886264209;449.97128562748964;-193.60350535267852
0.0
61.55561881991473;-15.280850439902313;-2433.9940945232297
73.4659609663386;42913.73414279947;1927.8187316050612
1.9993299886264209;449.97128562748964;-193.60350535267852
0.0
61.55561881991473;-15.280850439902313;-2433.9940945232297
73.4659609663386;42913.73414279947;1927.8187316050612
1.9993299886264209;449.97128562748964;-193.60350535267852
0.0
61.55561881991473;-15.280850439902313;-2433.9940945232297
73.4659609663386;42913.73414279947;1927.8187316050612
1.9993299886264209;449.97128562748964;-193.60350535267852
0.0
61.55561881991473;-15.280850439902313;-2433.9940945232297
73.4659609663386;42913.73414279947;1927.8187316050612
1.9993299886264209;449.97128562748964;-193.60350535267852
0.0
61.55561881991473;-15.280850439902313;-2433.9940945232297
73.4659609663386;42913.73414279947;1927.8187316050612
1.9993299886264209;449.97128562748964;-193.60350535267852
0.0
61.55561881991473;-15.280850439902313;-2433.9940945232297
73.4659609663386;42913.73414279947;1927.8187316050612
1.9993299886264209;449.97128562748964;-193.60350535267852
0.0
61.55561881991473;-15.280850439902313;-2433.9940945232297
73.4659609663386;42913.73414279947;1927.8187316050612
1.9993299886264209;449.97128562748964;-193.60350535267852
0.0
61.55561881991473;-15.280850439902313;-2433.9940945232297
73.4659609663386;42913.73414279947;1927.8187316050612
1.9993299886264209;449.97128562748964;-193.60350535267852
0.0
61.55561881991473;-15.280850439902313;-2433.9940945232297
73.4659609663386;42913.73414279947;1927.8187316050612
1.9993299886264209;449.97128562748964;-193.60350535267852
0.0
61.55561881991473;-15.280850439902313;-2433.9940945232297
73.4659609663386;42913.73414279947;1927.8187316050612
1.9993299886264209;449.97128562748964;-193.60350535267852
0.0
61.55561881991473;-15.280850439902313;-2433.9940945232297
73.4659609663386;42913.73414279947;1927.8187316050612
1.9993299886264209;449.97128562748964;-193.60350535267852
0.0
61.55561881991473;-15.280850439902313;-2433.9940945232297
73.4659609663386;42913.73414279947;1927.8187316050612
1.9993299886264209;449.97128562748964;-193.60350535267852
0.0
61.55561881991473;-15.280850439902313;-2433.9940945232297
73.4659609663386;42913.73414279947;1927.8187316050612
1.9993299886264209;449.97128562748964;-193.60350535267852
0.0
61.55561881991473;-15.280850439902313;-2433.9940945232297
73.4659609663386;42913.73414279947;1927.8187316050612
1.9993299886264209;449.97128562748964;-193.60350535267852
0.0
61.55561881991473;-15.280850439902313;-2433.9940945232297
73.4659609663386;42913.73414279947;1927.8187316050612
1.9993299886264209;449.97128562748964;-193.60350535267852
0.0
61.55561881991473;-15.280850439902313;-2433.9940945232297
73.4659609663386;42913.73414279947;1927.8187316050612
1.9993299886264209;449.97128562748964;-193.60350535267852
0.0
61.56208438632091;-15.28098495142331;-2434.2578520802326
73.4660115032603;42913.61445424194;1927.8227655225767
1.9992981578872369;449.97742162247204;-193.6023085584616
0.0
61.59957363498707;-15.280669260890413;-2435.2819029359616
73.46568182182646;42913.04358966485;1927.852828817364
1.9995364138817795;449.94161137377154;-193.59536532125878
0.0
61.54359364842733;-15.277732855080004;-2435.8231768787055
73.46188944442049;42916.10979509188;1928.0608165330875
1.9995868286767635;449.8059185284944;-193.56206176684222
0.0
61.829587770198586;-15.28590138825561;-2436.907423146395
73.42467662454614;42918.14854582006;1928.3879959004637
1.9992871491671482;449.99592700677283;-193.5603560520454
0.0
61.54311632016976;-15.272514195879243;-2436.0062839906545
73.4623236074015;42914.718344446235;1928.0263816269858
1.9986900222983115;449.96237311538835;-193.54932915672342
0.0
61.54346639010632;-15.268830146007078;-2437.489081593475
73.46276099816002;42911.312700617076;1927.9118190123338
1.9994495317620145;449.8548659170897;-193.53170358857844
0.0
62.19453875876409;-15.323225234166628;-2458.069151426774
73.40033215828646;42913.81556130613;1929.043244231957
1.9995182065752333;449.65269357225935;-193.3649990008951
0.0
62.29875188607743;-15.319528486388416;-2466.789786688911
73.3963303459297;42912.31244733171;1929.4153778664734
1.9993759538997815;449.851791121363;-193.22739378925257
0.0
62.38961955146633;-15.31948732799244;-2470.255943537138
73.39956629322755;42905.74189232891;1929.2501745837658
1.9989488520628653;449.90652825158816;-193.20429342704577
0.0
63.53994933453896;-15.436217917687557;-2505.0619660912225
73.25331350856293;42924.27124946157;1931.1497994164404
1.9995292763698875;449.6331271622185;-192.9961743112776
0.0
63.54416358721333;-15.456995509396501;-2506.160168867122
73.25326674470352;42935.86355187791;1931.700783016483
1.9994356141821092;449.6665847415489;-192.99090513126131
0.0
63.14392690104931;-15.353357750562326;-2510.5983954739645
73.29613077476832;42888.97533235602;1930.029503004057
1.9996072452887095;449.6249672397974;-192.8020973700612
0.0
63.57656662535428;-15.41460249718707;-2520.9068127145474
73.2534534480289;42912.82277263896;1931.322680152244
1.9993204194285767;449.8801192958247;-192.7590418414628
0.0
63.2735203232595;-15.373602067619448;-2518.547727389247
73.2857338984175;42892.42510893794;1930.462436291293
1.9982310549460787;449.96066035951105;-192.72222171949863
0.0
63.65608120798609;-15.428363947462392;-2530.8314790923796
73.25307485357325;42926.98715880378;1932.5299626703231
1.9990667925916348;449.55067055386337;-192.57228884306207
0.0
63.65735504034904;-15.434085814395841;-2534.7840398086264
73.25309082166478;42923.63789263384;1932.4784742323093
1.9992013203701509;449.539458947448;-192.54026256323374
0.0
63.2486717821574;-15.34233523185766;-2528.263352868301
73.29761316350366;42881.948935337656;1930.4443521663964
1.9982888194300068;449.7339325089912;-192.53391082316307
0.0
63.153665158802234;-15.313366336874902;-2524.0932091079953
73.30103321423893;42877.2530711836;1930.0862826283103
1.9987210692070403;449.6748105734803;-192.5297815483094
0.0
63.696187565802994;-15.411948760490619;-2541.542600940639
73.25298480882822;42926.82388694059;1933.1014321127384
1.999588969277396;448.96703842562846;-192.3763836093673
0.0
61.52327500183851;-15.255110464308178;-2433.5945494792804
73.46618107519527;42911.660031253654;1927.867481248576
1.9989032025483269;449.97941074330873;-193.5461871876554
0.0
62.2043578212813;-15.32818459471095;-2459.869326530299
73.4006180048626;42913.58780712522;1929.0765793125274
1.999545332657416;449.7098795426875;-193.35470038815944
0.0
62.217456566092125;-15.307139074040327;-2464.1973993348724
73.40370396447064;42908.16737387923;1929.0860278468979
1.9994859784921966;449.9182687747013;-193.24803833454186
0.0
63.50547055810738;-15.396151294781028;-2497.44240429115
73.25511190265019;42904.074690829875;1929.9471889424017
1.9991911035052596;449.9155049841081;-193.08224288117017
0.0
63.535300153705904;-15.441784975968396;-2505.000536935805
73.25330423411131;42926.83912367051;1931.2552288417153
1.9995366362497249;449.6715274118226;-193.0036076585052
0.0
63.557415531152195;-15.447319250314113;-2508.3224106912403
73.25325417166948;42934.038876945495;1931.7415614842978
1.999549619515041;449.6576059988153;-192.94107166561017
0.0
63.55683252358843;-15.441439862772901;-2509.3710226957323
73.25329183240908;42928.32682877635;1931.5502073628368
1.999491133906535;449.72216744457194;-192.9299575193348
0.0
63.554684430759664;-15.428693924861248;-2512.895340483927
73.25369079707866;42913.381983537285;1930.896511138742
1.9994494328717396;449.9061533247392;-192.91311430303045
0.0
63.55810752372591;-15.431586617903385;-2513.486905458188
73.25335135954852;42918.43272935543;1931.1960434412126
1.9994847553441013;449.90038449999656;-192.88883457599482
0.0
63.59695615999458;-15.427000826721413;-2532.016846055163
73.25645998102756;42901.11778757706;1931.5838665302767
1.9995306971001385;449.71698553463057;-192.63356610293621
0.0
63.61029062599815;-15.410602084082647;-2536.3469101619917
73.25522022566216;42897.65260018991;1931.6215164615885
1.9991194737291467;449.8430553828286;-192.55072616354403
0.0
63.663587490177534;-15.437634716126562;-2537.122942978089
73.25304408927425;42925.03378582298;1932.6372754012593
1.9995958906247635;449.55019122088703;-192.5140034208408
0.0
63.728270421722556;-15.336744139293588;-2560.0455242286203
73.25371422730889;42874.47539049096;1931.7098197111898
1.9994723263650425;449.7861918052171;-192.08647125782
0.0
63.73297204790645;-15.338271525750388;-2561.401644064726
73.2536487571832;42874.852723787364;1931.7819185118003
1.9990763677079413;449.89824349908343;-192.0685508473365
0.0
63.75405198172561;-15.389500222056192;-2565.7975186272333
73.25318345228003;42896.61674946205;1932.84151453225
1.9997182508321312;449.3489283853668;-192.05494901067502
0.0
63.75405071341471;-15.389475291595371;-2565.799439681165
73.25318353114345;42896.6027061817;1932.8409399609918
1.9997166431293798;449.34892262320795;-192.05491319052834
0.0
63.754065001426895;-15.39049803939404;-2566.1074369156026
73.253162318806;42898.463122401845;1932.933516697811
1.9997116936297386;449.3357188558271;-192.0538975033801
0.0
62.228785330944994;-15.325986866343161;-2466.456779600514
73.39968383238264;42910.28891294436;1929.1678544759718
1.9992467771616593;449.99120206623303;-193.26552013886044
0.0
62.228785330944994;-15.325986866343161;-2466.456779600514
73.39968383238264;42910.28891294436;1929.1678544759718
1.9992467771616593;449.99120206623303;-193.26552013886044
0.0
63.77711236312606;-15.347403407682226;-2569.8761070197406
73.25337499964402;42871.146954953416;1931.8940751802518
1.9998855713261041;449.51860738609605;-191.98083297228695
0.0
63.55851736936067;-15.464914617684695;-2510.537356781402
73.25322965682483;42938.433367563506;1931.9686540764692
1.9995539028025933;449.6810065949133;-192.94228518012034
0.0
62.18512641589847;-15.288477656889691;-2473.060845562433
73.41647135868668;42896.819349946774;1928.9460732432026
1.9995640740935283;449.9547166724666;-193.11245702577637
0.0
63.533905683335256;-15.461102510760037;-2503.8644270246077
73.25318843352576;42940.18847942931;1931.7885471875418
1.9996578317514715;449.85815660435804;-193.02026170471737
0.0
63.568339253012425;-15.450127812769109;-2519.292873551495
73.25332555088498;42922.73922946298;1931.5820035875395
1.9994885020058981;449.9681412275041;-192.83930890507096
0.0
63.54095226127698;-15.401809645474897;-2512.0002169472846
73.25403464256937;42907.362651793825;1930.5616696398995
1.9992517022411116;449.98531184738425;-192.92642782260202
0.0
62.22617955651142;-15.288943477018297;-2475.3583814377193
73.41884550035115;42894.266654212915;1928.916281578101
1.9995589612185825;449.9265635539539;-193.09085644748308
0.0
62.228785330944994;-15.325986866343161;-2466.456779600514
73.39968383238264;42910.28891294436;1929.1678544759718
1.9992467771616593;449.99120206623303;-193.26552013886044
0.0
62.228785330944994;-15.325986866343161;-2466.456779600514
73.39968383238264;42910.28891294436;1929.1678544759718
1.9992467771616593;449.99120206623303;-193.26552013886044
0.0
62.228785330944994;-15.325986866343161;-2466.456779600514
73.39968383238264;42910.28891294436;1929.1678544759718
1.9992467771616593;449.99120206623303;-193.26552013886044
0.0
62.228785330944994;-15.325986866343161;-2466.456779600514
73.39968383238264;42910.28891294436;1929.1678544759718
1.9992467771616593;449.99120206623303;-193.26552013886044
0.0
62.228785330944994;-15.325986866343161;-2466.456779600514
73.39968383238264;42910.28891294436;1929.1678544759718
1.9992467771616593;449.99120206623303;-193.26552013886044
0.0
62.228785330944994;-15.325986866343161;-2466.456779600514
73.39968383238264;42910.28891294436;1929.1678544759718
1.9992467771616593;449.99120206623303;-193.26552013886044
0.0
62.228785330944994;-15.325986866343161;-2466.456779600514
73.39968383238264;42910.28891294436;1929.1678544759718
1.9992467771616593;449.99120206623303;-193.26552013886044
0.0
62.228785330944994;-15.325986866343161;-2466.456779600514
73.39968383238264;42910.28891294436;1929.1678544759718
1.9992467771616593;449.99120206623303;-193.26552013886044
0.0
62.228785330944994;-15.325986866343161;-2466.456779600514
73.39968383238264;42910.28891294436;1929.1678544759718
1.9992467771616593;449.99120206623303;-193.26552013886044
0.0
62.228785330944994;-15.325986866343161;-2466.456779600514
73.39968383238264;42910.28891294436;1929.1678544759718
1.9992467771616593;449.99120206623303;-193.26552013886044
0.0
62.228785330944994;-15.325986866343161;-2466.456779600514
73.39968383238264;42910.28891294436;1929.1678544759718
1.9992467771616593;449.99120206623303;-193.26552013886044
0.0
62.228785330944994;-15.325986866343161;-2466.456779600514
73.39968383238264;42910.28891294436;1929.1678544759718
1.9992467771616593;449.99120206623303;-193.26552013886044
0.0
62.228785330944994;-15.325986866343161;-2466.456779600514
73.39968383238264;42910.28891294436;1929.1678544759718
1.9992467771616593;449.99120206623303;-193.26552013886044
0.0
62.228785330944994;-15.325986866343161;-2466.456779600514
73.39968383238264;42910.28891294436;1929.1678544759718
1.9992467771616593;449.99120206623303;-193.26552013886044
0.0
62.228785330944994;-15.325986866343161;-2466.456779600514
73.39968383238264;42910.28891294436;1929.1678544759718
1.9992467771616593;449.99120206623303;-193.26552013886044
0.0
62.228785330944994;-15.325986866343161;-2466.456779600514
73.39968383238264;42910.28891294436;1929.1678544759718
1.9992467771616593;449.99120206623303;-193.26552013886044
0.0
62.228785330944994;-15.325986866343161;-2466.456779600514
73.39968383238264;42910.28891294436;1929.1678544759718
1.9992467771616593;449.99120206623303;-193.26552013886044
0.0
62.228785330944994;-15.325986866343161;-2466.456779600514
73.39968383238264;42910.28891294436;1929.1678544759718
1.9992467771616593;449.99120206623303;-193.26552013886044
0.0
62.228785330944994;-15.325986866343161;-2466.456779600514
73.39968383238264;42910.28891294436;1929.1678544759718
1.9992467771616593;449.99120206623303;-193.26552013886044
0.0
62.228785330944994;-15.325986866343161;-2466.456779600514
73.39968383238264;42910.28891294436;1929.1678544759718
1.9992467771616593;449.99120206623303;-193.26552013886044
0.0
62.228785330944994;-15.325986866343161;-2466.456779600514
73.39968383238264;42910.28891294436;1929.1678544759718
1.9992467771616593;449.99120206623303;-193.26552013886044
0.0
62.228785330944994;-15.325986866343161;-2466.456779600514
73.39968383238264;42910.28891294436;1929.1678544759718
1.9992467771616593;449.99120206623303;-193.26552013886044
0.0
62.228785330944994;-15.325986866343161;-2466.456779600514
73.39968383238264;42910.28891294436;1929.1678544759718
1.9992467771616593;449.99120206623303;-193.26552013886044
0.0
62.228785330944994;-15.325986866343161;-2466.456779600514
73.39968383238264;42910.28891294436;1929.1678544759718
1.9992467771616593;449.99120206623303;-193.26552013886044
0.0
62.228785330944994;-15.325986866343161;-2466.456779600514
73.39968383238264;42910.28891294436;1929.1678544759718
1.9992467771616593;449.99120206623303;-193.26552013886044
0.0
62.228785330944994;-15.325986866343161;-2466.456779600514
73.39968383238264;42910.28891294436;1929.1678544759718
1.9992467771616593;449.99120206623303;-193.26552013886044
0.0
62.228785330944994;-15.325986866343161;-2466.456779600514
73.39968383238264;42910.28891294436;1929.1678544759718
1.9992467771616593;449.99120206623303;-193.26552013886044
0.0
62.228785330944994;-15.325986866343161;-2466.456779600514
73.39968383238264;42910.28891294436;1929.1678544759718
1.9992467771616593;449.99120206623303;-193.26552013886044
0.0
62.228785330944994;-15.325986866343161;-2466.456779600514
73.39968383238264;42910.28891294436;1929.1678544759718
1.9992467771616593;449.99120206623303;-193.26552013886044
0.0
62.228785330944994;-15.325986866343161;-2466.456779600514
73.39968383238264;42910.28891294436;1929.1678544759718
1.9992467771616593;449.99120206623303;-193.26552013886044
0.0
62.228785330944994;-15.325986866343161;-2466.456779600514
73.39968383238264;42910.28891294436;1929.1678544759718
1.9992467771616593;449.99120206623303;-193.26552013886044
0.0
62.228785330944994;-15.325986866343161;-2466.456779600514
73.39968383238264;42910.28891294436;1929.1678544759718
1.9992467771616593;449.99120206623303;-193.26552013886044
0.0
62.228785330944994;-15.325986866343161;-2466.456779600514
73.39968383238264;42910.28891294436;1929.1678544759718
1.9992467771616593;449.99120206623303;-193.26552013886044
0.0
62.228785330944994;-15.325986866343161;-2466.456779600514
73.39968383238264;42910.28891294436;1929.1678544759718
1.9992467771616593;449.99120206623303;-193.26552013886044
0.0
62.228785330944994;-15.325986866343161;-2466.456779600514
73.39968383238264;42910.28891294436;1929.1678544759718
1.9992467771616593;449.99120206623303;-193.26552013886044
0.0
62.228785330944994;-15.325986866343161;-2466.456779600514
73.39968383238264;42910.28891294436;1929.1678544759718
1.9992467771616593;449.99120206623303;-193.26552013886044
0.0
62.228785330944994;-15.325986866343161;-2466.456779600514
73.39968383238264;42910.28891294436;1929.1678544759718
1.9992467771616593;449.99120206623303;-193.26552013886044
0.0
62.228785330944994;-15.325986866343161;-2466.456779600514
73.39968383238264;42910.28891294436;1929.1678544759718
1.9992467771616593;449.99120206623303;-193.26552013886044
0.0
62.228785330944994;-15.325986866343161;-2466.456779600514
73.39968383238264;42910.28891294436;1929.1678544759718
1.9992467771616593;449.99120206623303;-193.26552013886044
0.0
62.228785330944994;-15.325986866343161;-2466.456779600514
73.39968383238264;42910.28891294436;1929.1678544759718
1.9992467771616593;449.99120206623303;-193.26552013886044
0.0
62.228785330944994;-15.325986866343161;-2466.456779600514
73.39968383238264;42910.28891294436;1929.1678544759718
1.9992467771616593;449.99120206623303;-193.26552013886044
0.0
62.228785330944994;-15.325986866343161;-2466.456779600514
73.39968383238264;42910.28891294436;1929.1678544759718
1.9992467771616593;449.99120206623303;-193.26552013886044
0.0
62.228785330944994;-15.325986866343161;-2466.456779600514
73.39968383238264;42910.28891294436;1929.1678544759718
1.9992467771616593;449.99120206623303;-193.26552013886044
0.0
62.228785330944994;-15.325986866343161;-2466.456779600514
73.39968383238264;42910.28891294436;1929.1678544759718
1.9992467771616593;449.99120206623303;-193.26552013886044
0.0
62.228785330944994;-15.325986866343161;-2466.456779600514
73.39968383238264;42910.28891294436;1929.1678544759718
1.9992467771616593;449.99120206623303;-193.26552013886044
0.0
62.228785330944994;-15.325986866343161;-2466.456779600514
73.39968383238264;42910.28891294436;1929.1678544759718
1.9992467771616593;449.99120206623303;-193.26552013886044
0.0
62.228785330944994;-15.325986866343161;-2466.456779600514
73.39968383238264;42910.28891294436;1929.1678544759718
1.9992467771616593;449.99120206623303;-193.26552013886044
0.0
62.228785330944994;-15.325986866343161;-2466.456779600514
73.39968383238264;42910.28891294436;1929.1678544759718
1.9992467771616593;449.99120206623303;-193.26552013886044
0.0
62.228785330944994;-15.325986866343161;-2466.456779600514
73.39968383238264;42910.28891294436;1929.1678544759718
1.9992467771616593;449.99120206623303;-193.26552013886044
0.0
62.228785330944994;-15.325986866343161;-2466.456779600514
73.39968383238264;42910.28891294436;1929.1678544759718
1.9992467771616593;449.99120206623303;-193.26552013886044
0.0
62.228785330944994;-15.325986866343161;-2466.456779600514
73.39968383238264;42910.28891294436;1929.1678544759718
1.9992467771616593;449.99120206623303;-193.26552013886044
0.0
62.228785330944994;-15.325986866343161;-2466.456779600514
73.39968383238264;42910.28891294436;1929.1678544759718
1.9992467771616593;449.99120206623303;-193.26552013886044
0.0
62.228785330944994;-15.325986866343161;-2466.456779600514
73.39968383238264;42910.28891294436;1929.1678544759718
1.9992467771616593;449.99120206623303;-193.26552013886044
0.0
62.228785330944994;-15.325986866343161;-2466.456779600514
73.39968383238264;42910.28891294436;1929.1678544759718
1.9992467771616593;449.99120206623303;-193.26552013886044
0.0
62.228785330944994;-15.325986866343161;-2466.456779600514
73.39968383238264;42910.28891294436;1929.1678544759718
1.9992467771616593;449.99120206623303;-193.26552013886044
0.0
62.228785330944994;-15.325986866343161;-2466.456779600514
73.39968383238264;42910.28891294436;1929.1678544759718
1.9992467771616593;449.99120206623303;-193.26552013886044
0.0
62.228785330944994;-15.325986866343161;-2466.456779600514
73.39968383238264;42910.28891294436;1929.1678544759718
1.9992467771616593;449.99120206623303;-193.26552013886044
0.0
62.228785330944994;-15.325986866343161;-2466.456779600514
73.39968383238264;42910.28891294436;1929.1678544759718
1.9992467771616593;449.99120206623303;-193.26552013886044
0.0
62.228785330944994;-15.325986866343161;-2466.456779600514
73.39968383238264;42910.28891294436;1929.1678544759718
1.9992467771616593;449.99120206623303;-193.26552013886044
0.0
62.228785330944994;-15.325986866343161;-2466.456779600514
73.39968383238264;42910.28891294436;1929.1678544759718
1.9992467771616593;449.99120206623303;-193.26552013886044
0.0
62.228785330944994;-15.325986866343161;-2466.456779600514
73.39968383238264;42910.28891294436;1929.1678544759718
1.9992467771616593;449.99120206623303;-193.26552013886044
0.0
62.228785330944994;-15.325986866343161;-2466.456779600514
73.39968383238264;42910.28891294436;1929.1678544759718
1.9992467771616593;449.99120206623303;-193.26552013886044
