200
2
8.305931400083173e-5;3.998584901361047;0.0001058333252898212
-1.683549457080658;-45.66615606714416
8.305931400083173e-5;3.998584901361047;0.0001058333252898212
-1.683549457080658;-45.66615606714416
2.0004114702826996;0.00042944665925011993;0.0004523564555325052
-45.69281232257046;-1.688483889602826
5.0008184816495624e-5;0.24116726442975095;4.823625348346689
-6.419743553756629;-9.071483282417926
7.796541182500676e-5;7.796541182500676e-5;6.000077965411825
-7.687928815843642;-7.687071196313569
7.796541182500676e-5;7.796541182500676e-5;6.000077965411825
-7.687928815843642;-7.687071196313569
1.0180125258303827;0.5386903301870121;0.010958359184269167
-18.164852236236523;-1.694170300025239
0.26470114572021525;2.0260019253468244;0.0032925759423439623
-1.6960124777235859;-18.15860845069392
2.0004114702826996;0.00042944665925011993;0.0004523564555325052
-45.69281232257046;-1.688483889602826
0.7171793826218623;0.0864493433741016;2.5229907451341678
-16.91786162984783;-2.0908579892819747
0.3247499076815185;1.8049222109380045;0.5009196355192875
-2.667677736533875;-15.377324087858518
0.16871601305477252;0.6522551805903362;2.645905913141132
-6.055086268952884;-9.518140968241589
0.07079160432271933;0.28672721887797836;4.432282558842758
-6.9102747274274146;-8.506858839985354
0.0103588167876433;0.05584495307953398;5.618308023042733
-7.495533671302194;-7.881934185848913
0.4864736220204157;0.6865398715656196;1.311408915731386
-9.344769731621822;-6.194288634394488
0.011424682604346025;0.13633685999403045;5.391934574219938
-7.07619819015329;-8.324560632792014
0.21538050610143283;1.2981086806045332;1.6089708497758342
-3.6693798016726378;-13.21020415409098
0.5600049828432732;1.2381088091711143;0.5703386154883129
-7.051903697667267;-8.350990975997517
0.7311032488956583;0.30491924259002506;2.063106439372143
-15.391893694658442;-2.6617338874442362
0.015535951655385091;0.046057192342347605;5.497376162644413
-7.6053054692136834;-7.770143648561037
0.19855923268250847;1.3307406370847996;1.6973876296296269
-3.424228415067959;-13.694072303985568
0.27471834624658065;1.9622693595698064;0.6344374448859987
-1.9130164762373583;-17.454175814080457
0.004229640517603074;0.13785629319387702;5.284198220540559
-6.992560019882901;-8.415927153628282
0.6050222259951952;0.10184355287356961;3.189976127873476
-15.010714177945843;-2.820504287660816
0.6109055874091086;0.4432713618810137;1.875837057568658
-12.575593211482916;-4.011655269173676
0.25909777407493845;2.0174178357348866;0.9164721796006021
-1.6894448858740763;-18.180890049309184
0.264322596384798;1.994497832596681;0.6103210745990482
-1.7740344426390662;-17.898413480737005
0.11924583475825232;0.18167549985974868;4.3721709427969975
-8.003217010246622;-7.3782391440223085
0.3001195220506713;1.922046647421016;0.5489547377048105
-2.164733521935495;-16.7046171584519
0.9370109060125915;0.6203939270789329;0.06821733218703009
-16.154036241119186;-2.364129506710433
0.24857554532777543;0.05451996286783214;3.860551848341734
-10.31789351811908;-5.448951112454175
0.6768995170123393;0.03901943584303537;2.877693679355164
-16.647433181793723;-2.1848576017956454
0.00512452917311167;0.08457962146073847;5.750535357423072
-7.284206935483087;-8.101843129742754
0.23654793757430653;0.47236325151292546;3.3922422821143403
-7.691529966733674;-7.683471106741109
0.8738810181788047;0.6586312123447665;0.6192799273914857
-14.863925483885529;-2.8834864197442585
0.026778701864851623;0.04097059594025719;5.656856772260356
-7.756885870572282;-7.6184309848883744
0.0016943559029577089;0.0023685090117496394;5.933902223759051
-7.693112156181654;-7.681889925445828
0.5386545365620338;1.316999952085078;0.17589416117450046
-6.426651883171545;-9.063251551742658
0.31526238844642146;1.8335807136765399;0.5290543516707085
-2.518035934720166;-15.75165123934083
0.21949721515654602;1.2665990320552873;1.8230903087289592
-3.820604067242784;-12.92425468640693
0.7852836998349773;0.772058131104713;1.1594239019375776
-12.716918029093424;-3.9333160748757687
0.9782996559494896;0.5569673488494749;0.22341362358029146
-17.344445428762082;-1.948493835217535
0.30813389340667946;1.0956921314851238;1.4958531771180845
-5.280513806569245;-10.554181597958657
0.623939400629806;0.07381944672035143;3.356158657757684
-15.52324181794708;-2.608588918015212
0.006387184652348396;0.6623301266832493;4.251873119149739
-4.536866016361586;-11.681979347525665
0.21456120823601765;1.3760110650503405;1.6518163917794446
-3.3762105456257703;-13.791985679987128
0.2689101664595488;0.379211122372218;3.5826701596359234
-8.585007539678143;-6.840306223662466
0.05462360072798375;0.3751851976445256;4.532029777319213
-6.295564038779717;-9.220881996853855
0.16665141626112825;0.1680404789019233;3.694734425701624
-8.623754590435965;-6.805868700612299
0.35449949216574245;1.6837258260173806;0.3479261757776432
-3.276594786630535;-13.998590045175387
0.4250305009882038;0.22343762002503992;2.9949340478163946
-11.526585463540693;-4.633728262075647
0.24687533882689688;0.46278511074155587;3.2460366818679445
-7.8587694843515035;-7.518148248316889
0.4848982109949497;1.4280877721686172;0.3969925693932853
-5.376928535665683;-10.418133387631581
0.1860196590034438;1.3401674593444999;1.9116285640149573
-3.300067320692952;-13.949476875406688
0.04302706836925231;0.0464169184738672;5.186238007756106
-7.907075809527265;-7.471066408616253
0.2835604250566281;0.4210250746750969;2.921045979463701
-8.512370740510754;-6.905317210691001
0.12010805072852596;0.19639592562602848;3.827402227079168
-7.93043117488049;-7.448409240739234
0.5973082816284578;1.1103426395678693;0.9865377408025424
-8.158108674503703;-7.231095513924191
0.6484978017361293;0.3941623092259896;1.9395119268911079
-13.46819107555405;-3.537024838845091
0.026128519887698494;0.07104699952732947;5.246667150866078
-7.58450828395185;-7.791197841223108
0.027597262041877034;0.511081551099098;4.328799760868124
-5.387954332816498;-10.40271162998528
0.03849254529141173;0.04773547156876023;5.00391430083204
-7.849228444789816;-7.5274826356351205
0.696108846414549;0.36389969500384695;1.3875373832820421
-14.400686892690215;-3.089188916612452
0.44281459312919375;1.4695616572427517;0.7930324355412984
-4.816848540255902;-11.240105721083909
0.3006356161703886;1.9009009208036072;0.024923224276532513
-2.2285740405884273;-16.52450061367956
0.916992903999967;0.6118479385333074;0.8378227459068481
-15.902879254050873;-2.4593626899179784
0.6849245809064402;0.9612581169229996;0.7538502736129511
-10.101697388858549;-5.607195895069861
0.3423072691964251;1.7601214841008432;0.45679060911735264
-2.928926988872174;-14.759503391660099
0.8245874714429837;0.8110531146838371;0.019189964074367398
-12.999618254020596;-3.7802781437971644
0.027104104280583446;0.03762165907874164;5.793441918748174
-7.779001135777071;-7.596549091470395
0.15341210744304878;1.4835541987625442;2.27090459213585
-2.600178543633406;-15.54420836627432
0.7026857277936274;0.3241143040986596;2.104633342196098
-14.803531360832503;-2.9097026944579576
0.837650112214636;0.22319031569822181;1.7902802325985816
-17.78272768505568;-1.8095186890141226
0.9007791642684634;0.7137717498585919;0.02376423086245408
-14.85360582348356;-2.887953458021875
0.15073345044451542;0.16714004376445285;3.746255470311733
-8.444341418730147;-6.966745990359787
0.19390201694095868;1.397562283607746;1.2415526781681832
-3.1534413493973115;-14.260782096381426
0.29652804181584785;0.3872890001150031;3.042516836274531
-8.861559052000775;-6.598121133317157
0.052643704488480034;0.38484512822498357;3.7753075782159726
-6.228085062527028;-9.303219974255285
0.035134106182827;0.4296645682480302;3.92919057776625
-5.839985783268462;-9.793345697974601
0.9558781627356038;0.5977965571087985;0.2568687746939885
-16.640768998868243;-2.187211546881746
0.2803505223687551;0.43518476945532686;2.819606012219372
-8.393593849412722;-7.012914821308704
0.2386610151509321;0.5127114589972802;2.7441714078023027
-7.4941105538386;-7.883394269488176
0.6613481565198945;1.0133418059421113;0.6552762721907887
-9.484650000098874;-6.08175042202442
0.08916454290211279;1.208212717425258;2.4435537326642445
-3.0838003207652487;-14.412520268596603
0.7645722782981196;0.2680138841524597;1.7906427940349725
-16.214169271419287;-2.3417318745377127
0.06429677093657454;1.072062834823357;3.143518363764611
-3.3885531955138215;-13.76671541796611
0.7573230892110765;0.8302643634314555;1.0589098329001834
-11.919978451138796;-4.391778486241126
0.2904911873030149;1.1478267608660069;1.4071316964327463
-4.891168433804577;-11.126456682664324
0.37675311927866406;0.8619714325237443;1.4362759999793657
-7.102706131486884;-8.29582326511746
0.2438166038033771;1.1860247137265276;1.725089687768104
-4.334097412161491;-12.016403979479001
0.13437363708514435;0.1576641680053231;4.28512732145984
-8.310796540382567;-7.088882372567946
0.5710615747248934;1.1727798334357162;1.083238761894922
-7.5198280703504;-7.857051594195626
0.17812154285319612;1.3885228855496814;2.351450333556374
-3.075562686026411;-14.430640484302593
0.16978532750243147;0.6366557881355623;3.4620754172921657
-6.141791344108439;-9.409727808546132
0.4172772913691913;1.5299855225883383;0.863968229688791
-4.346254022925836;-11.995994361275349
0.0027926655914119465;0.007854181569645288;5.849993181366514
-7.6750264705545606;-7.699983824809595
0.9957898670928369;0.526343962004532;0.329191484115055
-17.893212615075548;-1.775619121082987
0.3318084215895868;0.9840116473793111;2.0092915919542524
-6.0279814074576885;-9.5523242536592
0.03324579315657317;0.4884501076434065;4.121319501973053
-5.544777126406788;-10.186320861039652
0.2748251215744195;0.4364505530519916;2.9558946653373197
-8.322912465370683;-7.077715874305361
0.7053182544101233;1.0313091795365918;0.029348186885929724
-9.91768953380157;-5.74508891168137
0.21075578021275396;0.5301357348806384;3.332042429522762
-7.10186625177284;-8.296732170779277
0.6330685779513372;1.0520539572432712;0.6470694133792031
-8.91078920857496;-6.5558740233215245
0.2916488976506781;1.0654380840351916;1.974319158376662
-5.268187669984252;-10.57173084605644
0.42554518085664306;1.5682280717410733;0.15065579628874828
-4.2575290899910705;-12.146043900296727
0.40612775385466804;0.37776853670471455;2.689483055151828
-10.265957268498187;-5.486600587447353
0.5746852495233521;1.1714574700333875;0.6773207687755751
-7.566509493860608;-7.8094661747141245
0.4327115076667916;0.7881714007105265;1.2021692828727841
-8.118351692388682;-7.268583931535057
0.34438608440210794;0.3405594694406917;2.7999903816551903
-9.723921930497415;-5.8935822374986495
0.4062723740028789;1.6466542905960093;0.017236416928715192
-3.795636244793735;-12.970841213286503
0.5611781297714802;1.2220246244810333;0.4104531414906628
-7.149257775810027;-8.24560979012883
0.4126626235438345;0.847429661699243;1.478654852063646
-7.566414324781663;-7.809562885508978
0.9209458022573945;0.6197457737179446;0.3729345659824873
-15.902942501116753;-2.4593383623514646
0.1305412513462469;0.2513515565215518;3.651599753855685
-7.741114895253562;-7.634074487373201
0.7770429674894024;0.7953600831206524;0.9593905638993234
-12.436157103497715;-4.090172733058042
0.47203003303930663;1.4395248157857592;0.006081976022457499
-5.207929194813063;-10.658041441591667
0.15826053743159615;1.4492095767568625;2.0165118252413716
-2.7406964819069413;-15.200270002737312
0.4357303149998807;1.5405272376953394;0.04597170082921556
-4.455283783207588;-11.81501646785895
0.6669868337536793;0.34474314092895064;2.402502996637353
-14.10684493089584;-3.2253091385333503
0.39623404552823477;1.593880500000006;0.8778052260385957
-3.9219936000192317;-12.737530098398132
0.14095807984987216;0.7519952798969177;3.126721088533531
-5.323039218160895;-10.4939095403298
0.0791750389697723;0.29130473242404137;4.077455043640569
-6.97392634048436;-8.436427539813824
0.0038283785913582878;0.004735128134897066;5.870757960338341
-7.7035774956792995;-7.671439576153286
0.11265005340040866;0.21502310603408287;4.036974825477231
-7.7441291209618;-7.63108211252772
0.005890958556420764;0.1545188578224538;5.125058291136608
-6.922820660340272;-8.492927008146006
0.6381422675582942;1.1091335205745152;0.09755294955527863
-8.634770041643845;-6.796108881681043
0.2912818185637306;1.8601625553432473;1.040740058103491
-2.2929649456393233;-16.34655304601297
0.09876836914198307;0.20551291342670547;4.590159622913545
-7.643694656084842;-7.731432582654973
0.7116632773561578;0.9133217683897017;0.6852919439257057
-10.752631206846349;-5.1425785572976
0.2306426312410085;1.2562023237938524;1.5705380309439938
-3.9473492971495494;-12.691436971579739
0.020951780979793208;0.10757375511395316;4.840573046523412
-7.330626511919915;-8.052998636617948
0.8006196025783419;0.7464492839907153;1.1257936895998073
-13.11951037573975;-3.7168212429140963
0.05596888292890159;0.02129613208668283;5.430658043912001
-8.19424489151386;-7.197186920031537
0.12697081206360025;1.729133143241033;1.216577073357808
-1.750136662939298;-17.977243373191456
0.5602380398372223;0.5004387434143182;2.234430118688377
-11.482151647787248;-4.661740948925858
0.6036488956454301;1.0835582780348088;1.0093645451186986
-8.383378790049127;-7.022244144232562
0.18742128276472392;1.365480629723742;1.7303489692461012
-3.2203544211620003;-14.117373127299235
0.7987393984923696;0.7966424108525811;0.4436995574846483
-12.733439041080084;-3.9242387936263454
0.3679449112127684;1.6875653386389298;0.0723534397105202
-3.3589709489863666;-13.827401627333687
0.10158913125878749;0.25900708569828557;4.203109946579416
-7.383558330003834;-7.997675384991652
0.6335872678734611;0.4117679015366001;2.1869594755190445
-13.123956998007802;-3.7144840216942603
0.46057099734510254;1.464344150299788;0.18303332832989364
-4.994956726006191;-10.970180437711603
0.22220165646082088;0.5365451407422834;3.29022269436723
-7.1892100634205995;-8.202770169447657
0.6921848156420146;0.3341185138551478;2.1233159670195216
-14.566908555519463;-3.014146263801766
0.5887723329588661;1.12988566144724;1.0087445176910468
-7.951895905294826;-7.42764685611941
0.19177014830552055;0.5733053210872708;3.523442516930559
-6.6798031298952;-8.767218399133728
0.31664438471969075;1.8603125138175511;0.015611410021427578
-2.4444566751878907;-15.941717863347758
0.7364607030906541;0.8893318703041981;0.3195902379474566
-11.237819193709367;-4.818334299061155
0.36718752224372403;1.7502669329513922;0.01558262182960193
-3.132130942495146;-14.306941715598532
0.498046190530207;0.5791690384003533;2.155970152246966
-10.154403458285174;-5.5682466890245035
0.5100074237805147;0.12682568362517602;3.071387533761653
-13.397827284219622;-3.572746480925235
0.13806098814888446;1.530296677456543;2.353685766190786
-2.362493324653443;-16.158415037399962
0.9624149199069275;0.5869284327793282;0.2453900549502796
-16.83593791363487;-2.1190224362550687
0.020926318798760796;0.0829028394996895;4.895067747408508
-7.463409008614284;-7.914961229538133
0.35188349978545935;0.9238676397673081;2.1529801524087557
-6.525390770734718;-8.946497812895004
0.3363556853879976;0.9671738554018869;1.9942525077646043
-6.154664489409649;-9.393751820294458
0.8662592225261273;0.6977204688100046;0.29907361771003743
-14.44969572096743;-3.0669179823026815
0.4111259767749604;1.5871412239317166;0.12884805308285457
-4.065664608845319;-12.479446583045073
0.3903928459910241;1.6113797747087948;0.8213651335353245
-3.8091190752635793;-12.945653985257794
0.9041620287584687;0.6354897307624062;0.4778126844446358
-15.513629155163677;-2.6124515608638323
0.5877302709146197;1.134942847019649;0.7192383849959079
-7.911989005045432;-7.4662943621399345
0.5334613867558461;1.2523254973336269;0.8980716136958625
-6.702159188979952;-8.741589151021234
0.042020225230077216;0.06406109905310589;4.915639055282914
-7.797785607221413;-7.578012741743879
0.08511042290770199;0.2723745552368539;4.640234485550687
-7.136089978530587;-8.259780782166537
0.5258939353945783;0.5941475643689668;1.822070679482686
-10.413956335371408;-5.379912964749321
0.15402059204895174;1.5842664431077258;1.2653197910911296
-2.2970119871806656;-16.335489836288705
0.11120637812086072;0.1871248324262062;4.573240442694095
-7.882828818552542;-7.494661656581877
0.3158351718036277;1.0034231815328312;2.076237730542291
-5.781059563915052;-9.870340781096386
0.00487297165625943;0.1726469310838723;4.9548698328346985
-6.8180812990744375;-8.609992164559328
0.4488543480749707;1.5105145634900314;0.16626345308775273
-4.692598760675944;-11.433463301416937
0.14638365699834255;0.7721656986657578;3.0979431516994986
-5.280631695543416;-10.554013926903217
0.3126313766546898;0.02070818926769443;4.073448950370521
-11.3780363231329;-4.727936118674363
0.8481054074090899;0.7409493791709143;0.24338174211094596
-13.853962306494836;-3.3460865143749143
0.8115075815052184;0.7323178455771063;1.1078468937787314
-13.37967695716625;-3.582006465399613
0.22992595568499122;1.2208723446261678;2.215021288249099
-4.081039716924412;-12.452264482742452
0.18033555020801198;0.11611226142206417;3.970394931348575
-9.092382640196853;-6.4022354112632955
0.16989781207040594;1.5506145173458978;1.2152345548299213
-2.494078479514416;-15.813086304770364
0.06393989032425296;0.36081489582777787;4.711795637232833
-6.460615634397586;-9.022901901369575
0.3883252126833664;1.607827207682326;0.952509358550719
-3.806882540724741;-12.949827146196263
0.07420352851741069;0.25474361923497846;4.730362219594952
-7.113956372359683;-8.283658556561413
0.5110371124319091;1.360240368526952;0.15892241283290987
-5.941942550572758;-9.661770130867232
0.04717751733102286;0.04481535880984128;5.052001422354898
-7.962422396670667;-7.417485962296416
0.8145117521572361;0.7506710215989179;0.43641414631474557
-13.289941738828126;-3.6280644289570287
0.8562120849617056;0.6972104091895147;0.4656752598867281
-14.301834664019891;-3.134483295947031
0.1687400279906433;1.462633522496444;1.539226557192899
-2.7651262573777102;-15.14181438904444
0.003498284705723247;0.9639714174171747;4.673765958963429
-3.339939195684081;-13.866662523747094
0.21183164110243818;0.07641308965029692;3.991304550655915
-9.717958755279378;-5.8982066371790065
1.000357937730546;0.5680768272581407;0.01507602699823415
-17.61946940755209;-1.8604398773196258
0.4649091833688753;1.4301954725878745;0.26808812014359806
-5.185803165883266;-10.689951330234626
0.6520923491153838;0.49012420740069473;1.4217598456778988
-12.827527182295901;-3.8728617831650975
0.518929273004692;0.556583285745518;2.3096419098446694
-10.566139807593316;-5.2721119446907885
0.39603905389657823;1.6299730371369017;0.09919901556279598
-3.781145801229361;-12.99799002401056
0.2324969474948532;0.4799153435303554;3.511912504913094
-7.605654682652981;-7.7697906166001225
0.8623088226205001;0.7040382816245991;0.2790686862556718
-14.342268737329864;-3.1158957375494523
0.4535611958024345;1.5042043894087826;0.01180056666652093
-4.760055924179988;-11.327957900023037
0.0707040775896033;0.3453017862220221;4.536661454896927
-6.607657642044337;-8.85048758351531
0.03346393232953823;0.054866008830382465;5.086078907938034
-7.753985695423848;-7.621305281308216
0.08426280472935277;1.2536137094673634;2.4748077595734412
-2.896931634732781;-14.83290073482802
0.005401294792542744;0.12437035860911021;5.455903368464286
-7.075774908528959;-8.325020367793229
0.10305466844473682;0.9340758758365221;2.5065804583075852
-4.213619317617779;-12.22125124603531
