200
2
0.0002223336590140744;3.991181196275903;0.00024016732297270013
-1.6644271342904355;-45.56252895282706
2.000226760478269;0.00024473685481921195;0.00026764665110159724
-45.690318628964;-1.6880220038450973
0.41018814119222113;1.573723558711071;0.00020801441153160287
-4.111622098952292;-12.398442138545208
7.657657162174208e-5;7.657657162174208e-5;6.0000765765716215
-7.6879211770078895;-7.687078834720053
7.657657162174208e-5;7.657657162174208e-5;6.0000765765716215
-7.6879211770078895;-7.687078834720053
1.015372021345108;0.5313794527736341;0.006137646576085891
-18.182099418036923;-1.6890889289545188
0.2663538532292376;2.0393492244224976;0.007528083872125528
-1.6709403148508102;-18.243997012455054
0.0002223336590140744;3.991181196275903;0.00024016732297270013
-1.6644271342904355;-45.56252895282706
0.04870083014413002;1.107320689450995;2.911648376090029
-3.152881785069959;-14.261991105860043
0.08479866630849742;0.9680678198247282;2.794777727621531
-3.9334674392992217;-12.716642798584289
0.027271158742809946;0.02925975268923441;5.720167404216016
-7.827193314462804;-7.5490851017025635
0.2351323611919372;0.5102924701817944;2.530001485928811
-7.468949607705214;-7.909254833482333
0.719024122114904;0.0073168734806102545;4.113487647802237
-17.60351479436647;-1.8654697161252907
0.349283273341129;0.00797438960585342;4.0163721658650875
-11.96267439133567;-4.366160663495215
0.46823347944206795;1.452225611273086;0.4146334645378487
-5.1168343993748415;-10.79017957565329
0.09647888608587399;0.2115885356345923;4.542814621952675
-7.585377906301564;-7.790316304392853
0.3138309008480599;1.8406171126182478;0.13277983524002224
-2.487506376222492;-15.830014796365901
0.6407396452676393;0.4011074616172375;1.820181456826148
-13.304599616201722;-3.6205094981032704
0.00685002056089041;0.08089390939829692;5.537302513357226
-7.322448740413123;-8.0615812914548
0.6582451544415013;1.0581494915223872;0.3541078039601462
-9.175114473397935;-6.333365482431167
0.7761180078917673;0.8017660814894938;0.7060625088273722
-12.378289760896529;-4.123120483662078
0.8059266846913382;0.25572248498136724;2.2685096072951887
-16.985310839834277;-2.0678711114198767
0.2551460080590396;0.5239095973728185;2.4977411627003283
-7.6127887416181625;-7.762582135420296
0.21077854722008807;1.2631392679937081;1.706221878034137
-3.767058600298661;-13.024462509387515
0.4444682857158149;0.20274808288076104;2.944636246655389
-11.932391328849503;-4.384317954789948
0.14164842782748413;0.16863366010393213;3.9372010964873345
-8.331295223944673;-7.0700000728832775
0.05744113085883082;0.006048443980193703;5.484804999574719
-8.297930797439387;-7.100758802327237
0.9830313973562511;0.544577961102818;0.504605096193184
-17.526285717035613;-1.8899525473290881
0.3708947371443776;0.8881990251630975;2.0820964671876956
-6.903683226778344;-8.51418828639611
0.67551379035537;0.031125382756484084;3.032874858393803
-16.68910390091288;-2.1701797234160685
0.21945814210194964;1.2868900170806488;1.4635563240989808
-3.7427039208268065;-13.070414982471052
0.03255556761929361;0.04216221742211147;5.082028767251366
-7.814245700819564;-7.561807604838331
0.007245632029034756;0.9606562365648809;4.609385878743604
-3.378820806411353;-13.786635503986279
0.017634834953917877;1.445513861935864;2.659909102907568
-1.919945624994631;-17.432631737302938
0.9140847544609553;0.6083040871246574;0.6006497635018305
-15.884831467181483;-2.466311827411698
0.8774369840606393;0.6731331850855777;0.4784905052064382
-14.807237428379048;-2.9080888149863364
0.10229005903290898;0.2393447092312819;3.8930796043015534
-7.497503325388849;-7.879913828208955
0.7167910687724279;0.9065957582130103;0.45273833589142043
-10.863639730326438;-5.066789557676138
0.8942593560601538;0.6342440834493598;0.5767871721824763
-15.368360376083666;-2.6713394607032415
0.4126959739376019;0.8443230602691957;1.269052422295549
-7.583737268849517;-7.791979505183431
0.32234720696316527;1.7519586625443926;1.0291674316588793
-2.8235807488683804;-15.003487483667062
0.10767291620226063;0.17863844414672553;4.661373085992857
-7.890738067770584;-7.486956796934833
0.3418470582164752;0.290865375783795;3.3039387396962043
-10.002372493050357;-5.681256345909646
0.04191707694431186;0.032330017963407134;5.2323228066665
-7.973425423606093;-7.406879928428713
0.07268830310294805;0.3668876013059352;3.802306407999358
-6.518256647899994;-8.954877594000425
0.8174923323683888;0.2785265313776955;1.5038430934363192
-16.987998401030957;-2.066958934081054
0.2895607784920217;0.43364261109523045;2.400742642447546
-8.50879832608539;-6.90852992130845
0.5702694551513572;1.196984211509033;0.09458363967640619
-7.380236915393519;-8.001135228663024
0.02265439426007354;0.0348331817807791;5.385176273157647
-7.745225575403082;-7.6299939012700335
0.5437470914148852;0.10356316666987286;3.1872344831447386
-14.067240833440884;-3.2439996556820123
0.6936337490318919;0.9396862522175041;0.8993495178446371
-10.349525823787847;-5.426132119478769
0.015012760345095768;0.052787715871119585;5.428472221851838
-7.562826044034351;-7.813210191024559
0.12544226173266204;0.7350498220316275;2.9896664654414993
-5.25900689422113;-10.584825178450465
0.7570279818057513;0.28470247121387676;1.7358165350025767
-15.960254217457178;-2.4373658010832977
0.007203326342737716;0.06779777809183189;5.63022573716504
-7.396699422537197;-7.984001802007118
0.535225580250602;0.12211879085064245;2.74542733986346
-13.802662316405137;-3.371006250248961
0.2812074850330042;1.8793606330540928;0.9749769197914239
-2.1786447328286607;-16.66504702569759
0.26481418939598655;2.0070358767311545;0.19679355282123295
-1.7444916763014147;-17.995974153632407
0.766926907098845;0.8932879799596394;0.04305481273608361
-11.62093667630237;-4.574712499683811
0.25942217905256537;2.0136094632158823;0.2584210389220416
-1.7006146413476226;-18.14303079756589
0.8289897175978392;0.7104163577233544;1.1660762290738944
-13.796972711886605;-3.3737788596910394
0.3464859805904809;1.6686838017410637;0.8859072745936605
-3.273098472728621;-14.005928718889743
0.2960138479011154;0.9796586702102117;2.192051729832125
-5.705787413076587;-9.969728131564374
0.008677950631518227;0.65520893403779;4.346501322420386
-4.586164811158807;-11.602548171681095
0.02528757431837315;0.07113470796115755;4.820165045850916
-7.574845119195352;-7.801000271763876
0.4558467953752663;1.4781892257110723;0.005928439522846286
-4.8926913121463755;-11.124143296712315
0.4790002545639769;0.7296102615936091;1.2330016220271482
-8.995808466607695;-6.483515743729903
0.30532479750082064;1.0149418386907059;1.6496921583683155
-5.627344878017284;-10.074559558596992
0.6193363741646335;1.069587286070416;0.547038130637939
-8.646059935970968;-6.78611985112361
0.795909020180069;0.2629432354189767;1.9570442157453034
-16.7622196743838;-2.144596820031022
0.44193242612508987;0.6802336426018242;1.928376053970193
-8.848937322608808;-6.608994016476896
0.2751479983724211;1.0275049268973107;2.1463163388539743
-5.290579247178687;-10.539877478855841
0.022231352736472684;0.10877784048742907;4.784271122470617
-7.337903194012271;-8.045369679171593
0.9530290684923102;0.5807003628424361;0.2900641886768067
-16.73354098726114;-2.1546054716971117
0.30919619408783516;1.7946840109382094;1.0114027369888108
-2.6015580565873626;-15.540765906975293
0.012243345254401473;0.5957907949062562;4.402246362175705
-4.871715805515382;-11.15606095388737
0.08011822260039653;1.0644328492604351;2.7096310983555467
-3.5319909147863564;-13.478151359442418
0.4198912948307457;0.7256889896075179;1.870759824053301
-8.32803214987013;-7.0730025492764215
0.6221883979008691;0.47216908744461544;1.5742755898912792
-12.530947140810337;-4.036662348881984
0.6292298305547895;1.0340488355394284;0.7698670330464067
-8.972119759268905;-6.503600677997248
0.5582501890010669;1.1486158625943421;1.1480168699689886
-7.511896239093447;-7.865166569607738
0.7397607557298418;0.8688740934027489;0.570879445264531
-11.41895106849274;-4.70182946986646
0.15650962262062135;0.1449615191210992;4.148230823153708
-8.640060892969464;-6.791425905647883
0.3768614152987486;1.6179144429305472;0.6353479639792075
-3.681273274995022;-13.187381010658571
0.06476433138372079;0.3228925057944137;4.500407715407235
-6.661388439141814;-8.788390712438506
0.7893866974701114;0.7888641410043721;0.9554717798713729
-12.655957526100671;-3.966955732806313
0.4840399939185049;0.6135093884509208;2.316868188941463
-9.7633586065725;-5.863082013325521
0.38889593844960596;1.5735309336930343;0.7509770463292135
-3.9441358341410995;-12.697265458873144
0.8579266140645754;0.7547183382010352;0.01599641123771591
-13.897522171241766;-3.325038382032495
0.39399556606184316;1.6043334849766766;0.37702528511180394
-3.8640318963701095;-12.843797777753002
0.3078741070148831;0.31747399627281964;3.576448394164565
-9.416975706641724;-6.135959311315313
0.9930274864945768;0.5429626529167929;0.07047978300857911
-17.70702320464981;-1.833007683853845
0.49476931342308444;1.4002384015582376;0.010341594583596968
-5.597325544032166;-10.115023065864923
0.012638618749834034;0.046786431412034445;5.619343284354643
-7.569662078904746;-7.806263211940774
0.11654304107261011;1.7023317899203723;1.7653631582877611
-1.7653315570523715;-17.927034342579045
0.0706648363726185;0.3185364727687685;4.171069871551845
-6.744264849845157;-8.693539650104002
0.12866774759217978;0.1547849568394437;4.447802988616023
-8.262044573811869;-7.133988652017796
0.12825467075891878;0.21201532872495063;3.7624679232429137
-7.934196787535292;-7.444762646813535
0.17091948424016315;1.4258824849611973;2.049963017398909
-2.900411004979422;-14.824889686269001
0.1320746607115221;0.17779768150411396;4.001987810071604
-8.169890625270806;-7.220022586162572
0.0010224761590282394;0.0012428531150069366;5.932320468853648
-7.691912188979904;-7.683089097746359
0.1366539038189884;0.1298150444791887;4.690028396137134
-8.497300370452278;-6.918879975705611
0.15220707168625636;0.15736718592323956;3.8635687005856014
-8.517881073666091;-6.900364541724086
0.5110229276344258;0.6377370010525965;1.366972119820082
-9.948891993618412;-5.721494597239609
0.053793632358239175;1.1158660976726908;2.5754247024301145
-3.1585926237283735;-14.249659786246708
0.6008499775356348;0.09985566389671398;2.6090792453122535
-14.961704443454012;-2.841417240533903
0.3922398186366955;0.18775527349573987;3.511415032346366
-11.325563967102925;-4.761595965548762
0.284280853170475;1.9264868704374294;0.4946395016163359
-2.062872348755814;-17.000049153817088
0.0882370288223499;0.260920782575627;3.7143731056879132
-7.23017426223146;-8.159088236471659
0.20421373311499252;1.340162136889484;1.619953187762402
-3.43108880788172;-13.68017018513621
0.649436352068077;0.38695557549929493;2.3433147700111014
-13.53463705700402;-3.5035486419985684
0.5249388738469919;1.2798050724397643;0.1544546196543519
-6.4757662885629586;-9.004966860766544
0.040768552144910694;1.164575281409273;2.600420913448374
-2.903761718941241;-14.817181667255209
0.07708095038376589;0.3576420452365538;3.651411084888168
-6.609763374613514;-8.848044963772756
0.5824475833119764;0.4882744327737863;2.1890917911350387
-11.866729653651854;-4.423901581300021
0.7005329022374542;0.3858337775276777;1.3043936570649683
-14.301972216749153;-3.1344199203296133
0.18264798442114383;1.4756639852359346;1.3306314561745978
-2.813393041664904;-15.027441221995018
0.10368038889827444;0.2163226285390455;4.237776194921581
-7.638290135684999;-7.736870493852463
0.7464089996367422;0.8619318825957897;0.6058316467541064
-11.555390933943984;-4.61564365048934
0.9251527895847088;0.5669709236695656;1.1944950357845725
-16.39278844325611;-2.276107232757737
0.48570209107343154;0.10132324932619358;3.4594309645422907
-13.229985960171767;-3.659095699144404
0.28874199946790335;1.9772658464409716;0.010984007098179658
-1.9480890593265658;-17.34568938188338
0.152514563791743;1.5292979513642975;1.6751667239059689
-2.4528556220871884;-15.919812683676115
0.018908293081973244;0.052617857254879594;5.319182019409379
-7.606312086625775;-7.769126068626039
0.8875550825815336;0.6237368868523183;1.1257687732424413
-15.345713456717162;-2.6806073952989222
0.515965945815152;0.19424502356716816;2.4633436216760614
-12.996497063272672;-3.781941514578179
0.339590416850118;1.6959554718972008;1.0352371077720697
-3.129070154797262;-14.313591174963875
0.1300760653310467;0.16061556556249337;4.294552631148678
-8.244858635839627;-7.149956419744027
0.325855052259126;0.9961966055930747;1.3652616032503875
-5.911495193511248;-9.7008467053343
0.8433219586391382;0.7153319341620482;0.6824220497114916
-13.973162875684434;-3.2887310614059255
0.5631100799433449;1.214735672265317;0.4011918037203487
-7.208499677849201;-8.182170314014101
0.4011864461766461;1.5879836053904655;0.32964663694100504
-3.983825270734323;-12.62554311414323
0.9306027819297934;0.6402126468128738;0.156279308460945
-15.893784747235163;-2.4628626597213197
0.5923771528303298;0.45975168980948966;2.159981734522807
-12.200643180172474;-4.225614405809604
0.008843761711302826;0.16763674441769355;5.031196063740411
-6.88526405340405;-8.534705484350017
0.5149616114772709;0.5564091937376078;2.3589990117116977
-10.516042696558392;-5.307388375172119
0.6076176093427754;0.03996089044045522;3.411980138449904
-15.53277855197999;-2.6047609412839345
0.6896090161566754;0.9563915458835323;0.8282715540585726
-10.191827912990586;-5.540736562262585
0.8436647782383919;0.7002796290895574;0.835389219800736
-14.090542159784874;-3.232992958525384
0.38681856629963735;1.6492773809370074;0.28295430322271853
-3.638224478651436;-13.270267210366496
0.0010135679137682077;0.0018827684521114515;5.900492384300351
-7.688294041406776;-7.686706000277102
0.4047780127030933;1.4999919161489748;1.1291108498125664
-4.366804320140454;-11.96159911831112
0.5534148321281509;0.09709894347096963;3.1469146393806495
-14.260575092816993;-3.15353716417834
0.27759918061467465;1.9062716102355983;0.8537133958400893
-2.0819960546459324;-16.94380179371467
0.06330283477602179;0.011452326100918384;5.2079856495599515
-8.334103681489161;-7.067416903526785
0.41641730200058447;0.18476554480442203;3.37820270848544
-11.671873331070262;-4.54311367990605
0.1011171947540787;0.2163445916680961;4.22027806432443
-7.6100929859253315;-7.765305209684657
0.33899604407610623;0.9194093983174092;1.8882982122763534
-6.4179871117388165;-9.073577523555981
0.014187419229572769;1.5112439531609234;3.258808064805943
-1.7306206804766562;-18.04218094219621
0.3822517285309609;1.715791778756654;0.017865930234709563
-3.3603637016717536;-13.824535240313807
0.19401187480026547;1.3290010387386173;2.0170620787858233
-3.397563168414187;-13.748313348933134
0.5505740944372789;1.3136954551694826;0.022301505851346094
-6.56366637578736;-8.90168630503153
0.08420084491882629;0.9452284691493792;3.0794236644254873
-4.018412558841334;-12.563507131270326
0.009277966612869448;0.09428317811988134;5.170246120185685
-7.276734768701474;-8.109734462537041
0.36296009936886575;1.7106928058096214;0.08964422126863252
-3.2410277487437726;-14.073526426534563
0.9627306389612437;0.575366343143836;0.20342796453484682
-16.93577847419755;-2.0847341916323887
0.2740814281512973;1.9040890458290278;1.069794522716442
-2.0684417890482902;-16.983629873839053
0.012583470418929496;0.043984074517547864;5.778224533560666
-7.58435984928163;-7.7913483197582085
0.6744919069261487;0.07506687104296922;2.4241879830376556
-16.31690756262797;-2.30382119172536
0.4157140094904316;1.5483713236892651;0.3102935138981545
-4.258319526269993;-12.144695878062416
0.6037538391294499;1.0775251117654479;0.8339676464661608
-8.419299583306211;-6.989491351878238
0.33438734929039166;0.9732269914999455;1.5383940351367762
-6.105703587608343;-9.454678809719127
0.5879512246376111;0.4638966084603617;2.2224516572472943
-12.110484441836208;-4.278420192872744
0.22088370129714546;1.2249748904084494;1.8083326344476347
-3.993272785990294;-12.608555151946037
0.15338854508797423;0.21929204672003172;3.6987016936265773
-8.176321371836025;-7.213985893820942
0.02909261519729213;1.3641203632755439;2.435275171461206
-2.2103233404475318;-16.575609802138086
0.18872877341601554;0.6199271882206087;2.562113110900429
-6.412708499357929;-9.079874554632282
0.8164962932630773;0.7243628678936697;1.0767571806316327
-13.510571418060817;-3.5156445131034815
0.26681718912256386;1.9461305544742604;0.8058267923519987
-1.9139164786016916;-17.45137441712215
0.3059733799429586;1.8094230916291227;0.9374778534526844
-2.535329740497533;-15.707569389672793
0.22842376341658455;0.49507526143957964;3.226869542821445
-7.478708819357881;-7.899213900028395
0.8332156682035987;0.8249950253456623;0.029950886521751485
-13.023414776411288;-3.7676153547344016
0.22355065979313948;0.43532077550754045;3.4433318910307213
-7.752431773651852;-7.62284578878573
0.33618702946636225;1.7802112849523475;0.10068475996362185
-2.8216985762469267;-15.00790806246278
0.31869360693382254;0.3365759620976521;3.4175338962052133
-9.43244929392639;-6.123525524456469
0.3054463341314343;1.873212686572112;0.08359042612348748
-2.33819172792341;-16.223711929325084
0.15197209913408474;0.12966495949494616;4.306873797820124
-8.676409066320103;-6.759337439814646
0.39673519269082413;0.7706123272586264;1.9186265741878674
-7.813741810497775;-7.562303171144536
0.1842498946094976;1.3543004040954243;1.9819322241905628
-3.2373994704703857;-14.081206234111106
0.5827814598265211;1.1768212329107421;0.9447334143676706
-7.625706026700058;-7.749547472534759
0.7535985313810161;0.014249404634518487;3.50623382051681
-18.12760482960975;-1.7051805902071024
0.8563456608197854;0.7011706990139984;0.7575333973478937
-14.274037394437475;-3.1473105455561776
0.6333953091713554;0.03607870216093841;3.128494397084367
-15.97106735963156;-2.433236281632061
0.07933551107117115;0.30017483348479673;4.740253177930608
-6.929252366240942;-8.48579429100794
0.01952373487846424;0.060731258458195714;5.127982999456267
-7.568709348835471;-7.807231024549411
0.16208991139444756;1.4313067724047508;1.7782378931088487
-2.824031859678503;-15.002428305452916
0.550686458528527;1.2365534689167523;0.6444646910044666
-6.962280746372751;-8.449266816829434
0.9990279886588577;0.5335418963209526;0.19708604634275628
-17.887128938919986;-1.7774740479555975
0.018997294943555648;0.04924207728973259;5.322224675826963
-7.625765325258454;-7.7494876866872895
0.04463736517826032;1.248670935417228;2.409423046970479
-2.655020432475279;-15.408378688143058
0.7502495082366978;0.3417240293202532;1.5856097869040298
-15.40352190019405;-2.6569970415094826
0.3712909743184165;1.6283918429322042;0.5558224270585866
-3.6002047502070353;-13.344113587456118
0.01157749939536343;0.039101855282884235;5.799582358339634
-7.600046591525117;-7.7754620129388465
0.15741312524043416;0.22161486476628123;3.6444198777942307
-8.208850983857063;-7.183525740996605
0.43370485488483607;1.5230275198259053;0.2830444852426996
-4.511436757553649;-11.723232668172212
0.9390444418428883;0.6227851478724986;0.006046000715739258
-16.167458016119802;-2.3591169221737434
0.26643235841411006;1.2383664687796787;1.3963073093081533
-4.304973086273556;-12.065492357739599
0.31195816536448634;0.015251642597162855;4.921612917057784
-11.405628487303547;-4.710316917853639
0.7295873319858371;0.0379859977433957;2.4777259396065374
-17.523814889271247;-1.890739560760181
0.3319137424731578;0.29950292551072427;3.3447744644397917
-9.824017461503692;-5.816447307712185
