200
2
2.0003544399273996;0.00037241630395011386;0.00039532610023249916
-45.69204237114418;-1.6883412720848439
0.00012825416792368167;4.00010428562668;0.0001511639821587098
-1.6871194663988345;-45.685445016597996
0.00012825416792368167;4.00010428562668;0.0001511639821587098
-1.6871194663988345;-45.685445016597996
5.0447113642837145e-5;0.03180697684343099;5.955264865782045
-7.5141218212860625;-7.862888730063661
8.096046369259922e-5;8.096046369259922e-5;6.000080960463692
-7.687945289104906;-7.6870547240042875
8.096046369259922e-5;8.096046369259922e-5;6.000080960463692
-7.687945289104906;-7.6870547240042875
1.0127969984648124;0.5259639944647022;0.0022350022685435457
-18.184355157850014;-1.688425130735869
0.27081581931535165;2.037977075701089;0.010703096125008766
-1.6966497631542417;-18.156449570928487
2.0003544399273996;0.00037241630395011386;0.00039532610023249916
-45.69204237114418;-1.6883412720848439
0.04605130308264719;0.03934952932036797;4.980521499205195
-7.9804248097637025;-7.400140964469511
0.1143795655327679;0.02333085817944488;5.083729289124367
-8.859556276174462;-6.599845274427461
0.0727884986730759;0.30147308692450897;3.816803129638481
-6.8543750980648595;-8.569232083426787
0.019343314648161032;0.07743344752632599;5.41251086835624
-7.475893815657927;-7.902108816187971
0.6203056486292953;0.044978361981451144;3.5465489052309027
-15.693019259943693;-2.541056971895162
0.08680080365646636;0.8390426522141042;3.3815355460745913
-4.4703860372827195;-11.790237531195608
0.1357720339847634;0.7403763027518369;3.326270809287545
-5.32872637306827;-10.48588095567368
0.32575293284134926;1.8333002655004282;0.027360854003858633
-2.584268804443035;-15.58400720243806
0.1638317747901951;0.722442423326088;2.723003459476167
-5.6720665535545844;-10.014634164757258
0.0058529153176113;0.0968539370247844;5.4987753552404
-7.226435614879138;-8.163064785164318
0.22538482213727673;1.219274879683949;2.112638926875757
-4.0513215020999755;-12.504879091603325
0.459516796911057;1.3991979303786566;1.0511850497225377
-5.277153939039801;-10.558961641161767
0.11708664768386973;1.588755216634992;2.349277836799521
-2.0721916144541916;-16.972592748393968
0.39665509691807094;1.6211978351088059;0.19526225976768424
-3.8195159195723636;-12.926279973571667
0.9820084616020052;0.5157260906163454;0.8546156117526339
-17.750645914989626;-1.8194467565253147
0.20212356100107917;1.2952061681533955;1.644593015103026
-3.581033268086918;-13.381582775750527
0.467938505066518;1.3875929005553598;1.0149443156328701
-5.407109848337253;-10.375984642982813
0.023358721741846757;0.1086486307054422;4.893867576416404
-7.350713942231077;-8.031957001670314
1.0087782700211096;0.5201790991710473;0.3949418444526007
-18.165215125221344;-1.6940632756384544
0.2342037378944224;0.07535720262425505;4.450791407332086
-10.003765019640003;-5.680212014829515
0.0024102673869679505;0.08778478615906307;5.727028721624148
-7.238079684389696;-8.150686449626093
0.746631644805287;0.8873458088711661;0.35978345451556387
-11.387182137532335;-4.722089849398847
0.8527456585629721;0.6987593638110695;0.6862693472265315
-14.238034969056995;-3.1639834825933715
0.5799657346287009;0.548987217115803;1.5430783705432523
-11.420946266003654;-4.700559492446063
0.03227778974339314;1.1216818458771598;3.4548742688192515
-2.9908214779453965;-14.619210408239505
0.18009198699004159;1.3325017334131466;2.1705770318955895
-3.285154148427084;-13.980649502190781
0.005907372742268177;0.0640229707394951;5.774385571173415
-7.403080459881998;-7.977370937686547
0.4226790510480279;0.311329906697019;2.646678076700103
-10.909841188175854;-5.03553103878645
0.09130974144378402;0.9336478320490688;2.5901906620234194
-4.120887660855995;-12.382199501632504
0.1851026504686237;1.3886867157367029;1.5926785082424244
-3.1231566108948954;-14.326452173688907
0.06278507646902311;1.078445569631928;2.6756047769958284
-3.354656767923189;-13.836286351555888
0.6263370705563717;1.0881558626175458;0.5828751581940358
-8.61941679568261;-6.809715732235436
0.06812196806331505;0.25330730839531335;4.503507209547974
-7.057355285649158;-8.345052380604674
0.1509280327669264;0.13113686326723314;4.559199354792566
-8.655600658488959;-6.7776894335561435
0.0568713666316204;0.014178148563517505;5.545973806939506
-8.245018322374907;-7.14980789067795
0.4804356699201628;1.382480992906035;0.5115818176306648
-5.546401607696785;-10.18410779141959
0.1711440316524081;0.17741056248923148;3.8790739137031407
-8.621510844760909;-6.8078583357894775
0.10666119223118442;0.9093483951605263;2.5512775551054907
-4.343809148728525;-12.000095266408259
0.3511030748737641;1.7199884072525422;0.4427646696835015
-3.125578307414425;-14.32118313996958
0.7028091324714513;0.957905501155431;0.308506007965261
-10.35036691968931;-5.425526518027122
0.17060330659172665;1.3894147045985683;2.0521998440853717
-3.0210957001249854;-14.551384705691254
0.3180613738945634;1.8572218924032264;0.04190686894702703
-2.462537825599738;-15.894628416354832
0.6969724702128456;0.37220170731038393;1.848954092914775
-14.351047016551112;-3.111871452282731
0.025500434261364373;0.5377962404054815;3.7400167848402215
-5.247095188731326;-10.60184427944161
0.3676426371251463;1.6514951167561303;1.1785683391520236
-3.4877863417224644;-13.56609460928668
0.06988523555462928;0.997411479910084;3.1550188064193283
-3.7060225515723575;-13.140073648381438
0.002231625793306861;0.11965267170018845;5.364815970643499
-7.067226791881441;-8.334310413130762
0.05656433015395767;0.021477755200344253;5.217332734076018
-8.199979866498678;-7.191819910315396
0.7191424069436121;0.02388836996627914;2.5280520427189273
-17.467197742141416;-1.9088368590110172
0.13763120633547565;0.1996281988837562;3.981801615733972
-8.10920871012478;-7.277232358465635
0.5045547580324172;1.42471847024116;0.040598580461992106
-5.57438155482175;-10.146080050761327
0.0063045314922769305;0.09226031725804397;5.279745965009325
-7.255762423803145;-8.131926220811534
0.2628267633727979;1.158977815706138;1.4395662103677296
-4.605316065704394;-11.571883244270358
0.2654569565800836;2.02813413583512;0.1093337059483797
-1.6944571704745945;-18.163879619899074
0.006624745276905448;0.14364042297406016;5.162176358248063
-6.987351666946052;-8.421651923568794
0.011741402502669737;0.5617508155732764;4.086040372247997
-5.016758393077111;-10.93770650932442
0.5667515523373973;1.1902591429199516;1.1024958274897492
-7.378563037528921;-8.002879458225651
0.7710239495619801;0.8200334207948915;0.9718972312166742
-12.179884537726673;-4.23772527610692
0.5446203827549881;1.20368063713421;1.1306841542437294
-7.071177190284086;-8.330015778150656
0.6392212989936241;1.1248657177070889;0.04538542898309629
-8.555758699697462;-6.866413016615711
0.7382515416108892;0.2813867103322374;2.225972333077058
-15.688943195641128;-2.5426630938561767
0.6672873793551253;0.9770941534889486;0.6589731264345594
-9.78143571182655;-5.849149054392226
0.6929333987369919;0.35173535392442323;2.143760952727192
-14.444650782060481;-3.069204903015315
0.09945164902818876;0.8566926813028299;3.0376655080031942
-4.50234526485626;-11.738028480567237
0.43887426277852176;1.5343401763275857;0.1508078509149311
-4.507358516623604;-11.729866675099567
0.0028431261465119346;0.013883198916624654;5.849875542987869
-7.642483983504146;-7.732650396363754
0.2728083359783682;0.4389655296123291;2.777289763002825
-8.285455749057606;-7.112293183269127
0.27124717785345653;0.05764132413501137;4.046822967444777
-10.589274135869923;-5.255890788579004
0.04650745422772334;0.32239389795280116;4.606961734397728
-6.478530278587378;-9.001699163058277
0.3487412460709276;1.78194819658154;0.26435577636765495
-2.8990044896875955;-14.82812723852413
0.1430231297388137;1.5204922484797745;1.8044239252920227
-2.42190396025168;-16.0008098392753
0.43298546097895296;0.8158564967481631;1.2784232337115906
-7.965640794267688;-7.4143821169605175
0.009505684915531656;0.1667925440486603;4.77681033535904
-6.896542817256348;-8.522135733649915
0.7596883356609736;0.2600092879286244;2.3048841486817686
-16.20002681501822;-2.346985597691669
0.6088828681316573;1.1129951547258508;0.6710757752582792
-8.274715073211748;-7.122238676299648
0.8011756121900868;0.2453831526592718;1.7717429108452891
-16.992186742134898;-2.0655379532049825
0.9350309555879728;0.5914690890273638;0.2227911843309401
-16.354560126667074;-2.290039083032675
0.1118223313602911;0.20460787259078778;4.400124488970066
-7.792564745092315;-7.583160053664577
0.1470656329011125;0.1378096633990184;4.371789005128192
-8.571705256595543;-6.85216763016027
0.8654592261939366;0.7198559173102308;0.4996830421825823
-14.270591392764663;-3.148903506910596
0.15153873421514572;1.4846855267070456;1.9013679820099985
-2.584853282862414;-15.582541923906707
0.1447009127985145;1.4765017255219337;2.0117619795423893
-2.5676567228147427;-15.625755621988695
0.277219346357234;1.996732489868732;0.12378652106431678
-1.8350955129612132;-17.700327281658115
0.05775411928897256;1.1714800046539744;2.467373787858017
-2.994731657331567;-14.61042108416789
0.38553395969895227;0.33998947750986075;2.4275047206064473
-10.244260053444865;-5.502397192676383
0.09613914702734891;0.8377836344372017;3.4484701757351455
-4.55389777235856;-11.654456516566103
0.2275636792578631;0.054663001722174503;4.654563827494151
-10.050425663426607;-5.64531773869754
0.2356391039716789;0.040790574317802454;4.321189160719117
-10.240501587645085;-5.5051376177639755
0.8771333360312882;0.6459108855834216;0.7921841634614893
-15.011909375057176;-2.819995723786475
0.1309285907174792;0.21715145243639222;4.135556099953853
-7.935380111697406;-7.443617092713181
0.12720582820848453;0.2222737142736261;4.180196519686237
-7.865291529113596;-7.511774165536822
0.5942048789313414;1.13484139995634;1.1075368820147087
-7.984995537453669;-7.395743600483895
0.5914193305812184;1.1521930495930757;0.6375328862313299
-7.856990017139947;-7.519888289876974
0.760557923080858;0.266896934744679;1.9723259594229847
-16.15876909054984;-2.3623610649624336
0.19525895572423435;0.6317871196683978;2.99198975603262
-6.418730185625461;-9.072691476044682
0.6872744135510764;0.40896926237677284;1.4830646985742304
-13.930531501804845;-3.3091562898256646
0.4123839492596142;0.7890960140942892;2.2656493533804682
-7.8849678476755924;-7.49257711900126
0.4936908056798514;1.3602285402185506;0.5583932118968263
-5.775856723635813;-9.877172941083137
0.960276269793567;0.5869598734619303;0.0018131478099339265
-16.800729062831547;-2.131209735454309
0.5140268506384057;1.3162915081513953;0.48558591964721604
-6.1852730955016595;-9.35588897112208
0.03569410613655365;0.4632142819950699;4.219950721411399
-5.6859842854429665;-9.996071052384554
0.19625515501676435;1.4449547864467864;1.2367583035225653
-3.006694755659859;-14.583583996205693
0.6045405871174675;1.147011613959624;0.29305363245227806
-8.03273521182698;-7.3499700487985615
0.26879469607498646;1.934447342223677;0.9180016899668154
-1.9559934072787386;-17.32143085808948
0.014915607807729733;0.4986907220506856;4.156920286711593
-5.328601951380939;-10.486056522168429
0.3615782261700182;0.2719631407154707;3.201902003806444
-10.372638618389853;-5.4095121905196315
0.44095227261124365;1.5136042116047477;0.005482607686016514
-4.612196303405027;-11.56089263360989
0.2874759228507814;0.39758135548113105;2.929909814957036
-8.69449798701341;-6.7434225945886626
0.3382094623696945;0.051428999716801926;4.232101266308423
-11.515556994003969;-4.640667818755509
0.026159240535614338;0.0584450745715194;5.322190760820128
-7.653841270896319;-7.721233799399517
0.1088442115973547;0.7786452675013391;3.0873971285842
-4.916909937487988;-11.087435224860917
0.32523557014449833;0.06075622402517496;3.6227312844811457
-11.278695721915065;-4.791831643013028
0.7909468656647743;0.35894701268202117;1.7429155059706474
-15.909305629212156;-2.4568917240893535
0.2056646655019003;0.0549106309789725;4.714580542283071
-9.774837139863942;-5.854231439590834
0.0427680319019316;1.165228428625302;3.134063979735581
-2.914927596135797;-14.791543609171626
0.1384269212036581;1.5577669784547379;1.365756802795508
-2.283216213838021;-16.373260710359663
0.7966793362158721;0.22660662512277108;2.3835479068013092
-17.07264741902262;-2.038374898623917
0.4371873059936116;1.4541233884555442;0.8795880702646546
-4.834990373240749;-11.212226914392282
0.24603907537174768;0.5261730457903762;2.4045790227028734
-7.5011405391104145;-7.876184384626102
0.6777589273995807;1.0163436905369496;0.006332224208495027
-9.667997017145135;-5.937081210260805
0.2151960313916145;1.2688609769010764;1.5203765454535423
-3.778951092293801;-13.002109147590122
0.1380924760761231;0.23285116391169372;3.9152164864404524
-7.927713652526315;-7.4510419818802385
0.30870961884312703;1.9180115546780898;0.4671033042884847
-2.225782631563095;-16.532298118473285
0.6528029482122767;0.4466723164628895;1.7093937683327547
-13.149401584574912;-3.7011322049966084
0.13172258497999792;0.2288826256325693;3.9436769559460894
-7.878788563271231;-7.49860057566954
0.8940418717180044;0.6322478914924469;0.8208845402240744
-15.380553702327692;-2.6663593309485085
0.16225405009328678;0.6750488586327035;2.8933165357505435
-5.882404651878273;-9.738352994785703
0.3786092879439013;1.675452320208548;0.08557157899227792
-3.4803676154451963;-13.580938802973396
0.8865741200791234;0.6468321106523695;0.7037611228172016
-15.150826735867424;-2.761349311302775
0.001502498743798049;0.0030584802521723756;5.903034458671077
-7.687205847655237;-7.687794158065575
0.007508536142017524;0.07098718577328651;5.612875039005938
-7.3827970294131156;-7.998468277794884
0.9470225555559164;0.5650761946805386;0.7853144642994746
-16.762987421212685;-2.1443293404684503
0.34997261986633654;1.766793925256923;0.9556569100595241
-2.9579983474214457;-14.693333888188196
0.7895110399599832;0.2555534961639794;1.7577040850067556
-16.718146302847003;-2.1599918815311496
0.05217995816607654;0.33303828991164375;4.258282841473308
-6.482062743855762;-8.99752485323016
0.1542307695535449;0.6966249561699661;2.8185564794285582
-5.703272044500109;-9.973069632191748
0.04792131832232506;0.4782098512986912;3.599290092145401
-5.730685006245063;-9.936724367439515
0.8338904972579687;0.2078954705071825;1.8837231138348425
-17.848136125258467;-1.789395361162165
0.8680482637180598;0.6876507817200315;0.8298906166174801
-14.553190083148648;-3.0202868802716796
0.17144590333541312;1.5004117249478894;1.2166844191978916
-2.6609928106842915;-15.393711911731986
0.0027703929154027887;0.2872536917885657;5.166280053230673
-6.217441178615485;-9.316283144150846
0.8128024685047615;0.7955303291217405;0.53734851586479
-12.94193419804286;-3.811113511277252
0.3552632065535324;1.7490936266463382;0.0064021382071657185
-3.054002182572727;-14.478241531504734
0.18853813747554168;1.370851084209127;1.387609151880871
-3.209326920596621;-14.140849822435102
0.28882901311205883;1.9025792152296845;0.7660966671326944
-2.155849617545307;-16.72998269660654
0.3728007848212797;0.8354303164579552;1.9518872513502186
-7.201511096269747;-8.189627311239102
0.4958114461454999;1.3707700934509441;0.32590282341220567
-5.745942993767725;-9.916562206527113
0.20682195377808887;0.6649191287446712;2.507086147374482
-6.368625520246613;-9.13265295332004
0.284531120462985;0.4230914414197353;2.626398279531661
-8.51164687159278;-6.905968077024198
0.8071857060863035;0.7961095212464723;0.21286674147908194
-12.857492922235755;-3.8566121220482725
0.3030813411655163;1.8893599303594506;0.7070001595977434
-2.2765103131914066;-16.391680041504003
0.5364072564034679;1.3353149527405903;0.019347272443268226
-6.312654061330262;-9.200158900600462
0.9123406357842975;0.6594549292083844;0.5626964035897424
-15.453997311911312;-2.6365075459489966
0.3431673874852026;0.32833274585832883;3.2326376847571976
-9.784676612964784;-5.8466542927319445
0.5203348497825643;1.2608573310646902;1.1997902690677895
-6.524950619817798;-8.947014566312976
0.8414923617144804;0.6854707766110453;0.9350466561052737
-14.16886078159479;-3.19620736659772
0.9194584343136823;0.623705148667875;0.745743988578089
-15.847903984104097;-2.4805750645497073
0.19286004109804147;0.19824884749497157;3.7212716177353764
-8.753737254696471;-6.691553672984247
0.7356509423644463;0.954607803218228;0.020342224497150167
-10.796290222176806;-5.112655325559494
0.4035239474867959;1.6414520405989796;0.01813325786153401
-3.7945074772972003;-12.972953079176467
0.023060862064300823;1.2759508805803554;3.226620122599305
-2.4359193935741863;-15.96404011454348
0.9016740835619866;0.6222592740053507;0.8634227398602444
-15.578459885600596;-2.586482061295749
0.17778381329351345;0.7710506526231309;2.6008631763884487
-5.574969501725546;-10.14528278812269
0.29157245022240946;1.0385328928195625;2.020980213968895
-5.390244265538009;-10.39951218166019
0.498589853028939;0.7831922022249366;1.4627672163085086
-8.910221922877831;-6.556359380715475
0.40022643509239353;0.25905199032905196;2.832280237610018
-10.958319751915107;-5.00291007350202
0.2698659695355603;0.4279774620569449;2.8766000401276037
-8.314638686710678;-7.085339439554746
0.005028996535559912;0.16031286868024416;4.841617469331438
-6.88367471179413;-8.536478343494496
0.9988303058016914;0.5539250372597977;0.007738719654855383
-17.71241806751492;-1.8313267497354835
0.34438644494289095;1.043610564425953;1.6729518551064397
-5.861802565302135;-9.765016985244017
0.29411422869722487;1.8803490119941564;0.7277745308016398
-2.2504124773206664;-16.463738577917443
0.3855161509461365;0.22467832073546723;3.280096115572803
-10.990949569088324;-4.981055776363459
0.34926810387582674;1.779396251223828;1.1561902889284532
-2.911028194477711;-14.800488672671632
0.14809782828111556;0.7652072975775277;2.792672601756159
-5.327907893823731;-10.487035944991993
0.013576271109925375;0.6365506993750173;3.5922855115213874
-4.707176249590696;-11.41055597829753
0.6461680657756408;1.02825170229927;0.9223482251516885
-9.209704946659423;-6.3047762248872985
0.055460842715977496;0.2732717555660145;4.730053219947472
-6.820932159535207;-8.60678293100986
0.37328616881265075;0.8400349983908587;1.6909158015649022
-7.182190634746814;-8.210279903167942
0.528973168621495;1.2540096699666259;0.8906418222255024
-6.6475925004587015;-8.804289160418696
0.38107059273503546;0.012933406149139244;3.691197954992477
-12.369455082860124;-4.1281695103298786
0.004593341496458648;0.007232206686371317;5.883115030177227
-7.698253439663635;-7.676754200291631
0.12875683206054944;0.8525665319134392;2.477369706746148
-4.768797142610017;-11.314378688325759
0.37144308823184424;0.2699693525477565;3.067328287506303
-10.512192853880359;-5.310107790805106
0.6840359216627809;0.37749257282801796;2.273854038668359
-14.116933278875937;-3.220561303402955
0.37242908081514403;1.6847407050896346;0.07870935475613695
-3.4015252064732047;-13.740233184526017
0.2863493036401126;1.9527926434197405;0.25747529095912425
-2.0016423498205236;-17.182676747355192
0.7735970830828818;0.2660425579810228;1.8839373279365101
-16.375183288170426;-2.2825155981382736
0.5261317981979265;1.2434158015613523;1.0653674381083418
-6.672702037129386;-8.775376293949881
0.5495952371861282;1.27167174963252;0.5253001915609328
-6.768602776383956;-8.665896804246858
0.6630924658164966;0.4723756336978439;1.40755551407593
-13.112441455883834;-3.7205391785971917
0.5591797894885753;1.2177443789364533;1.0884995582582597
-7.150760938686784;-8.243993738239118
