200
2
2.0002033368644745;0.00022131324102486307;0.0002442230373072484
-45.69000240094549;-1.6879634355783206
0.00021523839809165407;4.000191269856848;0.0002381482123266822
-1.6869020398716221;-45.68427076353893
5.467068298071218e-5;5.467068298071218e-5;6.000054670682981
-7.687800691745277;-7.6871993142324895
1.0125708929907082;0.5285448991002575;0.0033209025061754125
-18.15858511966875;-1.6960193639760022
0.27083745649577123;2.0363395413497716;0.010358176574093584
-1.7008668952949828;-18.14217780723551
0.2999748408499195;1.9135688289514936;0.13106049643399928
-2.188189954142064;-16.638000573910265
0.28566875458557794;1.8880757547210045;0.5723365568338084
-2.179239256769526;-16.663359957817864
0.9512521143072467;0.5569180976214588;0.8603600374416758
-16.89882575638249;-2.097378315459114
0.9196378009715777;0.6227137676047588;0.30527177276231776
-15.858612785629985;-2.476432607907623
0.13247566051995613;1.6126900602703385;2.155380704687305
-2.091336643455074;-16.91646277498976
0.017651593929296716;0.5777659732063192;4.4187934985261315
-4.99822055407472;-10.965311192899707
0.02044028416519692;0.46729762326540564;4.590657885062911
-5.524037702596884;-10.214625306882015
0.7155802404206661;0.010570659627176746;4.270752096083477
-17.518819456815123;-1.892331423459411
0.12593217587472838;1.6593531876417609;2.1876575625477024
-1.9273362257538007;-17.409713420569144
0.3325937309923115;1.8408049900717807;0.04282092199205719
-2.6036801678663917;-15.535472976825128
0.6220275558396055;0.041035854886542975;3.0979160704370745
-15.751361244573657;-2.5181494198543097
0.9831551462476271;0.514541867940617;0.7664048359065071
-17.779857893584357;-1.8104052234833488
0.7835242306371191;0.8352167735848881;0.16677036346872695
-12.248151901397668;-4.198003336814817
0.042499644987714164;0.05479974498893013;5.218238063564371
-7.8545095099431315;-7.522314515091651
0.5917258691550407;1.1184680400629572;0.6304233159469891
-8.049133221397055;-7.334312540678692
0.18095975866069308;0.13573783292861016;3.733707449990924
-8.982657418515023;-6.494658890194485
0.2741296061491354;1.9485040145934762;0.3584780458900165
-1.946839093731109;-17.349531918978368
0.6689168785132255;0.012049798327240244;5.303980563619954
-16.737014877989804;-2.153391332298492
0.6944366700198495;0.3524191955397926;1.534117777213795
-14.462234988400517;-3.0612393989015474
0.22400128585161408;0.4912430996535014;3.5046291423437705
-7.4515468395309155;-7.927192646983921
0.025542839282582913;0.4756476410366341;4.34193134167163
-5.532662066384548;-10.202843653570701
0.6529363106627383;0.37610502563085446;1.9885721596667414
-13.66568955832418;-3.438246005683337
0.7295193983252145;0.9316363839501441;0.843447887414554
-10.866366574773648;-5.0649400350705145
0.5874391212572809;0.4936365522864648;2.0655303132759713
-11.898419536759366;-4.4047609442503015
0.6439823711980067;1.0118756934375848;1.165275595528358
-9.282214932226127;-6.245235393683412
1.001251111227205;0.537729644073616;0.0950278820759888
-17.889307887470686;-1.7768095252819527
0.11321429195953796;1.7237146024984562;1.6877913038132188
-1.6942923192467005;-18.164438523619886
0.0442971850505173;0.4394022667132256;3.7972564438611975
-5.88112274895842;-9.74000961169252
0.4454371477594717;0.6588246956944103;2.3795073658383794
-9.017619815813658;-6.465074217743794
0.24289164760560844;0.033075851601415525;4.493724488214074
-10.38233496935363;-5.402553089645814
0.8942390859620167;0.6385415331644527;1.2034736497313323
-15.334505786339376;-2.685202759983989
0.2668547410988712;1.9806667219411378;0.37368760873181295
-1.822920435057151;-17.739450072234497
0.5404117103406412;0.08783443513898706;3.0059862107218853
-14.134966545890942;-3.2120877049256924
0.7361180626004481;0.315226218462042;2.0959815428034765
-15.38972641135555;-2.662617437228154
0.14641777118111984;1.7521605009330932;1.2777431230026106
-1.7908420625681292;-17.843416606847516
0.07079650231100595;0.33684145837187357;4.057702149093008
-6.651755463067473;-8.79948845431595
0.7194852052965405;0.00871272741538175;4.136350769984405
-17.599554297766186;-1.8667197828114943
0.44124096547230834;0.7213632724368861;1.3872668047751546
-8.59961184391185;-6.827306600326812
0.701585869324867;0.031007892773197335;2.896981850797531
-17.11723477225164;-2.0234324676097364
0.5763572334452364;1.2038678876459223;0.287689109605759
-7.408772858300012;-7.971460486609955
0.06832447346323817;0.34229890998751555;4.112527597953699
-6.598717110471291;-8.860866704142722
0.3217963373442127;0.012482351610073428;4.642541525376655
-11.556907016827;-4.614693462965126
0.3420177829348791;0.28692260089306837;3.0489640480584126
-10.029320014324373;-5.661077399580782
0.4011651021764947;0.20102182400934496;3.234547691717284
-11.356267860161543;-4.7418756763814525
0.7623506426756359;0.3311663881049702;1.2850698303092047
-15.6764674857994;-2.547583616090081
0.48918729500965713;1.3510980609294918;0.4186800785492534
-5.776443695761353;-9.876401875773308
0.8305612783126823;0.7666723778421303;0.9122277639190196
-13.40701710563315;-3.5680651390175706
0.16902674470186246;0.1431325958748396;3.8833452851295194
-8.797559069142968;-6.65342924032523
0.5911558509474019;0.49505835377335594;1.4161207204838402
-11.939710579172102;-4.379923749836177
0.7754238744178491;0.2782420582669438;1.9429582393415594
-16.306356541796127;-2.3076939455398273
0.7404664891002783;0.9210165720631768;0.7858433404129082
-11.08054661561739;-4.92146614810621
0.6287415405842908;1.0674689136361268;0.44155507378049386
-8.768683305291553;-6.678527462434551
0.30484907638422115;1.0217036630246765;2.2049376520399253
-5.591218234072211;-10.12327884689079
0.0007768272538195792;0.02604843367670994;5.921997299126562
-7.553378708776652;-7.822821279636431
0.3797357325878831;1.6369971123588654;0.10749167311212725
-3.6311602019570723;-13.28394232097116
0.15671475446503827;1.429356687178469;1.7462486655677318
-2.7951939867872606;-15.07039294751958
0.0534734791196443;0.026709459049898417;5.410507394688657
-8.135244301817814;-7.252631810734521
0.10366505352669118;0.8602977777910744;2.6530115914408943
-4.522544589971301;-11.705188968085912
0.24835406676662483;1.1528116848649528;1.9720655511612042
-4.509402337745707;-11.726541402394439
0.09503827910762042;0.8762716775692472;2.8805346804543714
-4.384290585378224;-11.932436898272293
0.8079904279118809;0.26350708379394555;1.8954448477517036
-16.955291050192546;-2.0780795578645694
0.12240868472908514;0.8060624232288959;2.7104405253549806
-4.915648214643114;-11.089343806121096
0.3471529265607169;1.7028550015567296;0.5555643253692626
-3.157651068415433;-14.251691701203688
0.6753891406163239;0.38661724059457503;1.3366970571856132
-13.919992235793691;-3.3142207887748913
0.19296751298967194;1.4478694636587348;1.3156143750432998
-2.9745653426927943;-14.655844157166094
0.30815110402279544;0.393461914264856;2.4629254450850544
-8.962779412326327;-6.511536180738242
0.26156423625192254;2.0128799180779273;0.344844205282867
-1.7132264189326156;-18.100492320247522
0.07727002727914352;0.2725714858134678;4.716463783974769
-7.052258546860653;-8.35060429066764
0.006320200387012672;0.1267956195822951;5.174568004823629
-7.072677710535679;-8.328385117426649
0.29183534783442;0.06256920126405943;3.6804376600927617
-10.825104986697188;-5.092988548244603
0.8529807610724687;0.25269363982093995;1.5734027523595386
-17.79246089057646;-1.8065141850124906
0.8327718637568081;0.28739679229100396;1.6229635594328284
-17.16659711878785;-2.0069808313391113
0.04508495709665729;0.015285961750560647;5.789429695142147
-8.104969344768595;-7.281245867898303
0.56667012900509;1.1635225299572425;0.6681852144812178
-7.522408473831042;-7.85441346524873
0.12380749562661672;0.78471351278281;3.3919333027445786
-5.021932953416587;-10.930016690241926
0.07970749583774746;0.9494120687850205;3.2018157863084995
-3.9666114577392033;-12.656579305943984
0.052767385776372536;0.3655600351539903;4.754785350614024
-6.324974187904047;-9.185252087517748
0.1432861177710695;1.4837016917605619;2.306855140303652
-2.536406925744491;-15.704830944147144
0.2556740770287353;0.44687418772152393;3.432681235112611
-8.046263707182796;-7.3370500774873815
0.7989900324458716;0.7403597141399917;1.0939199993562632
-13.13992459515819;-3.7061007368889243
0.4105169858449788;0.01931920555264871;3.9329214830774584
-12.739677779997798;-3.9208153524874008
0.2815224758136865;1.071575454982697;1.821318937142846
-5.149185504388537;-10.743021041297101
0.09100090882113467;0.8990069413640074;3.4551072165310135
-4.258068166973666;-12.145124527912785
0.7180313371043309;0.28544636523865585;2.451896085519491
-15.339807589802792;-2.6830281911327276
0.023497972910901128;0.49987112351344;4.208638487610846
-5.401782449265226;-10.38340940387324
0.7495839267711685;0.9089179955270578;0.06745167368967092
-11.282269113971093;-4.789520675803021
0.11422377229482343;0.8491162516546312;2.955263845298056
-4.659051755072305;-11.486407532787135
0.17302409077100986;0.7575222046982617;2.6201525159359935
-5.593703744373053;-10.119917999091713
0.3383748800905141;0.3055268576901533;2.8559820138635064
-9.86703240703356;-5.783580479633938
0.850955957532011;0.718963967765449;0.19217361687984888
-14.05990037724063;-3.2474729569563263
0.0017635794432129676;0.10352393772636596;5.652190464884774
-7.147517072158694;-8.247481639398034
0.0021690017497694235;0.08517759312487516;5.597069564333446
-7.249417296311443;-8.138652782190142
0.6380214057306852;1.0154840920442352;1.1130575783411967
-9.188463803058541;-6.322317889470053
0.38219864448133006;0.22048204976215574;3.2456377224655926
-10.974877603037317;-4.991809971831768
0.13941006524140903;1.5459553014505805;2.2637903283765857
-2.3238881011808075;-16.26237498182619
0.016742315035876254;0.5508967767828171;4.784630048091909
-5.109448522653296;-10.800982136475008
0.897584851742662;0.614450902328996;0.9892572703964498
-15.575550293763841;-2.587643481044232
0.22955820258877194;1.2277800712192024;1.4830429217856256
-4.05069366826348;-12.505993994721724
0.34834440552514945;1.8170759670537033;0.01830488713193281
-2.7806380213186723;-15.104896737356121
0.4205028434648661;1.5133138610320163;0.9488306036400175
-4.441803323402186;-11.837193238527307
0.3880744813291914;0.22607609583336385;3.151097604874896
-11.0154809263547;-4.964679391279491
0.605373650446477;0.466802615135256;1.8577171155326813
-12.332649467134457;-4.149257923799782
0.012355287553689174;0.11290854941662665;5.079110077526558
-7.210190023971388;-8.180367741373122
0.35992503879242144;1.7172309570312632;0.49075534902056006
-3.196673781730003;-14.167863455640626
0.3687432282527847;1.638619513515165;0.7291562495044619
-3.543308972882683;-13.455772599988236
0.02801671900465215;1.330601455011729;2.7933874968811163
-2.301899536452157;-16.322147723478828
0.19433597453319107;0.6994338573571626;2.822025008820444
-6.074882468045234;-9.49326345924382
0.18281293030999715;1.4669785713098744;1.350857685127364
-2.843037884549606;-14.957917702138287
0.25614814324179147;0.5809717126410717;2.5589790033263666
-7.314501470291725;-8.0699311580241
0.06001866907244961;0.02129439391620893;5.461785068262566
-8.240336362292748;-7.154163975777153
0.49967837658937864;1.3244039824602885;0.2597246446065939
-6.005395940215179;-9.580915462312023
0.8714439801573567;0.6892603065318226;0.4637069230035395
-14.592583328621936;-3.0026791370101398
0.4816017372209781;1.3653482188592034;0.8148301923041237
-5.637424301167553;-10.061016489757273
0.0013812002430846051;0.0017367061463264535;5.951354691677886
-7.6931423709180144;-7.681859733179744
0.6167303254583533;1.0439726709389658;0.7176090667316922
-8.765589584433616;-6.681221804678472
0.059718658973191785;0.3285866727647506;4.202495701992927
-6.580922001119919;-8.881564904121959
0.08277682619125948;0.9560687772884627;2.674139483866034
-3.964580975722369;-12.66024734968775
0.5223835732354859;1.2677863645590441;0.5269715563375766
-6.510631872152217;-8.963843271121013
0.9093280991613104;0.6019980094443309;1.1075534625542482
-15.859377187395193;-2.476137109734006
0.526669398536078;1.2486056117479711;0.6952347668444772
-6.651661648196657;-8.79959660963062
0.19856053351187614;0.5526152797322087;3.3447018416695538
-6.856460280289314;-8.566896620082332
0.8617813441520081;0.661483958510671;0.9850234870075146
-14.656944242142846;-2.9740782144160463
0.6576504554757568;0.9898172423558536;0.9367339072350964
-9.58359979579862;-6.0032794412463595
0.03063966308653176;0.04429260086458823;5.538377878514749
-7.78121553803332;-7.594361559640092
0.14563804827848317;1.534917785116538;1.5027370713342338
-2.394115362445658;-16.07417393660095
0.4618678792236176;1.4023275802540092;0.7461260442691688
-5.28429511196307;-10.548805151837584
0.7962069853436666;0.867032668237538;0.0445822310096833
-12.203275197417637;-4.224080870469886
0.011655353498519063;0.09307079215161587;5.4896149699122825
-7.308686001130597;-8.076046937830952
0.6860654822791394;0.35787928273988345;2.367023645108553
-14.294590724072618;-3.1378222240702693
0.9745952022437484;0.5741202867683156;0.3193519987604876
-17.14120347609974;-2.0154321811887463
0.4749239167102611;1.4151170533067146;0.6503126100243614
-5.344994737599447;-10.462956156347564
0.6568108947404783;1.0943019480844594;0.020454438586205645
-8.941860320510918;-6.529342065149451
0.41717980099284696;1.5623627192469427;0.2087554354290767
-4.213471393805227;-12.221505683678965
0.7526104384904234;0.8430087556426931;0.6099945991788275
-11.768191561007026;-4.483858226287331
0.015721541565003116;0.6302984154652891;4.689808548491576
-4.752423381222346;-11.339832036910456
0.13725966744369197;0.17558500997091098;4.026387938308644
-8.241426787687281;-7.153149213606076
0.04443842205005774;0.3675699046422927;4.3136425243336385
-6.2323579890123915;-9.29798165497634
0.454322826832662;0.6694940989100882;1.9270194975155526
-9.060027017295646;-6.429359914988048
0.6697099562630291;0.4082040902666877;1.603979389951991
-13.676349930052735;-3.432975885199658
0.517513030912731;1.2726031833586562;0.5064822574481921
-6.437268720243431;-9.050617057108566
0.21062795405150433;1.4036098134772375;1.2379099927814212
-3.249572715845741;-14.055465674962257
0.3165952011011078;1.7878060244260252;0.5550630524059399
-2.670251312852322;-15.371023157314227
0.27727947030084876;0.01985166281650467;4.973650020884747
-10.914301900735014;-5.0325218450978895
0.8994256574114161;0.6174165340861173;0.878193861680477
-15.58117943518634;-2.5853968470824777
0.8828798262322451;0.6875556395876732;0.3276715019150041
-14.780145964206167;-2.9199018225611777
0.16553592402694067;0.12755691946309744;3.980530346916072
-8.848250433408625;-6.60958621891
0.1412147850264603;0.7798637204455885;2.741453016782169
-5.199052906817203;-10.670828561136549
0.43475173881858126;1.5521741124008575;0.011936560028631365
-4.3988507043683445;-11.908227686768988
5.823957121759047e-5;0.2454282785019281;4.839503967813339
-6.398462982427781;-9.096892775382203
0.667221204319557;1.0558684034391588;0.15773740759871857
-9.297260504972897;-6.232946447773392
0.557590263652977;0.5940717834436882;1.4938218289668903
-10.825152414172171;-5.092956231687246
0.6683427912992371;0.012281664385766035;5.134824920338012
-16.725767288747065;-2.1573241884072782
0.5331988807087005;0.10568966422291069;2.93750341896866
-13.894354582584754;-3.326565513445362
0.10833762252113092;0.027574699548358086;5.027463692964387
-8.763312016522562;-6.683206016089622
0.15128305392829286;0.7016724709039145;2.7636841009732867
-5.651700892264557;-10.041870885785174
0.5966133833106875;1.183235539208411;0.46636455223008133
-7.742551575396519;-7.632648073853916
0.19029945304108814;0.6305656512723703;3.2877830692734284
-6.375166275154911;-9.124800472247047
0.32358417217812746;1.7698269486102076;0.7466398433243778
-2.7732400183086936;-15.122484665102172
0.005957780632001775;0.889465779181935;3.995756173667987
-3.631068186419186;-13.284120583516433
0.010797451850648294;0.19925278126128704;4.884685090953395
-6.741943994879174;-8.696180648039068
0.23950964313579093;1.1736389974158705;1.7353255907914904
-4.349588131816588;-11.990404954403763
0.2119996773786287;1.356930150285658;1.2232053957227196
-3.4267404938390507;-13.688979244651458
0.4198367061765919;0.7984469855793965;2.3465488205977323
-7.9159449655203655;-7.462454271008704
0.44780564258612937;0.16091099944838902;3.182758475872223
-12.268136081324018;-4.1864329383614525
0.961862521255728;0.5371590977669078;1.0453689327300002
-17.23617781522036;-1.9839524230303265
0.31450592272558564;0.32567434570558557;3.537183188260935
-9.447869887352624;-6.111157390151181
0.8786896968371171;0.6734832832402556;0.544150405097137
-14.82375938560079;-2.9009021708270253
0.19377979428735104;1.3860982029331677;1.7105801851846911
-3.192616985393364;-14.176541743336484
0.32682914553384806;0.012399442405177711;4.491016595413436
-11.62563657863183;-4.571789243344127
0.018899938687540467;1.5182377838392167;3.30075526189159
-1.7367879093431664;-18.021604880448663
0.14976344163562957;1.59285748960835;1.208913992941275
-2.2468857224342673;-16.473522392142268
0.5059066698259812;1.303838865647323;0.5007240150967618
-6.166638514858382;-9.378919300807352
0.2288799042514511;1.2285425493765234;1.5972623613670396
-4.042300958823735;-12.520911108433568
0.23391669330599257;0.07593977846769996;3.9123231764043314
-9.996495444897915;-5.685665755310778
0.004266424845524704;0.12842157329185008;5.013884971535647
-7.042485326242226;-8.361261285851032
0.024973264425415823;0.09350995559532695;4.954866243370506
-7.449798925055;-7.928996619244446
0.41842719906652326;0.7998556042557691;2.242336172579314
-7.892362277073398;-7.485375544423348
0.9558492841191591;0.5417982437491197;1.083009177209254
-17.098578683726203;-2.02967511434502
0.6047172843729852;1.2169857745653685;0.027749120669274308
-7.646025388702636;-7.729088652716017
0.6418533283359849;0.42071382421472614;1.8291685458021643
-13.178717207387418;-3.6857960503577365
0.662847678870074;0.008908259126834262;5.354088836247088
-16.663757305447692;-2.1790992207012434
0.0017344077097677948;0.008246403618294264;5.847362092834233
-7.6612460902558235;-7.713799560442171
0.9058100204301592;0.6194996408536017;0.6013912880636502
-15.665313248149117;-2.5519888480752324
0.327465699688437;1.8038746183581362;0.35048585090349227
-2.688382816046082;-15.326758224839969
0.46968281805968526;0.14893805264364415;3.1555247511455757
-12.659627473835773;-3.9649240556027814
0.5138811144366253;1.3407896249309164;0.16227102286980918
-6.063835472365481;-9.507136828999805
0.3617271307738927;0.24946439387376795;3.593120197222499
-10.519110666864728;-5.3052221224505365
0.6446112787312699;1.0160510450093605;1.060659086342457
-9.264565993708443;-6.259679356723472
0.5526145629944313;1.2481469694460396;0.38957590488309035
-6.921877370963978;-8.493973648992922
0.016458209784305223;1.4647186069758942;3.328978393851266
-1.862645473124222;-17.612469534604344
0.034398204039830196;1.1959671454665037;3.563221917041127
-2.758574815593562;-15.15745292684884
0.6170875165722597;0.4626139906562376;1.841035237201253
-12.526392175971152;-4.039220708600054
0.23766609331524197;1.2958104451816965;1.2294379371436828
-3.8480541507235615;-12.873314994786899
0.39592579868013056;1.6103727512665398;0.23520473699420213
-3.855610532907533;-12.859343225876597
0.6408489530124508;0.4886943682719537;1.790676670571691
-12.677874068529903;-3.954835153247478
