200
2
0.0003363379788824771;4.000312369437639;0.00035924779311750525
-1.6865993635204726;-45.68263599179908
2.0002450454888185;0.00026302186536919845;0.00028593166165158374
-45.690565484576;-1.688067724341051
0.00016021131093885317;0.00016021131093885317;6.000160211310939
-7.688381187877827;-7.686618863457501
0.2699664967440242;2.0393489523802524;0.010344110672952952
-1.6889604438735055;-18.182535991687747
1.0144609087283496;0.5295102272687199;0.004778851713199021
-18.182498862823927;-1.6889713707561589
0.0003363379788824771;4.000312369437639;0.00035924779311750525
-1.6865993635204726;-45.68263599179908
0.6891940571357529;0.3929533501433137;1.858194675512967
-14.078472877057441;-3.2386904716473297
0.14738748557847656;0.17496783277021005;4.517529504022831
-8.360793011535508;-7.0429144892813325
0.6716129019368939;0.35867115790158777;2.270455296852327
-14.071898403752547;-3.241797298058344
0.04312478024831995;1.0930771836000006;2.727720781057554
-3.163649935575479;-14.238753789712447
0.02430135960766886;0.04496192017014142;5.303039494619122
-7.707537650166266;-7.667488860669109
0.40965466268666023;1.5526258778917192;1.1798949367739087
-4.192012127346276;-12.258494205048663
0.10039474717713781;0.23545827857289064;4.424477968177887
-7.498023611396815;-7.879380237801579
0.31934495079071334;0.33775356214124824;2.6449036103589254
-9.433212547316634;-6.122912813474674
0.33580172607370906;0.29193399435516454;3.158486293231561
-9.91983091503766;-5.7434668793228685
0.016043154962252757;0.6696989886278285;3.8958892125495614
-4.587180195174952;-11.6009196609115
0.05276277015439791;1.1190490048354031;2.4469034285528872
-3.1403507582496766;-14.289108868042359
0.871992354236029;0.6466034576153377;1.1172655011857202
-14.927342489443825;-2.856148730019898
0.05083407499333084;0.01902953050522864;5.216529765896551
-8.148841548577678;-7.2398167342819155
0.2854910721024376;1.9472436028355744;0.38133841310518063
-2.0121575800434544;-17.151033624981146
0.6064437958892969;1.1542862080027707;0.19076154775428464
-8.013241732947467;-7.368626511413415
0.8377442911143469;0.7257169809654551;0.5487170957335983
-13.813309901513948;-3.365822287618324
0.12567678407693153;0.19615657749619103;4.278504462806962
-7.994130156394859;-7.386963259160468
0.05207993059529793;0.03738308872320581;5.157835498155538
-8.059231385911808;-7.3246868887705165
0.043016375564168347;0.012234641200049716;5.524650860310673
-8.098835765634565;-7.287056556423409
0.05973436178550897;0.3416641755334348;3.82358467053568
-6.514795833079489;-8.958945804666076
0.5281974204405591;0.06873682895687985;3.5997061533147052
-14.09508741410145;-3.2308492829348285
0.0032278481762320933;0.1142455457114437;5.449612293157622
-7.106274480150444;-8.291962823099219
0.3400160279243171;1.7757298574142824;0.22553281425646593
-2.8617157637447304;-14.914391580966859
0.2230434773765112;0.4883994426013794;3.3879339983931236
-7.456571663461953;-7.922009029793882
0.17157833320834215;1.6159046607269105;1.5032937316089352
-2.3072734883144594;-16.307501425726947
0.7168659274589704;0.33356663113994284;1.8032640582776318
-14.948772250389482;-2.8469547888315034
0.2041943009030914;1.343058954858296;1.4347777924391885
-3.4204217270879393;-13.701795610661186
0.08437004372072741;0.9518893381916165;2.506619072070274
-3.9935018698246507;-12.60814362807643
0.39922220525490903;1.6523462152303232;0.05113097814623987
-3.7201883661421573;-13.113108218067712
0.10104593055979218;0.23819286478496252;4.364440797913238
-7.490247762306068;-7.8873588026252275
0.5532057739279331;1.1817530918970465;1.13956855100901
-7.2787978560320195;-8.107554840485
0.5815338251110342;0.4551760801478487;2.228825985044235
-12.082014110390354;-4.295206839573935
0.1995139714889917;1.3158325856867974;1.929443947697084
-3.4856052179939585;-13.570456287790915
0.16658230784744554;1.4045138412600193;2.386382863622461
-2.9428684225107946;-14.727709903727204
0.36759110393371336;1.7067666122741139;0.14672189105680053
-3.2877620306495174;-13.975190479123077
0.29210185708397146;1.9075988847057328;0.6204390320848627
-2.160201339444902;-16.71754821536059
0.522494755880904;1.2896754092733593;0.40966268927906674
-6.401598752127501;-9.093143624754566
0.06584332028342835;0.020325054604862523;5.008981114338533
-8.312390125618938;-7.087412680037003
0.4535108987956491;0.6904670304789419;1.6986733843461366
-8.925447186277045;-6.543344748041128
0.2785192453158563;0.03982909727730108;4.686119932240411
-10.799657220023303;-5.110353893124775
0.028352144103966147;0.030967682343949962;5.871403692442624
-7.829713705133301;-7.546611040629496
0.7368756776962644;0.34352693744254387;1.4911105481130824
-15.1811415336553;-2.748672936205465
0.21263094293759355;1.2437986875466553;2.1513131738970843
-3.855550086497481;-12.859454904883632
0.6972923482001935;0.3978192270595448;1.7713942344091527
-14.1632514822449;-3.1988313194956377
0.13982290267352673;1.595535859219848;1.9439076023625146
-2.1816713375809758;-16.656461930181717
0.04988423434243609;0.0033966641858724565;5.651502018020064
-8.226832449446892;-7.166742599957894
0.2915078206279194;0.37914391797756797;3.065750174117942
-8.850358157582942;-6.607769201521962
0.007686036736445188;0.1433001700957124;4.933023074784653
-7.000261066480017;-8.40747012933106
0.1521932635938699;0.17014746806315012;4.135725220829112
-8.443834950179898;-6.967205299809412
0.04254608777145395;0.08970468035014248;5.076461215928745
-7.662152498760807;-7.712890051640387
0.32492970474558613;1.8079390226877805;0.8567442319423656
-2.6592105179202603;-15.398086263082948
0.4766490079563539;1.4434277340764663;0.3263879174505372
-5.232013690726615;-10.623440590527956
0.9857388454919993;0.5393040785100085;1.0809965880857835
-17.615576124873748;-1.8616663876598532
0.11626300578938326;0.015900770302593573;4.802618858639856
-8.92586532217691;-6.542987668139009
0.30212089274396464;1.8443337489294351;0.9292016667746987
-2.4048222788639273;-16.04583387672049
0.27889427977399217;0.4040122683314326;2.983677834359958
-8.556916749431354;-6.865377546049283
0.6436064552720884;1.1069763969458617;0.0162494098131881
-8.711286025624807;-6.728684376043344
0.5230146753545504;1.2720966726989338;1.03518746580552
-6.495236163127573;-8.981976705015736
0.3522719062606965;1.6923834824041577;1.1630822636002687
-3.2302090290388836;-14.096445397749294
0.36539693195458667;1.6711032206331604;0.775446458344446
-3.3999802243607493;-13.74338314832461
0.671142499335297;0.3522099741044718;2.3396842223308356
-14.113161189383282;-3.222335919155935
0.36998162214440755;0.3743560522601623;2.5970714075961365
-9.832008175020666;-5.8103290627054855
0.3448675168373689;1.0313863225104027;1.2886074439613013
-5.925143514566914;-9.683307691759227
0.3626595054274689;1.742891734180451;0.11080820794122387
-3.1263042689657787;-14.319604225546424
0.17833257558501733;0.06510283652966246;4.75913594955195
-9.376101313840499;-6.168915852796403
0.14844976377623817;0.18601255339914793;4.095081642948241
-8.309674278880188;-7.089917563193574
0.6625663839321858;1.0177266070980726;0.31414407663217137
-9.472732431891721;-6.09126466346243
0.6980297598927196;0.3866709955594837;1.6019212618119472
-14.258002076081807;-3.154728309596297
0.5920804881092416;1.200184543190329;0.013734795020002244
-7.599627136353348;-7.7758863730436545
0.30628149867317694;1.8172275000960685;0.9782715227972408
-2.5130617990617874;-15.764371329308647
0.7608590134715741;0.8237156779763244;0.6798873428897768
-12.013720198480737;-4.335694359845672
0.1312086134217196;0.19587379085371912;4.014221792657682
-8.057916926816779;-7.325939130929857
0.3870341051480291;1.5810753929617876;1.1375215239422016
-3.9002210882125667;-12.777300097535589
0.15574082252617982;0.16402290680185108;4.1934825904708815
-8.52026713986423;-6.898221019108635
0.03825806107103062;1.1561166173224413;2.488340742356462
-2.915234505701631;-14.790839952685815
0.5547233188655545;0.5536552298296226;1.5674751449656248
-11.053256832555292;-4.93955134563894
0.47229745040679316;1.4669691658022135;0.4904471716257252
-5.087316415284959;-10.833433330159858
0.2727297259125922;1.993947394638869;0.323886752378559
-1.818933635001355;-17.75230100595189
0.3524012359231486;0.9983380584585976;1.2133548956138578
-6.159217414240175;-9.388108866975479
0.4935600553061264;1.4225049820931135;0.13744802650300159
-5.482443193169671;-10.27167677945914
0.003339261906342151;0.08468558505011317;5.785850007961637
-7.264546264797041;-8.122623938408758
0.1304817031635149;0.19068396123868395;4.3040105379846345
-8.078976148387827;-7.305902252416023
0.49825760927984314;0.6218496615938465;1.7220613025691522
-9.888534842888642;-5.767213716264403
0.62824700204433;0.07421840363964755;2.519264538664854
-15.587791397886642;-2.5827597929475044
0.8000178659038303;0.7689159076649972;0.7009246023239343
-12.949419194867582;-3.807101129298283
0.0002297962416224332;0.0007521342553191567;5.921152401154773
-7.68589110583428;-7.689109065327097
0.569582220368596;1.2205626694376157;0.5832470363585293
-7.246435413783234;-8.1418159294879
0.9101736547895621;0.6621676928512273;0.03886609615723868
-15.39886791660741;-2.6588921326005455
0.8842794723076838;0.6585822261233556;0.7470550685155308
-15.024420267300362;-2.8146763638882293
0.44719371463369345;1.508237901376943;0.12756778197053367
-4.688134805506566;-11.440489998711683
0.7910919993048908;0.3284641574203811;1.2660220436887955
-16.154772566733683;-2.3638543136502723
0.24722242386389393;1.2479804821688898;2.043108336037389
-4.110869962946493;-12.399761941798614
0.9517582313954533;0.597639515949755;0.5176089146461218
-16.575137807917503;-2.2104913926648337
0.19526250308371643;1.3657372241674703;2.1670552247059556
-3.274871671136346;-14.00220606913676
0.3776428583666819;1.7514607310698942;0.023665732168842976
-3.2009020803374693;-14.158827238039303
0.9587784099788463;0.5765705138054564;0.28367165050658255
-16.861168957125116;-2.11031958945052
0.42489164285809583;1.6070354684458725;0.29915497185082424
-4.096043863235621;-12.425817873262112
0.9389381147239779;0.5893931926207239;0.8414954886873386
-16.434345238741304;-2.2610318336417503
0.2561014047441437;0.4361245811529357;3.2695900308060364
-8.11171815267108;-7.274857640982211
0.10275623563209424;0.23387640645326535;4.654899426709573
-7.532302869279487;-7.844306156359334
0.6641531003773737;0.37874033140551505;2.0941742091312476
-13.81178762165374;-3.3665630588121855
0.20110428736452943;0.5664219569506841;3.312642025003888
-6.811292432681727;-8.617639637119604
0.08267674008833778;0.017429599276552063;4.966367454910748
-8.522962819491234;-6.895800129589874
0.021372230696613446;1.23657234185678;2.940187017949526
-2.5466716656225574;-15.678778350721643
0.032225509462341706;1.1747825349884415;2.7950240691590285
-2.813512737213774;-15.027159413915115
0.852586889673007;0.7092140814546263;0.6549006408646297
-14.157214058226538;-3.2016573814212714
0.2996854723276071;1.0484918919146962;1.5392661874723073
-5.419044415340102;-10.359374835194407
0.04196717064286727;0.0966369610883645;4.8727706827373565
-7.617796947635385;-7.757525765464316
0.010874391827523214;0.6864050765917424;3.7252230294926667
-4.4736583765885225;-11.78487759889218
0.8246597156362387;0.262520197502268;1.4971924820557165
-17.23810790052179;-1.983316329049488
0.013538941404367639;0.06743030573475986;5.360470959540101
-7.467189991942867;-7.911066644129135
0.07857965682426842;0.4405248763824868;3.688572828552988
-6.2092854471068035;-9.326306637180252
0.27487217906248984;0.41077632486922344;3.0167418930939514
-8.471136297173631;-6.942487931360314
0.35946068116886787;0.3049863466509249;2.6121144183215765
-10.135484783489101;-5.582199610934181
0.045531567182249016;0.026557296895646787;5.4073877640933965
-8.046443109146239;-7.3368788969888765
0.3297370832415011;1.8821741506712073;0.07269440919434186
-2.457645338298709;-15.907345164368966
1.0008685739071757;0.5253049763540579;0.43506603119522236
-17.987728899954575;-1.7469750138913434
0.17752447059537496;1.4331746827481109;1.6356850161714724
-2.9201635360431246;-14.779546693174094
0.46694739732748136;0.21332726539643315;2.4135081825254914
-12.169838975143653;-4.24359615329983
0.0005348431380505905;0.0005352888447636878;5.998108749766544
-7.690439471452971;-7.684561099708257
0.14980836547305443;0.7410491346874093;3.559377575642143
-5.454484346495669;-10.310240787649976
0.04812170491980386;1.0723109153928398;2.7902200500583545
-3.271836494854132;-14.008579055939686
0.2259026020988449;0.4698958036129034;3.254024064757956
-7.588328973003528;-7.787325566570876
0.010558737531573246;1.4724287171216737;2.8279971319552617
-1.8115924900035651;-17.776016152647365
0.23699353729947611;0.4671306505021113;2.9028039807522754
-7.725257343084023;-7.64983667801877
0.5110141223727732;1.3311651189474305;0.3019070461984308
-6.08281279888095;-9.483318415101673
0.7786720453290414;0.3355371446273214;1.3280801294826607
-15.900250416538203;-2.460374010199828
0.16123742840900526;0.6087788114675377;3.530571677836731
-6.194798203875559;-9.344141705020357
0.0038077072099131828;0.2653359463382317;5.056441717173206
-6.336456947021077;-9.171382798123535
0.004432739331220738;0.8822392515529228;3.9528299637979076
-3.6467259962753067;-13.2538374980706
0.10811266116803164;0.8506098766049455;3.5755851702807337
-4.600828714216076;-11.57905881117378
0.19224312827870715;0.5098580336715774;3.5023372619610504
-7.013673308368866;-8.39276285662466
0.1808072709744094;1.358670142513718;2.3508640596780244
-3.1978140675108864;-14.165425673724776
0.2382993265988594;0.07184727483762027;3.658026038511823
-10.077456259264942;-5.625191097303858
0.7088722713808443;0.9156774272719841;0.9176380511558666
-10.700940523649525;-5.1782022532627785
0.7262269317343024;0.8897343748207739;0.826843061200317
-11.099110410467148;-4.909196035341005
0.21169128843016247;1.3210183567364588;1.6545336593617155
-3.556253203995099;-13.430246782632569
0.10762739075407057;0.18739172953076516;4.628201261292144
-7.841523135541062;-7.535029563789925
0.6263374579491771;1.0719611165011127;0.8037498726942045
-8.714083373977415;-6.726231580607758
0.46899392179229105;0.1506173112586503;3.203867252353562
-12.637990282967847;-3.976914427382596
0.20831308168138943;1.3785609407938844;1.369530608951244
-3.32217724016035;-13.903459791902511
0.434010622873565;0.7466932663504466;1.535659667429354
-8.36952436526624;-7.034916591902724
0.009663435553179377;0.051323507777223144;5.752774991109071
-7.512542283068493;-7.864505286448002
0.7706035628128179;0.8283628387095763;0.5825972045074332
-12.116290555427192;-4.275003399350538
0.7949867750444588;0.7905558630684865;0.9600365701034316
-12.723365916933469;-3.9297713597087243
0.13073183219487863;0.1672401601823137;4.573480688872703
-8.21460734188607;-7.17814879560419
0.4292518631917337;0.1603243005280201;3.185557278463026
-12.014941352892803;-4.334967668482881
0.8178988362874086;0.7566631461467023;0.5947950627150543
-13.295617410912618;-3.6251376202033536
0.7523254634002724;0.859716705202061;0.5042331623215629
-11.650578368980502;-4.556301931397182
0.29210427326519556;1.9774872061655469;0.18161349408828992
-1.9656927954013792;-17.291758051388094
0.77128069666273;0.9125660706237235;0.09795436022870845
-11.549368381485616;-4.619419831766514
0.3085073760139525;1.8109718837810307;1.0039744763834484
-2.5462694078219594;-15.679797857106344
0.4594571096051095;0.6866959445739228;2.0803443217938518
-9.018625837574689;-6.464224816575428
0.4405844847142071;1.4853036502653005;1.1880775596743895
-4.729737967987011;-11.375219457192763
0.6230524554257834;1.0805759553042906;0.8144625579060099
-8.625309090634591;-6.804490579614553
0.7298168876992804;0.9286900678126007;0.2503879950948642
-10.889591612347907;-5.0492108289023445
0.8387381269809334;0.24605845545059202;1.9902653534261117
-17.609254805706875;-1.863659022082853
0.8954408724920758;0.6287921609104731;0.7493423525162733
-15.429444913817768;-2.6464594890073028
0.009156388374851172;0.06970773631260133;5.583850077442235
-7.407469164272527;-7.972813719464417
0.158709843111659;0.1485646110469578;4.186463450322732
-8.644714949882793;-6.787309122942834
0.5094517441199641;1.388828458404516;0.017137602163409822
-5.789757147646037;-9.858931819456505
0.23047262067796467;1.2263713862507941;2.0472595400882385
-4.063533386366858;-12.48322098021037
0.28956267763717475;1.969683279193659;0.29055453636082307
-1.9730827582185784;-17.269219921330983
0.11814572818332067;0.3094987087203513;3.7541852283341877
-7.290219413851775;-8.095499189742585
0.0774683218885068;1.1108337532097212;2.5552636840083567
-3.343805181941914;-13.858673385701698
0.2741558720542156;1.2991917046371901;1.371164722456966
-4.121480932215496;-12.381160498031846
0.7489996302376923;0.9359335485853836;0.02166534596342131
-11.09477927987742;-4.912056449087407
0.7838744887441657;0.9020027665365565;0.030293818290536678
-11.792322177631405;-4.469113857161884
0.27243935361175275;0.41563806627165995;3.342373992455759
-8.415026668508794;-6.993379618038493
0.005301937708316944;0.10731194260698373;5.580777727751257
-7.164958080712769;-8.228746819806616
0.5890853453724304;0.05759899976554644;2.9232428920861544
-15.106325215010472;-2.7800366142380106
0.8918277548494166;0.6248198680271021;1.0920962923939883
-15.403996073603254;-2.6568040152142114
0.0032549483944605837;0.10090458249484222;5.698903447612623
-7.177239585306952;-8.215581128072087
0.9716526975358695;0.5852226852704863;0.007269839213907943
-17.001343550568006;-2.062433742754224
0.61638837856188;1.098241270279577;1.0478250242738885
-8.44554497486341;-6.965654619577394
0.47744474706677564;1.4354837834463554;0.46015584600881554
-5.275202279699657;-10.561739462140501
0.1567745219075081;0.166212513083208;3.9641996897323333
-8.519558972313028;-6.8988571342631415
0.09109311347030398;0.30605574054744317;3.79758898814658
-7.0215613315636;-8.384125981238789
0.017718410554133635;0.03231206497685094;5.712196112170119
-7.70469592282367;-7.670323605378091
0.12119534484891178;0.19484751388317958;4.592404214968667
-7.951247820547083;-7.428272886586001
0.8426264164586652;0.2513080632749079;1.9838769932753595
-17.63039383541819;-1.8570013693515361
0.5730376758810211;0.08210208927543422;3.0565463254736907
-14.671392046962739;-2.9676861596100528
0.19036627827960032;0.11936503193422884;3.780269649915772
-9.19333436836593;-6.31829159749124
0.38699996594366726;0.8445925857010739;1.720812475531136
-7.304223726796899;-8.080742918748033
0.712299407369177;0.34996473380148047;1.4058577556666645
-14.752825853063845;-2.9318509627582343
0.23189955045078575;1.2526114123172327;1.5598929520931455
-3.971257149854781;-12.648192575427055
0.8997581584236122;0.7110212449522605;0.022009271293665575
-14.859044416961924;-2.885598626117322
0.3108165825247136;1.8680512561844838;0.2638256165053515
-2.3857585566659467;-16.09635755915157
0.7055507476456481;1.000259303523963;0.26694405711482533
-10.115923361256518;-5.596659251815853
0.926526016946271;0.611114489127528;0.9530335580505369
-16.060565361304526;-2.399252368889374
0.07843909701278592;0.8795582225853792;3.2359183249763346
-4.235026266600263;-12.184506580758145
0.34135338508981494;0.2725264796629311;3.4347627621178933
-10.111739468570207;-5.599756272886521
0.04965297067360498;0.09643845558731359;4.8943764008189214
-7.703279394154014;-7.671737050795152
0.4423303564268346;1.4788534137107647;0.6338141354229804
-4.772505111037824;-11.308624820465875
