200
2
5.687561267144878e-5;4.000032907071428;7.978542690647691e-5
-1.687297896150989;-45.68640861045792
5.687561267144878e-5;4.000032907071428;7.978542690647691e-5
-1.687297896150989;-45.68640861045792
2.000049554975673;6.753135222355428e-5;9.04411485059396e-5
-45.687926312085374;-1.6875789474950158
0.5124320383166491;1.3264217851644398;5.913489147100457e-5
-6.119869654653274;-9.437004448495832
9.567229555470312e-5;9.567229555470312e-5;6.000095672295554
-7.688026206778739;-7.686973811527637
1.010081229109683;0.5245290261948568;0.0001180356858997506
-18.150403239124213;-1.6984354868546114
0.27177983654908816;2.021829126575927;0.007874731717478847
-1.7422985829577793;-18.003262571213035
0.22228966293982172;0.5036381618965287;3.3228684793133816
-7.3661643480188;-8.015811544204539
0.07361048476555991;0.3026436797641237;4.496159161297207
-6.856831312574652;-8.566481125137692
0.6007306417315488;1.0792839962931802;1.1443525545058806
-8.374402368934746;-7.030452210065655
0.24937725478517708;0.03911105234070504;4.384348789930344
-10.426811122537094;-5.370733093010954
0.03824824028159995;0.021906557455502233;5.259448617403413
-7.990724636797243;-7.3902354826125665
0.035554115874644625;0.020594786103489762;5.642534272627621
-7.967875559242908;-7.412227657139114
0.03622638965012989;0.011336863364113065;5.752215519257857
-8.02737269282952;-7.355097617531908
0.008821138948485532;0.15502497329935333;5.152570624693544
-6.95076918028292;-8.461978829709127
0.9682783822290596;0.5518811093754252;0.673869096123535
-17.220542772733502;-1.9891105668238709
0.0755568343843131;0.9341612343364541;3.2594080986815457
-3.9939018793186483;-12.607425100564756
0.08635596390686187;0.9348988037737805;2.6955380093968766
-4.076401016105439;-12.460456651666062
0.19623757308755285;1.3530823898156734;1.7490848709371676
-3.3269264365116067;-13.893606116557851
0.047763968178975325;0.00889949621309409;5.483608381817244
-8.171460907438643;-7.218548065845219
0.06081496533197953;1.0483753021726399;2.7604794638858383
-3.449257440315019;-13.643456526910507
0.42110108414363195;1.5271495073206363;0.2350307233004242
-4.38944249256535;-11.923863221932445
0.6712172714230924;0.9643162206721144;0.8345288327518255
-9.91012423752112;-5.750822693606348
0.6815097990411647;0.049518806983872246;2.4063401332451737
-16.63703867925779;-2.188529977174759
0.47360278488876756;0.6230085424143834;1.8964565488306722
-9.575687363048438;-6.00952006205377
0.01300613884490306;0.12151868901971027;5.5863857839697895
-7.171336212290644;-8.22190673691959
0.011715188449148248;1.4293711536380558;2.933948276524937
-1.9314951956309214;-17.39684373976828
0.1548409996506342;1.5797522625919524;1.3088676790053766
-2.3151920255965055;-16.28596492179403
0.14373521921389582;1.4966014804766772;1.9851993973269626
-2.4992771455773535;-15.799718608115093
0.6406605682756674;0.3847819009076074;2.3157221861465116
-13.42224839708914;-3.560316805008138
0.8865635455632531;0.6452328594757301;0.5396239072108995
-15.163063671870365;-2.756227123711825
0.5903926069904168;0.4533871367246944;2.1885094443762876
-12.217297387704694;-4.215918537887163
0.7842152948561102;0.8316984094437057;0.3620353276571265
-12.28230129692003;-4.178247313966368
0.6923060666789264;0.36715241677279603;1.632403623953036
-14.318752716091156;-3.126695833655532
0.2571325680688494;2.0141592805666737;0.45639361885392127
-1.6877646501329648;-18.18660023885169
0.9007214220502147;0.6778868019014025;0.1586091760129329
-15.129436412056588;-2.770319947867294
0.0947303370429871;0.861346022251031;2.971798389107629
-4.443560506171067;-11.834299335986692
0.32224039103234897;1.8258037294379748;0.9076890178046172
-2.585747695437663;-15.58030011654371
0.0005210418746155174;9.294743675234192e-5;5.924395237163907
-7.692721150578372;-7.682280651141108
0.169071200620959;1.49251420044211;1.500925068026939
-2.671029355187633;-15.36911914638974
0.013795360666468259;0.10500469310325623;5.058401212997072
-7.2677160782884975;-8.119269767762013
0.041830903627430034;1.2227313766814547;2.4708413386697474
-2.7200968521474174;-15.24986211583996
0.2599522510317224;0.43014009078437;3.453972203507007
-8.189261911567192;-7.2018533874973665
0.010002594347733786;0.16994153992972685;5.023432265454902
-6.885330977633017;-8.53463084120987
0.5647772302869741;0.07197308615389346;3.4061070679371297
-14.622675922830513;-2.9892808042099106
0.05473610044857116;0.02354787995097763;4.866868415803805
-8.167466754133965;-7.222299223726154
0.3251361366717167;1.7893495643469284;0.4980140375854464
-2.7200719743606383;-15.249922175399083
0.9403677710491155;0.6039746162885661;0.42594220517840203
-16.339803553627508;-2.295433369721196
0.44963189748077254;0.2683957899392469;2.6367973190928127
-11.555268467383454;-4.615720412138175
0.5159308328993122;0.5919016165109083;1.6697460303241203
-10.30084511605169;-5.46128457388681
0.652384552603217;1.0854813429139416;0.31063063444375955
-8.941669815299958;-6.529504430082539
0.569555419791243;0.4865161849097947;2.2618487856177056
-11.702650384007171;-4.5241091826075674
0.31074182840943754;1.0037586889827865;2.023838060338638
-5.731121523314407;-9.936146877117432
0.15911401569058972;0.11828513914837652;4.540008182648439
-8.827163067434833;-6.627791252874003
0.9297612355829312;0.6148997381887837;0.33930209441188475
-16.082010778817263;-2.3911607160693995
0.5111470933085728;1.2673806734729567;0.9460342613322364
-6.399591708332362;-9.095543063746286
0.8428209530697678;0.6623746335552728;1.0935249853477922
-14.362545910355482;-3.1066059119285905
0.0706824937355745;0.011945705190883695;5.121093151133544
-8.416055403167398;-6.9924432980844795
0.7967621648064401;0.33497450334978013;1.2584571097450863
-16.19347170963393;-2.349423620739829
0.33408151227912536;1.7305808922829111;0.6357936861726078
-2.9729334531749814;-14.659529998146247
0.9532570916020443;0.5657677018905832;0.28358957838225796
-16.85920677437883;-2.1109954799302666
0.727589209057569;0.30037225450539945;2.3028714230840284
-15.372511175364604;-2.6696433756574804
0.35292713328421454;0.035624202145733;3.7972585679258093
-11.822973693580881;-4.450442984931223
0.7441490919344498;0.905489205595633;0.33743785283611716
-11.232615685658896;-4.821716924652962
0.6648108740744941;0.06524075130630876;2.421426373079472
-16.240254787811626;-2.3320638225421506
0.13752571247588144;0.1747933786397588;4.090352335187175
-8.248970930566323;-7.1461324211342765
0.9914546339761925;0.5600632904995522;0.15400064010777936
-17.53764355154429;-1.8863377995631267
0.0885622936286924;0.9089301569276851;2.807198133141553
-4.198108758613821;-12.247970024987124
0.5036544795348068;1.2806106915782547;0.9718576000677693
-6.259034308194698;-9.265353365789752
0.6996169681637228;0.9208918397863552;0.6280928182270564
-10.547192692299323;-5.28542963034733
0.2811866936780131;0.03837930937876244;4.013446227058407
-10.844037222630194;-5.080102364880291
0.7101540329711015;0.32011753958014344;2.009977105399299
-14.948967089288152;-2.8468712993054983
0.0851015843054097;0.9109341765120321;3.018692186474525
-4.162161882609676;-12.310202969523017
0.016370962930047535;0.66943659605893;3.695356643791029
-4.591059416966011;-11.594700789153196
0.3478687439730121;1.6854055225437332;1.0565779369223751
-3.2237686284170923;-14.110117008991892
0.05074653766940379;0.004514478869743264;5.453740752278361
-8.230287128752964;-7.1635225675932555
0.6297495968333097;1.0216026388841137;0.7646063545913384
-9.052525822081165;-6.435663719473606
0.28697630239316035;1.9795196215302984;0.4013258357331951
-1.9325000464666877;-17.393737230650448
0.5367453578306042;0.5407392419631425;1.8166113767434493
-10.901457238066824;-5.041191027388098
0.7609921046831205;0.8331403038568225;1.1218807413178409
-11.95064740645927;-4.3733644458556675
0.7631935821558581;0.8070049404229775;1.1997117173338652
-12.16161301543517;-4.248408552659045
0.41851072329800887;0.27655265490508724;2.6172815703260524
-11.084203620759611;-4.919046912159373
0.915641483754542;0.6348125165470533;0.261409958479005
-15.699629020316456;-2.538454059734116
0.8703137091084168;0.717162112071708;0.09216836384390481
-14.364040416680925;-3.105922049084545
0.3428231275313535;1.7515746050611012;0.4341303753527993
-2.961097322339131;-14.686309172321467
0.14010861123098556;0.14608028818143018;4.587834323974051
-8.443245855681155;-6.967739578595208
0.24821735716561408;0.03615386608424684;4.662368446457057
-10.430903124621357;-5.367813793904564
0.9569220827800777;0.5723358489459016;0.17664408782772179
-16.865440304923606;-2.108848822166813
0.044464755045941246;1.2067150600739294;3.056360741866515
-2.7891240108474094;-15.084765060649927
0.14936370493035891;0.6495366373375066;3.197694333369916
-5.8811163629605225;-9.7400178652052
0.13200185631054465;0.7565965418365543;3.176789622605198
-5.220887134709439;-10.639408256079554
0.10166555193829022;0.24893498306302556;4.3058749741114655
-7.438758378271403;-7.9404010493223005
0.49931645042540923;1.2855964177130101;0.7070345757762608
-6.191548717267863;-9.348147402751973
0.20869785966881585;0.11431609004903359;3.60814260675578
-9.446295222777003;-6.112419300602425
0.07815973111081197;0.9719867734370533;3.087489978037972
-3.866642950900547;-12.838983374270269
0.42571511634922027;0.7063287432005906;1.9456419774073517
-8.506612634492669;-6.910496250016321
0.5299401446761504;0.5620863242868263;1.7125065850126564
-10.673165639515716;-5.197432023795498
0.18071622818554225;0.22248751088467728;3.8546652005161426
-8.471002898051461;-6.94260849770098
0.4397485907767372;0.8503033993812338;1.2311285778972327
-7.848918078864843;-7.527786474970197
0.1915218318251283;1.4048947037203006;1.5828241633186977
-3.111498827706989;-14.351860268477473
0.013994218320051599;0.5950145772310985;4.1844643667850665
-4.890374870863046;-11.127662417363991
0.5460460521990029;1.2502240332819574;0.09118985931201257
-6.8427800980708255;-8.582231315794292
0.8188625531585111;0.8130486120292637;0.01656256605930736
-12.90331203881342;-3.8318706016480757
0.8082937180100033;0.2851181914398959;1.4535893303447136
-16.783391194453344;-2.137229504072122
0.5768631899463674;1.154283018566441;0.9935875143736514
-7.684438797141228;-7.690561822551998
0.34969107687805806;0.017259437559510347;3.9579880023344405
-11.904466339032766;-4.401116460870104
0.6157073430358446;1.0273957866651169;1.0089361515697668
-8.851227658051217;-6.607019764578921
0.17547205774228858;0.0942937955936277;4.249330833678042
-9.164946146100348;-6.341792627299905
0.02377803798996406;1.4075470055135446;2.589578368203157
-2.0571252159788194;-17.0170254408486
0.241793079152249;0.04081843914605636;4.333340257346893
-10.318765708500198;-5.44832079775734
0.054010839572744024;0.04624036040348755;4.799368661162841
-8.031114184426503;-7.351519678264497
0.45625239862258876;0.21150584630287966;2.7393562264738986
-12.03439375940484;-4.323405299039565
0.11554818928440397;0.7579660051584616;3.1467541196099007
-5.067308657179627;-10.862874549665815
0.12568719311121257;0.19923159128828194;3.992449701480055
-7.977004243201332;-7.4034334989257555
0.05710511718592094;1.0938140351907046;2.8386393760635182
-3.2593027020750167;-14.034944511082507
0.7328450219413573;0.3565065919325209;1.5512846002576532
-15.018296915806213;-2.817278944354083
0.8361030239314199;0.7278118231500681;0.6584678059598295
-13.773548687591083;-3.385212215750593
0.08579131502098897;0.0025027205882426694;4.952650885101818
-8.646027517776428;-6.786148513785339
0.5284211774907588;1.3123310857548907;0.05662788433803878
-6.347586472298637;-9.15796251080574
0.15169358361444538;0.13764740921079033;4.57788140809739
-8.626538336487451;-6.803400998288345
0.12801312201644924;0.2621195545827409;3.6378839519372823
-7.654023920409323;-7.7210503364575915
0.02794370365837379;0.03985121024016662;5.379675238780314
-7.775956243537874;-7.599558075695484
0.7802592182066641;0.800221422235941;0.7885141211272987
-12.44718512774268;-4.08391797179142
0.3275631742230533;1.816531427450297;0.10820428317136595
-2.648633823013682;-15.424089692059779
0.5540607107325436;1.2301538073148213;0.26186657540461455
-7.03121378102264;-8.373570025369718
0.6352513810541337;0.40163423449314456;2.1978735829826634
-13.22120942016325;-3.6636556163968956
0.1143060589614478;0.2679808689133193;3.736047545586664
-7.472521768107216;-7.905578029001877
0.4881898506663609;1.4546026165849948;0.021922635135552752
-5.285971122784882;-10.546423190559883
0.4456410860112275;0.6860303569445663;1.9420652734628718
-8.858513290521156;-6.600743324664379
0.1945896352869552;0.00014678318133138138;5.882545098920883
-9.97852495690604;-5.699167595587673
0.676457497124009;0.41446757066270296;1.4032030109323024
-13.72964439655315;-3.406722737114683
0.13920106166460663;0.16709250579408944;4.223877433197957
-8.312092727398996;-7.087686934512635
0.31406372961953544;1.8674806515025655;0.10532502442751734
-2.4070537777244945;-16.039938892622935
0.4904785543405904;1.3400329265022357;0.8121496604179514
-5.841518444928056;-9.791352440959663
0.21053735180416844;0.4948285083982747;3.553568728295458
-7.2872936973763345;-8.09858555006565
0.8560498377691204;0.7368247987318087;0.09467544748160968
-14.002672907765177;-3.2746492628944246
0.2691473935006201;0.4418926743720982;2.5707443584889167
-8.227004986779642;-7.166581747859081
0.11805727541066065;0.23257813249249892;3.769586412393255
-7.706962807063118;-7.668062205446074
0.003609040822758003;0.0003726595652226034;5.845711726774747
-7.725196681245072;-7.649897038361843
0.26045154809657844;0.5767230429748771;2.896326602319495
-7.383606159159253;-7.997625573758175
0.7658964202650508;0.3758872849196536;1.2740558093967234
-15.381098209348563;-2.6661370976336345
0.18798834804085626;0.0003486303456957092;5.808482808598774
-9.894550805316674;-5.762642082220489
0.7396386402306062;0.2894556112314244;2.087635333217388
-15.647194785332594;-2.5591564238049247
0.46095592421702647;1.3774733455823884;0.9144489110126047
-5.389448043368189;-10.400624511999876
0.39239599726583385;1.5552609718525872;1.0875570984839356
-4.043543069748886;-12.518701820279
0.5743133074781612;1.1502933618723843;1.2299616129316049
-7.678335670006943;-7.696669886083621
0.3667153692750907;1.711134529409173;0.03385372612071537
-3.266033852935589;-14.020775552384496
0.3786528203669104;1.7610952476294945;0.02688501765193242
-3.1742507369855657;-14.215936412837975
0.429555461673211;0.8827739516237634;1.4691446733162616
-7.557913283381877;-7.818206594432632
0.03099694415462203;0.03752476432987183;5.324549249431122
-7.822678919914866;-7.5535185561417695
0.18545741708941232;0.553405644241982;3.497859619506754
-6.717103440410141;-8.724502351104874
0.21743962805664252;0.4756230411711405;3.56002840308585
-7.465069238202635;-7.913250873839046
0.11105231820799844;0.23252576420664678;4.148502593123764
-7.630292397055854;-7.744924802753005
0.23748781673339905;0.05844438313273702;4.060962123682094
-10.151920159342191;-5.57007640566752
0.16313470804947933;0.6455984339679766;3.4079404236957487
-6.033161423373593;-9.54578061993279
0.4652571435982711;1.3805665251188108;0.7258620505192892
-5.414759708286364;-10.365334325431322
0.06862072685381919;0.3695505590677181;3.861925973564198
-6.463767440952762;-9.019167599913638
0.05206218147562367;0.01508865252442332;5.310689391006025
-8.18512376507874;-7.2057309503836775
0.32757802150175375;0.018372505526205205;4.125181354904394
-11.595302729727267;-4.590683817476945
0.6810456847621404;0.42216310136248975;1.3521876587726622
-13.740570624179474;-3.4013596743997727
1.0053880458111033;0.5212177243652826;0.3947137828932945
-18.098855149378196;-1.7137131095520308
0.2728253884578462;1.9086522980974214;0.8793628067994753
-2.0487647802441975;-17.04178151324322
0.8298307613652942;0.7293316185567029;0.8679963516673141
-13.66982820355656;-3.4361992576438207
0.7392018728946059;0.8762644399446862;0.5106224580001378
-11.36183792578782;-4.738305561498035
0.10859009655694132;0.24584746968839222;4.064069406860978
-7.530651791586397;-7.845991833906002
0.6981717239488116;0.3433493746889147;1.8464447941237625
-14.587763920860564;-3.0048291155647706
0.4658208334663792;0.6546719029941901;2.2262917784430676
-9.287545951798311;-6.240878548474061
0.37807781486360154;1.5990247600061418;1.0380339909923493
-3.762148154243012;-13.033708587311336
0.3996802454401289;1.5469805457716526;0.9275550264012203
-4.13452544457314;-12.358346048378484
0.828324788080493;0.7864991084783034;0.01151230394791609
-13.230489408663145;-3.658834264153637
0.264111423520893;0.5729774713712289;2.8636404333877445
-7.443352542586933;-7.935653410210806
0.0775356086930749;0.0103633541066257;4.903753130583057
-8.504333613732308;-6.912547117657542
0.5961077634931333;1.092598996212115;0.5966320919948549
-8.245314372461314;-7.149532533945642
0.38459038182772737;0.8049428193732535;1.777618274291165
-7.4920876181812694;-7.885470231077057
0.28810370198371105;1.9543239281660227;0.03398125408881575
-2.0070642711769286;-17.166346037361535
0.8046092927825156;0.7406428091178946;0.5834327722697832
-13.219090649889997;-3.6647571089714948
0.35935859910770107;0.8952329131425539;1.7919258147031731
-6.747821365516908;-8.68949422971558
0.06302119966438004;0.011756349245880253;5.39440976670148
-8.329134576699387;-7.071988025787707
0.9994902219149935;0.5169856525661786;0.48294426948371616
-18.034779913284005;-1.7328372093821125
0.3927098904902244;1.6183967137393298;0.4840417494807319
-3.799977440334548;-12.96272370068224
0.862679384573364;0.6864172168647499;0.2146499202202486
-14.481078086608967;-3.0527210115072063
0.17659315375227713;0.14174956976158298;3.9049364993882287
-8.895107551653732;-6.569303436481049
0.11559367722989211;0.19299873183149333;4.7332545192465965
-7.898995795353847;-7.478920946442646
0.1827902187709208;0.18964587533834548;3.669204188147174
-8.686093062296964;-6.7508128780585075
0.11505121618381278;1.6556148336771752;2.1544847760096983
-1.8792673990847952;-17.55990381348984
0.2355968413701586;1.2062552677991303;1.8649955655234771
-4.184976816005704;-12.270654251652646
9.567229555470312e-5;9.567229555470312e-5;6.000095672295554
-7.688026206778739;-7.686973811527637
0.0641164784282362;1.111482875898134;2.5193991356318
-3.2464058485662948;-14.062154958024573
0.7182476516157507;0.4057953925308103;1.256015175472632
-14.418691814772213;-3.0809927970646114
0.6181549471443825;1.1299053374109598;0.13670289069172317
-8.284046992552291;-7.113596866896434
0.3161042089701932;0.0103086545772773;4.716961684056128
-11.494708014168191;-4.653810617173991
0.6494307985278398;0.9902340311071606;0.5819479291747356
-9.480202587180163;-6.085299361746452
0.6195020118304981;0.14718538221806976;3.1061932927030202
-14.884570473738371;-2.874565417866182
0.3011959599888798;1.9251826660912148;0.008540433039622479
-2.161926254379388;-16.712624461627392
0.3873160363655608;1.5696163903682372;1.1210873477272112
-3.9470863182848146;-12.691913812293086
0.23021024730568293;0.693910238605466;3.125400106046779
-6.45782386858288;-9.026211052517981
0.011389939882380634;0.7867205589072724;3.5967712467193853
-4.06943162596491;-12.47277909653253
0.36331563586387805;1.6341769526106469;1.024146030271122
-3.5196379180332906;-13.502640407745089
0.21838655435767615;0.4826259307714682;3.5131844976844264
-7.437411959981872;-7.941793002599148
0.05899491956883329;0.34954903360828815;4.275120571387089
-6.467544090955464;-9.014695230132302
