200
2
2.0001200536009125;0.0001380299774630546;0.00016093977374543992
-45.688878052948645;-1.6877552034806649
0.0003937900196678824;4.000369821478424;0.0004166998339029105
-1.6864557781199363;-45.68186043394991
2.0001200536009125;0.0001380299774630546;0.00016093977374543992
-45.688878052948645;-1.6877552034806649
0.00015148952989009788;0.00015148952989009788;6.00015148952989
-7.688333215363474;-7.686666830534682
0.00015148952989009788;0.00015148952989009788;6.00015148952989
-7.688333215363474;-7.686666830534682
1.0105826498197439;0.5271583423718856;0.0016137299674616715
-18.136595053335814;-1.7025185233921867
0.26467343399101534;2.0270713495306816;0.003507693480842349
-1.693193974112595;-18.16816327114776
0.08884738462127952;0.2144920476176739;4.655822588476523
-7.4864690086326835;-7.891239070758948
0.10433862379970918;1.6621339806455162;2.2987643431568663
-1.8060244430834975;-17.794048506590574
0.5354334961466969;0.5661635558546934;2.1667838929380814
-10.718094459165886;-5.166356658340181
0.041247951921455105;0.04929707990285462;5.162164691606344
-7.87119569358131;-7.506008630240696
0.728619048753216;0.31291814184792455;1.7891034762611289
-15.290727917040078;-2.7032084047964973
0.13821125949298063;1.5259115725535202;2.0018063530773103
-2.37653310036358;-16.120912689606726
0.206651861198586;1.2913155997459667;1.9005176784413829
-3.6293395313471843;-13.287470182183924
0.025242884227723222;0.039041742794728454;5.560871386479777
-7.7505731068572725;-7.6246888245893745
0.5767528079205574;1.151805521200978;0.5529407402361236
-7.6968534108425395;-7.678152369801031
0.6135679090908415;0.42599679985729694;2.256163187908015
-12.735588327465884;-3.9230591258976375
0.010529782739778363;0.16754300497027066;5.049791899452874
-6.903298480846103;-8.514616315243956
0.14287543644352985;0.1868486539140358;4.048104565840226
-8.24124385326942;-7.153319444566156
0.34448000292026276;1.7185209852698142;0.793444913482545
-3.084910423502308;-14.410081197224486
0.3178480295053051;1.804965818047381;0.7150621412000763
-2.6237080946956683;-15.48567544410015
0.0994833080447023;0.18586521137220058;4.754638680449161
-7.759729372750186;-7.615613920860942
0.503538869272014;0.6091106133761782;1.9372666024142273
-10.034697021137537;-5.657058644291189
0.7800565049196;0.7984938139030965;0.5840604699474001
-12.456469377266925;-4.078658221969788
0.010890690393203459;0.11225831347067036;5.454919800690055
-7.198062945584504;-8.193309205111401
0.6260708740883406;1.0256455725481415;1.1326367691793833
-8.984529483531324;-6.493071551617386
0.11249823835158976;0.9279749311872605;2.868138957382101
-4.315297207806382;-12.048060207131272
0.6552050684591304;0.37141394235916986;2.3432654421847383
-13.733692923471455;-3.404734783321454
0.3556562276839375;1.7491945976027692;0.006720763898586818
-3.056347558878175;-14.473051123462012
0.051152131295072095;1.188668505851905;2.4043208330075663
-2.8926839310980137;-14.842690606977381
0.2157749297565386;0.5436680401424597;3.5823244351873136
-7.08342049296604;-8.316720479889245
0.3702138143269927;1.6551300580875736;0.796821890992705
-3.4933171725269725;-13.555043896296445
0.1532215332879334;0.13906668964570182;4.142417668318186
-8.636084924670175;-6.794944778438362
0.563892477137775;0.505388740132114;1.860602667315188
-11.49805622516898;-4.6516978695911835
0.8672607367072387;0.6837454175800979;0.7658732287381061
-14.570898626603944;-3.012362012425768
0.17334576527842485;1.5315418080749792;1.3149438787964811
-2.574693653785076;-15.6080467064845
0.06719683770734002;1.0846685807760428;2.735370462262897
-3.3640104162720523;-13.81703437524704
0.9664469785153107;0.5341481680515653;0.8235617576785763
-17.337091621571453;-1.9508879428018333
0.11413052101938062;0.773007504217319;3.529896390480339
-4.9881431660739874;-10.980354250038122
0.719532280755449;0.05252017953102752;3.3560631223196142
-17.23599942408923;-1.9840112223106536
0.6122765576128328;0.08390513618721634;3.3270371912726024
-15.26214169679597;-2.715013927373027
0.12498206083590888;0.8549920990227168;2.9246855218788683
-4.725904977947375;-11.381212728807265
0.257881583157105;1.267934492739224;1.5348896223032915
-4.116319408958389;-12.39020399963354
0.4004417153933792;0.20131864350934117;3.2814460335656164
-11.34458426416881;-4.7493716041172185
0.15964397522115137;0.12608195250180002;4.165286167815585
-8.787461546312949;-6.662195568967421
0.011354582069552449;0.06329279884732514;5.748423563284734
-7.46593704051092;-7.91235702230134
0.04549508275202065;0.45619815371978306;3.900984625179745
-5.812232939470008;-9.82952080984317
0.11144403787427962;0.8223425261706662;3.007812894421472
-4.749846160809282;-11.343845115452458
0.5590487899573545;1.2616264851331676;0.07948562260466288
-6.918691567931688;-8.49750952533473
0.09529103087582311;0.2633496497013895;3.9467089080429414
-7.2925733881324355;-8.093016855579613
0.5863466260580701;0.09370301928865181;2.685311467495276
-14.786166203088301;-2.9172736419859318
0.2820116030148632;1.0748688328478169;2.051863054633402
-5.13881230693967;-10.758114201938666
0.3277718946147059;1.0967393425775733;1.6663118854098522
-5.455577972879302;-10.308729059709078
0.0013767699857664024;0.001144213166413926;5.94423778347063
-7.696353887360918;-7.678651292504613
0.24613437419890777;0.03927259396638631;4.518343888802437
-10.384184365302524;-5.401226666556803
0.2522466185959391;1.303237594790729;1.3958854887025565
-3.932398582002321;-12.718586515589683
0.027160095330864976;1.2823078623950468;2.788048518142363
-2.4415215273957696;-15.949385916462253
0.6331087651913494;0.43783800377266163;1.6307276425511532
-12.929800036461875;-3.8176252437514653
0.8636255641570637;0.6602038280108716;1.194260135861098
-14.694850092752372;-2.95732978941656
0.23624544605827819;0.49035694006809627;2.697094632444361
-7.589555931935938;-7.786082459402875
0.6655694191681127;0.4131921520225996;1.5936005448067245
-13.57883289363911;-3.481419344189224
0.6878678893203614;0.9905630092257542;0.20490988631157991
-9.954308294081123;-5.7174078305164695
0.9804752263198293;0.5142246994911968;0.920947473520603
-17.737507047139523;-1.823523762506444
0.2922056518717546;0.4096472119299582;2.6476520770525207
-8.679244992761946;-6.756839982812884
0.3861089849171636;0.033548116709420275;3.976166144559234
-12.29581734410256;-4.170448959728583
0.19295721059600157;0.583651232194019;2.9646025342158415
-6.639047385914161;-8.814152306936332
0.0061468536285731335;1.0011297099492442;5.009315191488528
-3.226698625413548;-14.103894655026627
0.1558669981874633;0.11391520948158658;4.222861228976905
-8.814635600361322;-6.638628944534582
0.7551201799254839;0.8385810373184328;0.5596452144894607
-11.832752519473805;-4.4444999716159215
0.45544890261392307;0.7120924980845877;1.7519196157923362
-8.820452739436247;-6.633594360860403
0.33080850502769804;1.770440398199902;0.7472170725677914
-2.818460671301479;-15.015517940891044
0.13210055825730768;0.003724610859902792;4.899801679052954
-9.187968791099008;-6.322727228897171
0.788874598349059;0.7882950130455676;1.0016842481000547
-12.652735918175543;-3.968739897997487
0.2698192595976044;0.4130731127014507;3.475827662047637
-8.3996285378366;-7.007409066405261
0.8527070817978637;0.691134861923834;1.1024271942239576
-14.294798660995438;-3.1377263426046103
0.3894230661064571;1.6206496098862426;0.8784363766075217
-3.766213967819603;-13.026052222226218
0.006880058997777069;0.331107357301152;5.42724326981925
-6.042799454114096;-9.533619086475673
0.8086822575709426;0.23822542590121337;1.5533119768467707
-17.174789618295286;-2.0042596366478946
0.9464215413015866;0.6122214834106766;0.16497273240050733
-16.37091047587708;-2.2840728847596163
0.05424961301768341;0.023476274231464492;5.278960813395066
-8.162355137254911;-7.2271026674119865
0.12296551676036276;0.18144845763386322;4.47477061459896
-8.046312169970747;-7.337003835215263
0.8270786916446696;0.7316656277910948;0.6349334438207526
-13.612195694202576;-3.4647863837218886
0.5073586362280673;0.20027745537704755;3.4289683342525987
-12.830231209578796;-3.8713932217088374
0.16430660010017514;0.6556364059450004;3.2209792179114123
-5.995816545499931;-9.593071808691084
0.07145620841164527;0.9340277880940518;3.050011264241849
-3.9622289886716877;-12.664498072650062
0.3975995770577688;1.5862571289485412;0.29249562938632495
-3.9624538579653734;-12.664091581128412
0.31278899825617057;1.8191475479064814;0.8646346563286085
-2.547475741347438;-15.67674080668298
0.5992624941845263;0.5029533012910268;1.3755259688415216
-11.996964250793713;-4.345675692935429
0.8333105017797999;0.7345892256231537;0.4207228120807414
-13.682358013733827;-3.430008456432919
0.02893764939916498;0.47912621339253475;4.339012650998661
-5.548072302778327;-10.181832363314582
0.9360295566109178;0.5955723321895853;0.3139018680734683
-16.337595797827454;-2.2962412064726996
0.005677080227335024;0.3530489344381721;5.617940751920921
-5.924934061658375;-9.683576575476899
0.048890704628621176;0.014886357603873166;5.327722178118896
-8.150294373682145;-7.238448805495084
0.8914690069150101;0.6415807815969892;0.5270888090305649
-15.267661108852318;-2.7127315542889745
0.5120138077445933;1.384465311885492;0.017595262583175137
-5.8350080028037965;-9.799822663163154
0.8940649186714086;0.6380157088387114;0.9739876362579182
-15.335890215357342;-2.6846348018121766
1.0032777614725301;0.5517458145622951;0.009126850237153985
-17.80542468370995;-1.802517891499538
0.02268733074838182;0.06391577658309336;5.376924213413484
-7.585867639973831;-7.789819905923458
0.019780129404954716;0.1173252020404898;4.834519034804145
-7.265840198627463;-8.12125457416385
0.47897916455207107;0.7104609445437866;1.2865959364618704
-9.109990570446172;-6.38751934028226
0.04591026928320904;0.03992215833964084;4.949962063516986
-7.975634533117438;-7.404752350622888
0.49814624155235576;1.4228920685814868;0.019501992762505017
-5.523189486206694;-10.215784926451219
0.016596616617816334;0.09639169082438108;5.218095812618276
-7.34390252830348;-8.039085561779714
0.07787140848172204;0.24397415858627616;4.608242268200784
-7.210012390718988;-8.180557148570141
0.4123196428665394;1.551696416884462;0.3301212367766903
-4.217297850625472;-12.214926293290688
0.21994803583528066;0.0771023209121469;3.771539739258861
-9.814484934760639;-5.823753676418079
0.9569972631495818;0.5808880393987396;0.19550888613624987
-16.796758583368323;-2.1325872274636586
0.38338344271086866;0.9732353884618892;1.2303923781052535
-6.594552476026806;-8.865706009468477
0.42979130898753654;1.5515237181408414;0.1578350981635653
-4.360606435186887;-11.971958537010341
0.4448861145559538;1.4524329960177589;0.6105952585340007
-4.909452920632898;-11.098721356597263
0.2998927402170426;1.8829286439238782;0.4188372466967371
-2.2766689788167325;-16.39124377720446
0.304275799557047;1.795276601624616;1.1248488409803385
-2.568828717775727;-15.62280374539147
0.27401492803624755;1.931372914883911;0.5305222954220047
-1.9927511948989376;-17.209524841824514
0.5463504135080344;1.3768338516373768;0.05974248248275143
-6.205499940263257;-9.330963211097648
0.12921798799078113;0.15610547472106906;4.550864980529964
-8.260789288420938;-7.13515377455551
0.31549090209042724;1.8444387444231545;0.4710164949513397
-2.485964574489555;-15.833990917154853
0.76817850144599;0.35760126058438124;1.4591177018469668
-15.56012168271493;-2.593808517331345
0.07269857159302615;1.054519091265498;2.510743266868307
-3.513832002042815;-13.514173430916719
0.9168479144668124;0.6438947607863309;0.1317118432125968
-15.647032456574557;-2.5592207069543256
0.3398783814977655;0.026100699601029582;4.039043174203362
-11.709874597882154;-4.519657900542638
0.13437961531098014;0.1408368857430745;4.292568379130555
-8.407437023153184;-7.000291229485441
0.18631517969019518;0.6573317135464075;2.8127820301419457
-6.2026974131508705;-9.334412308977058
0.3741925487918272;1.0417107207992953;1.2426697909973532
-6.160248993548818;-9.386830848920871
0.15136739447995406;1.6041438115650355;1.2548688095425533
-2.2234158197898326;-16.538915068446233
0.46555966869856913;0.23042222756162492;2.5827760385941443
-12.032310543827165;-4.324642335636518
0.440299919632641;1.4760506679725667;0.36065255419387254
-4.767082131518126;-11.317041247298258
0.5205212472266934;1.3512226951485309;0.10631826591032184
-6.077720653079988;-9.489702860726572
0.2620219749595135;1.9831728528881054;1.0824665122228214
-1.791348189149815;-17.84176612180968
0.1780672582976447;0.10416569605838406;4.39692322227452
-9.136816799475739;-6.36515977356978
0.7366367620956198;0.8621294920205019;0.6538713651048127
-11.422289204996964;-4.699704851118851
0.8151421624201599;0.7497389568789554;0.5177138690099137
-13.305859668825716;-3.6198606212507105
0.40151394462997403;0.8604547493440601;1.4275911379878952
-7.374950113796505;-8.006645574721736
0.47339147092127887;0.24721289935450527;2.4516835019363166
-12.024533478031026;-4.329263010662446
0.09786973223522358;0.26796266160203164;3.8631496640306975
-7.295488605980193;-8.089943774427622
0.0014590354780165712;0.00016010421359030432;5.879610749512312
-7.702676423463989;-7.672338789297116
0.08053343067607487;0.2875195569099322;3.83070350131292
-7.008000458646025;-8.398980109781633
0.7417216594177486;0.8851126680304751;0.5970270213023501
-11.336318147120384;-4.7546809882651395
0.019805597985664055;0.0486616860484183;5.626519077460765
-7.637804215946639;-7.737359606794632
0.5248098663658272;0.5379861191136901;2.366359719067774
-10.76325382948258;-5.135284079684973
0.03822851176970146;1.2195052491637801;2.6926748387101793
-2.7072940051689622;-15.280824487037112
0.22549830554493805;0.13504129765374692;3.668735266447075
-9.525081983987233;-6.049573536189812
0.01781357773888715;0.0407682166286709;5.83026937374343
-7.659250594179827;-7.715802266839687
0.45974168560222783;1.4916047671123307;0.012576257215494002
-4.868155214162263;-11.161490569148889
0.4102558752634714;1.6266574575465222;0.014743667127312034
-3.903569512338411;-12.771172289553785
0.1652302482942249;0.6705796226015412;3.2053745346054616
-5.932525826807906;-9.673836212951914
0.6454566926456914;1.0518155246841006;0.39068829501705676
-9.059706020287033;-6.429629553606926
0.7029134669680044;0.3928263441453937;1.2574868408806787
-14.285173438764518;-3.142166951067751
0.2936575209356607;1.8393387206779594;1.154998019384115
-2.368933058855999;-16.141193525729015
0.009968410477809771;0.08377141091149572;5.807347328228974
-7.3404846101175165;-8.042665099632153
0.6751436375228189;0.06960452261202378;2.4175377593484106
-16.37140345076581;-2.2838931739960606
0.4599326456132202;0.7087802602657917;1.4796713570133686
-8.893024560579226;-6.571089220012089
0.18239190077935302;0.5964135301689103;3.104382808154839
-6.467188823819915;-9.015115838532159
0.6384558453019333;1.085652209216021;0.2525006941017064
-8.7760073368539;-6.672153041587596
0.5308733663479135;0.1664817215989745;2.4630899906371497
-13.412957001126937;-3.5650418790615586
0.29799491114222115;1.960192959686172;0.014205345852725685
-2.045432944387209;-17.051667455806236
0.03351149646363431;0.43013161064541433;4.55332437180532
-5.822250470811382;-9.816445265710982
0.4917425992358827;1.33433585637122;0.5391142015196736
-5.880917565701481;-9.74027480259548
0.46653115718979565;0.7065573923291539;1.6806153948347664
-8.984581550990479;-6.49302740843567
0.7059676100921407;0.8980076645260101;1.0515393502196102
-10.778223088585378;-5.125019976344394
0.8399964259601125;0.7746038323747714;0.013597602958725724
-13.486868884213473;-3.5275896692134827
0.18592295523136726;0.09968199753001847;3.755598082458994
-9.258474716632785;-6.2646716743729085
0.7229420521198039;0.9146321963704774;0.3594045255369062
-10.891614082894806;-5.047843096334375
0.2841741381416412;1.8959128203384525;0.5152253819088006
-2.1483226263289765;-16.751532610935843
0.6788106468094381;0.4716208866234852;1.582563483156879
-13.345498959670651;-3.5994944827213478
0.059444430619689174;0.5022426881482245;3.7030263842390165
-5.726014108607005;-9.94290620460431
0.7000356632678553;0.9542571040081169;0.38760391895773527
-10.338228544909647;-5.434272097106118
0.5100070577581861;0.592369437023419;2.08040680653507
-10.222425702754585;-5.518334239332098
0.4858354360832064;1.3734976485841455;0.3810284010848819
-5.638917487948738;-10.059012028543796
0.22793814323682737;0.6202110774864666;2.546888641064943
-6.810664572966759;-8.61834727410769
0.8564635708696362;0.6992949750252107;0.920447212877248
-14.28992708632478;-3.139973252470104
0.8985475413844364;0.6999560437631785;0.016608921708477723
-14.925478785441655;-2.8569493563790203
0.4890950951743838;1.3251563331761054;0.7358447088518755
-5.899571718718123;-9.716199289818837
0.31164027489035345;1.9232518154000147;0.016085125710275823
-2.2275833305296726;-16.527267252342053
0.007277932645768043;0.09425578829129774;5.682676609459436
-7.255502501227479;-8.132201654224858
0.04673045063356668;0.5646091274358588;3.7128717052637166
-5.318165407093947;-10.500795894949926
0.31431330005721025;0.3424339311037818;2.9606680094825606
-9.343465923353946;-6.19534656423692
0.800967904946909;0.7634761273158315;0.6527819580971159
-13.002042893487703;-3.7789863851298526
0.457023615039018;0.7267584220861626;1.7225993927986731
-8.752665541554322;-6.6924886536437125
0.18002536862529828;0.5545124343993304;3.440263207478887
-6.65577601733993;-8.794854685976002
0.3362873269854255;1.8604142587092878;0.02704925076115337
-2.5653451005237637;-15.631580752646567
0.7651109676992988;0.8240824666771354;0.4945331180694229
-12.069900027254269;-4.302365871318188
0.034393478091173074;0.43747391332629265;4.43299131846212
-5.795651808076356;-9.851208336659768
0.575420209257521;1.213826204128263;0.007056758974240469
-7.345045388316599;-8.03788903006203
0.6405190156702085;1.112914469884964;0.0162835662272742
-8.64044511992146;-6.791085943911472
0.009760557329085725;0.6215503615787585;4.454881390806658
-4.7387783560845405;-11.361100072210998
0.46281675260760974;0.037433689376042974;3.8154576924098875
-13.361497899972218;-3.5912999257412768
0.05112088234203163;0.0022066876391621474;5.695918643098911
-8.247699940386337;-7.147314092892422
0.23144725455258003;0.07888954668412339;3.639824699399264
-9.946987104479684;-5.72293251784828
0.29404458240879966;1.0724387659318424;2.1033549710168242
-5.258171729971189;-10.586017342227864
0.41187381279931246;0.8632137383505667;1.366155791499863
-7.471993953920068;-7.90612119419143
0.18796447124740828;1.4726826316514903;1.4665973566106059
-2.8582233643170687;-14.922513945040478
0.3045958353837922;1.8330111479812414;0.4727195033326141
-2.4542269881323953;-15.916241237482621
0.01722221323738514;0.07289895577278126;5.244416383232343
-7.477478839684471;-7.900478661962592
0.266837536832;0.012672181441941478;4.614745168528937
-10.824459920925072;-5.093428106482428
0.4309843450016951;1.570366619597416;0.014306559502191632
-4.29313901388596;-12.085516239420246
0.27256661679474165;1.9745060171200262;0.2770817034190717
-1.869056244879866;-17.592156863715836
0.9256279395827584;0.6150565735979524;0.10166526677491142
-16.01478490370733;-2.416592542464125
0.025179396615060717;0.11906148576381091;4.782054211172221
-7.314355251026086;-8.070084868896672
0.01002542673197364;0.2685298941239755;4.916071391003908
-6.382607110017172;-9.115876557277485
0.03169408837748342;0.44535259798596577;4.273080631147128
-5.732592502315838;-9.934201135856826
