200
2
2.0002320264921325;0.0002500028686830046;0.00027291266496538987
-45.6903897223778;-1.688035171106406
0.00015764686965983595;4.0001336783284165;0.0001805566838948641
-1.6870459944568996;-45.68504822493696
0.00015764686965983595;4.0001336783284165;0.0001805566838948641
-1.6870459944568996;-45.68504822493696
0.00017333345571983902;0.00017333345571983902;6.00017333345572
-7.688453364050945;-7.686546696038029
1.012159358433142;0.5278882516688365;0.0027948502560253526
-18.157171695757015;-1.696436578585087
0.2668222108896746;2.0337693788156024;0.0066622035491058305
-1.687187623023628;-18.188562150422413
2.0002320264921325;0.0002500028686830046;0.00027291266496538987
-45.6903897223778;-1.688035171106406
0.1598819900171893;0.14578103991849903;4.019611841523968
-8.674676234088702;-6.7608638928140286
0.030563563577950537;0.5075831641396223;4.22127583663562
-5.431314789548742;-10.342331196369678
0.7485854226744367;0.8646381264390598;0.80747704142389
-11.566527594495417;-4.608667686487466
0.3775661829600459;0.23878320804713027;3.2457233879040768
-10.794036821137407;-5.114196084534827
0.2743917914105445;0.37053541658970435;3.5231557564772085
-8.699637323037466;-6.738907494492236
0.5605186409346331;1.2042726177140013;0.6031133458793928
-7.236633773987141;-8.15222246827923
0.6242558844367079;1.0295731107900006;0.8695730428931436
-8.939596755462148;-6.531271516544584
0.6420464456201277;0.0595389730216482;3.305140224432654
-15.922078848826883;-2.451985748422204
0.8882768458228741;0.6522954039484019;0.560923057534782
-15.134877279791572;-2.7680361151207644
0.7094939994580248;0.8953700868659361;0.9500638982065942
-10.841574234095344;-5.081777201544097
0.2855174575857323;1.0930074753967942;2.0148111611563873
-5.0891062723888725;-10.830804434867497
0.25437501071618346;0.4393741449765625;3.0554063927388775
-8.073880332740934;-7.310745691727087
0.028849493106776848;0.03949245684822472;5.5451570457290815
-7.7879673892208405;-7.58769556620222
0.20051972725552433;1.2873223594824383;1.8436120894657422
-3.5984414103018825;-13.347553364987169
0.03720154234651833;0.04482738760170922;5.4738735872350395
-7.851041055860738;-7.525708387856138
0.8290482510356844;0.19774624769830212;2.366546929980058
-17.852049264499346;-1.7881964663956138
0.13821833568553937;0.15771477622298657;4.418370497703432
-8.354565311702062;-7.048624465073046
0.01273951865094666;0.5401253452079909;4.673716687966142
-5.121806128757839;-10.782915515724916
0.1978802130910527;0.09553294164569487;3.908187478082583
-9.42888770742132;-6.126385377520802
0.5688255032094732;1.1744280249658359;0.6200344593917155
-7.486578947085308;-7.891126151101089
0.06466978310843546;0.03575252456874744;5.05648143248735
-8.210987263429127;-7.1815298052997685
0.5201817172942542;0.09743428789610503;3.4263495997290936
-13.762725682490283;-3.390505068873845
0.3562799344987499;1.7748112648443393;0.013682689360965524
-2.9734953508209414;-14.658260705136177
0.17265116928295232;1.4886114509483026;1.7771491760678668
-2.706455608353438;-15.282855844559815
0.43485095522715794;1.5770877794689673;0.2815128236519294
-4.297272488101031;-12.078517047262196
0.3893532403545491;0.9238466184428339;1.30247564152683
-6.910294902045822;-8.506836417116913
0.05469462950478546;0.035705624910980435;5.27091585507724
-8.098189265476222;-7.287669290391728
0.6973195244386392;0.3345700371759207;1.5977810047393575
-14.64162587392696;-2.980866745212026
0.002058326152855989;0.08508658076015368;5.737422675004451
-7.2487215228144875;-8.139390735813347
0.740565740066872;0.2691307094737614;2.1820394289793166
-15.822450106710297;-2.490441629450487
0.01371872883662846;0.07554816772421735;5.599548230697582
-7.425205735141325;-7.954423545701891
0.06974569843618623;0.9696552016115396;3.3636291774558766
-3.810771016633591;-12.94257286876443
0.27525796226629795;0.5165487614860255;2.665557733065648
-7.87547316492157;-7.501834371409294
0.06881598301772107;0.02994478256019741;4.947739121541349
-8.291376038598676;-7.106817020370985
0.025806528218511104;1.3403956506496975;2.712118731077377
-2.2601563069758397;-16.436764843315263
0.13029648491628887;1.6132396472830417;2.0772959188438636
-2.0775963080402278;-16.95670975999533
0.1068430183709676;0.2016036427929355;4.124682661798217
-7.754099150963037;-7.621192817524041
0.9223978306167736;0.5963347242053357;0.9886290954853261
-16.112689864940524;-2.379619557630196
0.2823268393279411;1.9930614400381195;0.6401021052750389
-1.8716060451747096;-17.58409142037932
0.13418621950492865;1.5291522322004958;1.8668461160970435
-2.342776824369318;-16.211354549466336
0.4959488592880938;1.3680022042931401;0.6866447560155565
-5.760379912733174;-9.897529255619654
0.0008682377304404812;0.001270221841943376;5.9399063464744986
-7.690064612296594;-7.6849358224882796
0.5071120095647856;0.7191467238660469;1.4046157960764278
-9.397495734129421;-6.151645486230653
0.6167957689411896;0.4746729267385965;1.445968735321989
-12.437509819631213;-4.089405097049603
0.8400452764880939;0.7634660928806996;0.41408253436034004
-13.569134931370533;-3.48626587032016
0.34923262034471114;1.7191872893489188;0.46950880514551185
-3.1154022329924085;-14.34334476824687
0.39962295383947954;0.9025081854522613;1.8010608012342235
-7.1302205702577695;-8.266105625764093
0.6102090991405511;1.1594585031144202;0.03399777477186616
-8.026494407851565;-7.355937761018064
0.13253222916494486;0.170245997230502;4.48891075571351
-8.217992076611887;-7.174989004518624
0.08196801079928515;0.3086434198012305;4.072312539184687
-6.912549540979953;-8.504330921209213
0.4415447124604346;0.711594783795824;2.226383377248423
-8.660130938122355;-6.77368988574686
0.3597902393971136;1.7294050164111447;0.22123032424468542
-3.1532106398801742;-14.26128055366627
0.04935703925706175;1.0834771759492252;3.0114712086876505
-3.241061322176916;-14.073455393963036
0.07707191710604051;1.0612393449248636;2.546303017902613
-3.521296956634979;-13.499347574475589
0.18146974556282977;0.1333275056424033;3.86569605372023
-9.003087584035471;-6.477355743719654
0.052418146392590674;0.03713112331440627;5.128933910830767
-8.064462422062327;-7.319705557883805
0.8058450535726709;0.8366448409104456;0.31716552048289187
-12.550944129005051;-4.025446200421191
0.006367782120257707;0.00939806850037294;5.862914687971886
-7.705867365448599;-7.669154912307032
0.5391389555167998;0.5899991422138422;2.383147941600131
-10.611449384588804;-5.240382927571472
0.738579027391389;0.8780131647535852;1.0785718426629647
-11.341771494408654;-4.7511777040875325
0.12055495254731988;0.9809022873286951;2.4277918713079436
-4.165934666524233;-12.303650871098844
0.4704071856244728;0.1685537036912219;2.7769763549244213
-12.531320210224184;-4.036452867089221
0.8739578852415434;0.679807188205409;1.008440822615328
-14.702953146062457;-2.9537587410080035
0.3381061622195962;0.01118047367092194;4.276825777365073
-11.787442541761758;-4.472092183310783
0.01254633722815693;0.09883415043233272;5.365212580566433
-7.287359687411019;-8.098515923147225
0.07418475134688937;0.02857986271227435;4.900487621388717
-8.360692577745175;-7.0430065379486235
0.5340285312381304;0.08199077486366455;3.594533250614009
-14.083191305435365;-3.236462141696808
0.9901197876240394;0.550463309530549;0.15393847177518216
-17.59552963145558;-1.8679907085627507
0.12160701649629943;0.28096639015138153;3.7695881770899082
-7.481287276097739;-7.89656320484435
0.465650662730733;0.6964604118231567;1.5676067267047802
-9.034275279729176;-6.451025229707775
0.23828103058799208;1.3102921357220967;1.3821567933796204
-3.7970904271990475;-12.968121247206286
0.3970438813552476;0.25340324339805065;2.730336689994851
-10.953604605642573;-5.006074893205685
0.7618550870873534;0.8517209829730581;0.19386947327296153
-11.835010024700914;-4.443128921482778
0.3348397428541939;0.970770364826872;1.9662129889265907
-6.1221558823366795;-9.434155552640004
0.5816755812225649;0.4740876098557978;1.624991503662993
-11.953533784169393;-4.37163470568674
0.9401302420079741;0.662106451437827;0.023935245714000308
-15.871246426266005;-2.4715520679066714
0.7451222099911341;0.33743325551491743;1.2063534646482836
-15.356934985490998;-2.6760121763501403
0.21458715576270812;0.49345180718619475;3.347554828807309
-7.338105370314141;-8.045157822582702
0.6578473610832882;1.0069026636481513;0.4944174394344835
-9.481208857255385;-6.084496213552708
0.29125078942340077;1.0212710345601526;2.27241389530371
-5.4667866288435585;-10.293250641690422
0.11008257817053671;0.8264159968092979;3.4863158420192164
-4.720660458993193;-11.389419704143663
0.4469937905736124;1.4569998102347543;1.1484037149345765
-4.907915510120697;-11.10105003008352
0.5135375411435112;0.1287956252330422;2.8110052886189454
-13.434942996762084;-3.553868969168302
0.36916953720137985;1.6879223801837262;0.9195955911831079
-3.3665002728225932;-13.811916636413223
0.3029501966977713;1.9539532726097733;0.01657677956177884
-2.0904557294795083;-16.91903740083605
0.12980304496494818;1.6224564487878483;1.9173890401439502
-2.0491841269205127;-17.040538074357986
0.7736357486116707;0.23485891014418064;2.310623451990277
-16.628196027659197;-2.1916575697884317
0.247690908373166;0.06761838485019048;4.034767135225686
-10.223180429096344;-5.517782678238786
0.06056052510514566;0.03265661214278569;5.198288489599759
-8.18188036617388;-7.208771547431319
0.29769229508216705;1.9363388540581716;0.10077343352967529
-2.1104098864389575;-16.86090678927117
0.9057632540967675;0.6297626618683021;0.6772584693760619
-15.583766943270192;-2.5843646336926276
0.2272791023236141;0.05286780207298533;4.553699464439926
-10.058152393678592;-5.639557965361922
0.11564340566684639;0.18857952596008742;4.720571717022143
-7.924213981778811;-7.454433842669154
0.17625229795848402;0.11027252900563309;4.725785971535042
-9.07845274225248;-6.413900006227794
0.8798332375134957;0.671077519224621;0.726577915003476
-14.85976517160793;-2.8852866577818577
0.14446726291442585;1.7002736135211483;1.3694371693613399
-1.9170130381404933;-17.44174300275575
0.14499108958266793;0.7781209551556826;2.8879786325596926
-5.241016196678446;-10.610542732572261
0.04674081750051399;0.03205124708725556;5.796907269216191
-8.029140826084983;-7.3534065590334885
0.061495229225769873;0.32852241427823026;4.6138014703043195
-6.599317627819148;-8.860169141912742
0.15191247314106676;0.7909852210776939;2.6093648463558834
-5.245443621963304;-10.604206644714468
0.366953825119261;0.25565083543134887;3.183298382066794
-10.546642062348957;-5.28581709947005
0.28785296583224196;0.37266330955753646;3.0972914341586244
-8.845460727980274;-6.611991884803855
0.5542840590715924;1.2575170567905374;0.39495807120582443
-6.890466623763734;-8.528904948884612
0.6605058065639956;0.40667149848850104;2.0984141593989607
-13.552388475756151;-3.4946472147217604
0.45250816749350087;0.701881530725533;1.6685413273856615
-8.846005172140421;-6.611522325264269
0.9507824107855197;0.5740159383140948;0.4420096813918892
-16.75140489534996;-2.1483671795235653
0.09065128220370534;0.2566249220376397;4.315592474354
-7.278900490592718;-8.107446424525236
0.9789500302166886;0.5527851753184626;0.5140847593510154
-17.389979708503525;-1.9337159722394697
0.47707745251135636;1.391103705349151;0.33133334551980126
-5.475205852311304;-10.281642655902123
0.40911402052494045;1.6229038410460521;0.17046069589979795
-3.909286243120537;-12.760720043078418
0.3133773723182741;1.836355944581082;0.6306355707505481
-2.49782846321232;-15.803441662602193
0.24953986084634278;0.045515532953869106;4.165823729045456
-10.387823511369792;-5.39861743524281
0.15051586378455836;0.17991380612624436;3.8238206186357564
-8.36831811883044;-7.036020982958845
0.6714097616766898;0.9474429355053166;0.9136178630601927
-10.018393879382723;-5.669251413054031
0.2625398271407501;0.04347959584859717;4.3625809905991915
-10.568238937663544;-5.270638294901608
0.7275509826076234;0.3229149782518682;1.4843119934839186
-15.196375801747795;-2.7423189451506316
0.003510071978188108;0.07623908862621384;5.680487508060914
-7.311587066617099;-8.072995457985314
0.4868814702422195;1.3795423209129138;0.4501896455718496
-5.6203703132243055;-10.083943497937529
0.017350125291092797;1.4668311028875705;2.927865102543204
-1.8617790904453313;-17.61521846580456
0.6888788895333752;0.324341404824016;2.335303335223367
-14.590976115857746;-3.0033959991876698
0.42587088956928065;1.5527996073356727;0.38930162573662547
-4.323164023392338;-12.034800133560562
0.2777823528928903;0.4573838997739317;2.6056284027698906
-8.237133903734305;-7.157145037603967
0.6332719465525662;0.10746488752980446;2.5135956276660165
-15.405898671829794;-2.6560296105011876
0.007890221174917892;0.11592678733266341;5.094609102395924
-7.146724393007867;-8.248334187818973
0.4619783649566562;1.4224991849380455;1.0413930005080207
-5.194061076826056;-10.67802808209812
0.5920582676456241;0.4903782721322426;1.4733927333226364
-11.984333225145404;-4.353212330396343
0.0006109754871581438;0.001993521533589993;5.884422592801533
-7.6832569572451215;-7.691744233397134
0.08793041411268532;0.03199653508688289;4.789874185195846
-8.49945054710192;-6.916943322578553
0.7658377320008397;0.24718981332830178;2.1456281706231577
-16.402074465489385;-2.272732308082233
0.2635196347184237;1.2290057211810128;1.6790008675963664
-4.319441414781385;-12.041072383967203
0.5186552250489413;0.10632005266031877;2.984447852312852
-13.674690306027557;-3.4337959342143516
0.29198595378611575;1.8884358726981911;1.115398081807044
-2.2145744281193624;-16.56367804450492
0.1875285174633926;0.5843595406561348;3.1370415616386986
-6.580143757393161;-8.882471320416007
0.07525983319163927;0.020638796083085525;4.8567276509092405
-8.418713827120996;-6.990024253818875
0.9997599092147169;0.5648848534017921;0.08907073071850102
-17.63616979053189;-1.8551851752278332
0.2412962026810358;0.45727791352215685;3.462878741010254
-7.827370528616645;-7.548911118377581
0.27397569032900476;2.0123237820484667;0.3601936426228711
-1.7778383223065395;-17.885934737601573
0.6199718859948965;1.0909952393046218;0.7637482552015387
-8.528902595157508;-6.890468735620623
0.30142771526171364;1.8612723166923697;1.0995900806239214
-2.3498201854659535;-16.19240593332432
0.6017497076609671;0.48852345958668425;1.5149510715890067
-12.131058373823409;-4.266322860735659
0.012959278740653404;0.08264298437355139;5.660967435660476
-7.378733312698908;-8.002702008513598
0.13814348633248946;0.8099359513776214;2.940290736885387
-5.037211849561513;-10.90735061540058
0.4002878421782854;1.6592809391814323;0.016241065883538717
-3.701995813127092;-13.147753616200568
0.7945448505811602;0.2985155085173938;1.2525741731339117
-16.451239806268205;-2.2549236871740077
0.16669092186522638;0.16514010595569514;3.782491622389158
-8.641134840090638;-6.790475724568302
0.10052214219000669;1.1135548888914923;2.4712276291262643
-3.5013672785327703;-13.538983928159041
0.4436330578576472;0.6865530787125087;2.1310388359902936
-8.831707426738202;-6.62386401970756
0.7652833035892523;0.2918485173179713;1.9771414077442533
-16.034872000380666;-2.4089730119147945
0.8481004164427974;0.773541037076865;0.261107206914132
-13.613429975749822;-3.4641722218537927
0.06021566063914581;0.02566338341506136;5.451508777397154
-8.217704620294615;-7.175257303799083
0.33882375395063363;1.8134850341953634;0.25765726832677743
-2.7305204915203625;-15.224733280755421
0.9673516149429399;0.604617147822388;0.013646952367667003
-16.772102437048215;-2.141155534349805
0.8144215148326599;0.7528217495086618;1.0063516467855627
-13.273030324148928;-3.6367962424256906
0.025425420318518112;1.2785216021485444;3.1314086974389452
-2.4424863103569514;-15.946864686983538
0.10324201416065523;0.3084920573018946;3.717866195665733
-7.13686147858329;-8.258949797369716
0.056834432080719005;0.012357493174140642;5.797532079422547
-8.254976534321461;-7.140551453461191
0.3203687791800266;1.8555306563239613;0.22301179707456473
-2.4818602320592547;-15.844584309662245
0.22034367009820088;1.3325997374631673;1.2969483060970444
-3.577489539430938;-13.388525909365361
0.05247764254495071;1.0692628522414984;3.161067193868818
-3.3136974647320483;-13.921080703399616
0.2980121252973197;0.3972277750941849;2.563662212804495
-8.820400653923901;-6.633639423418904
0.22909859875572477;1.147186130966207;2.249041710165998
-4.372766616421959;-11.951644884424288
0.5789633631897212;0.6240532368093216;1.88342502880553
-10.908825095501442;-5.036216710230114
0.3793207445094165;1.6385559851456315;1.0896330663533371
-3.6222197917966854;-13.30127924919147
0.17917260315489905;1.5961858617371585;1.336705018543471
-2.411625883378355;-16.02787309307932
0.41409784625645873;1.5954844224047064;0.07059195627682799
-4.056143980614115;-12.496320009423794
0.6638116720787838;0.9949499529806591;0.5156419323283301
-9.62787523667014;-5.968467933724148
0.26834545497783796;2.0303387811072593;0.8989560942120658
-1.7034206716619482;-18.133547254329372
0.30266276852126567;1.850519799167492;1.1870956244187143
-2.389440308741642;-16.08657719211621
1.0050877257356412;0.5190392463848927;1.1386159807013565
-18.112236310094584;-1.7097380541442964
0.7116165185686399;0.31758944211685874;1.720020349804046
-14.990987531821997;-2.8289079865973648
0.09839224515581486;0.013192005011246927;4.943893946537753
-8.730964869810878;-6.711447531506665
0.921450214179616;0.6146689782178969;0.5695382721467978
-15.951325470893629;-2.440779519338944
0.5636341954956509;1.2386295630954787;0.35755279358703146
-7.087414864079444;-8.312387757225387
0.46948505867056806;1.4936580236519639;0.020096685043486974
-4.944395188697937;-11.045962158117042
0.1960566842563416;0.5993371150265385;2.9157581177787826
-6.590711075293036;-8.870172286945442
0.15518173206607638;1.4471951574341015;1.8568162065103608
-2.7273119857350583;-15.232460612056494
0.9198343968073219;0.6685303307573431;0.06216242679610829
-15.500326844898916;-2.6178037534686074
0.42381365649585245;1.5589581521634814;0.3896962282482091
-4.281171947312052;-12.105811178201597
0.08908675410404322;0.21492274235180175;4.516515774645428
-7.486729718419714;-7.890971294000584
0.8145496447796877;0.7759604659821732;0.34533690973046677
-13.107609381969306;-3.7230823226200798
0.3092032810427535;0.37538077520549246;2.4687974380998225
-9.083203360928731;-6.409919705248569
0.6023833369456499;1.1447669922948716;0.20787050580163127
-8.02109821057203;-7.361101713011315
0.8603958382860949;0.7273911322909694;0.006096917103236605
-14.138047634924938;-3.2106416478315127
0.5314934665982417;1.2662258428077082;0.6599726318007795
-6.610992051518223;-8.846620057241696
0.8547344666673425;0.6953935076788668;0.7069431307578761
-14.29326381002603;-3.1384341278120287
0.2569205116145929;0.4134031166299187;3.3330640969214107
-8.249996259378012;-7.145179286786074
0.45799813548164703;0.7036739865381834;1.5108781212533156
-8.900353316801604;-6.56480818812539
0.21711999576462956;0.8444692125255372;2.5011789363372126
-5.599527298279685;-10.112048729238742
0.7752699845553682;0.821844833754644;1.1947041443588042
-12.226319844750144;-4.210673355833125
0.547402629563335;0.6358855732097459;1.26612783135919
-10.42216555066517;-5.374049005579006
0.6666747762981878;0.41862773831928024;1.2954363990832298
-13.555185976038407;-3.493246018990356
0.495250487192552;1.4014990669860778;0.011057340576148204
-5.595929922816283;-10.116908941426994
0.34178356706037344;1.8044967725634629;0.3053600309804091
-2.7788702429043806;-15.109096265774255
