200
2
2.0001364041452416;0.000154380521791981;0.00017729031807436633
-45.68909878890247;-1.6877960834468644
0.00013958751027756135;4.0001156189690334;0.0001624973245125895
-1.6870911366217773;-45.68529202005504
4.262791667342906e-5;0.24182990201395116;4.824818524413526
-6.416344919963662;-9.07553602795031
4.499822013387555e-5;4.499822013387555e-5;6.000044998220134
-7.687747492235577;-7.687252511814102
0.2645271044122479;2.02863765099153;0.003740204687460411
-1.6885415681028433;-18.183959431940217
1.0151518738667156;0.5329311342993257;0.0067450174531728125
-18.165174117350066;-1.6940753695749031
2.0001364041452416;0.000154380521791981;0.00017729031807436633
-45.68909878890247;-1.6877960834468644
0.013760191804306385;0.08227392757659206;5.4994597347539615
-7.389353458753167;-7.9916424424009405
0.021855091109174482;0.10061813638193341;5.129840551161571
-7.37774476734737;-8.003732263146798
0.030739528728607985;0.05451308494250244;5.612467087840329
-7.725861373603999;-7.649235675942153
0.5176965394655487;0.6478551419408712;1.5200514827423686
-9.969144306052886;-5.706226999160396
0.6801817969423922;0.9775212488212489;0.8558744092640954
-9.939701159023194;-5.7284353633243015
0.436190960931782;0.22020457679554628;2.9220362062324763
-11.699810687294066;-4.5258598915458705
0.24345451779641064;1.217895475809811;1.8368506385677126
-4.201415754587663;-12.24226659697455
0.40267024563714465;1.5502208388861023;0.5158336764987911
-4.145504820393325;-12.339188644123267
0.19025054321457086;0.11347924264684053;4.312880682078526
-9.227420805859555;-6.290180524254244
0.3185637558719022;1.8064159689632284;0.8254982376857917
-2.623648981479749;-15.485822010893413
0.8247780304025367;0.23844537518281178;1.9516894947631878
-17.439842137999772;-1.9176245961548901
0.01692144134207275;0.08957729054542476;5.418105861719133
-7.3840670809826126;-7.997145567456683
0.7091741544422198;0.9263294234142307;0.3377299639619181
-10.635686453745496;-5.223478713573197
0.4164145545486392;1.5036635381505865;0.6841932664248994
-4.447929471410083;-11.827108190996473
0.9304152733892819;0.6431436161401968;0.04095106109520696
-15.867539579558505;-2.472983342536469
0.3756704752845157;1.6036776435934872;1.0320350926183135
-3.7261260266413583;-13.101829649910373
0.1570039140647965;1.4815193994555904;1.6854738988617428
-2.629269626887114;-15.471896911473085
0.9621766906909796;0.5989157901900479;0.29937069396243254
-16.73419155970013;-2.1543780565891044
0.36016596360467157;1.69985203130304;0.6425666777486794
-3.2595990618083936;-14.034320206839062
0.03274498841921186;0.03700981162459281;5.8022828781724005
-7.844952028486678;-7.531670211134536
0.3411704830867786;1.7323502920683929;1.1862818659107541
-3.014968292044531;-14.565070876887724
0.28639829944827905;1.9520807223066914;0.1279060867433744
-2.0038620143355264;-17.175987371846997
0.9911941910333285;0.5181316051630119;1.1010313950685036
-17.8849601816783;-1.7781356357382028
0.23497463132180313;1.2488334356547646;1.4882972970321775
-4.010297603405904;-12.578023506528648
0.045522865416340194;0.0603263169248599;5.215177461321195
-7.857400458883852;-7.5194869058978275
0.6631156978794202;0.3912429547555411;1.892031684347486
-13.704139810327927;-3.4192669592916345
0.626586706536246;0.5313743421622207;1.604535388861341
-12.178388788773423;-4.238599008760438
0.018764365321377305;0.0744719901564613;5.734074426370053
-7.485676877098111;-7.892052731748882
0.6471265975009052;0.42356749609050537;1.6254522135390577
-13.234364930300844;-3.6568222422764904
0.15068678226753426;0.02672031265220768;4.9432140933125375
-9.273527294125566;-6.252341523414095
0.2608445411972331;0.07172183065448952;3.814063568852158
-10.3647904122083;-5.4151506430685545
0.043989092971198185;0.4731576333759298;3.7107532949731015
-5.717376245840769;-9.954350167609634
0.18209871949298573;0.6278320231416701;3.098383757436633
-6.307012981106606;-9.20699340681929
0.09205645472740338;0.028216815474162358;4.876260234276856
-8.569232109011967;-6.854375075224878
0.5447309750046516;0.6067613850682395;1.2760648241854846
-10.575352942570271;-5.265646728218572
0.7260397885619875;0.8811407825817096;0.9351774583215485
-11.153634477095833;-4.873307737130916
0.2092284127774517;0.0796993064847914;4.101421773120797
-9.665423011612154;-5.939090301840921
0.5664301571252264;0.0874096170372254;3.389816541512745
-14.530445994976374;-3.0304883256308726
0.2709976262276372;1.9778647078530915;0.7120531011423091
-1.85193908825643;-17.646503097632422
0.3129263800223204;1.0370030758404705;1.8003226134628467
-5.595217845301947;-10.117871319056073
0.019948537153876844;0.07187400905277586;5.312265097722387
-7.512649383258066;-7.8643956654533085
0.4988814989881774;1.353708020630275;0.5778342720271538
-5.856499234555538;-9.77189448374866
0.5353088710162359;0.5612587760985791;2.08730501431017
-10.748420868813653;-5.145472243540835
0.22452891006715836;1.2849252680280823;1.2099306964672725
-3.7889034270327264;-12.983445353864147
0.21821568195065186;0.0817807788130259;3.8892719104971127
-9.763855255488986;-5.86269881951793
0.8424779359734504;0.20707743009228807;2.144492686070864
-17.99995611909899;-1.7432932586982475
0.2905410629095285;1.1147506468401764;1.4102503140899127
-5.037125224712713;-10.907478955945024
0.06096694815717097;0.3415912343300083;4.172821594901372
-6.527633987057964;-8.943864705230293
0.338077882632003;1.7611137683857443;0.2359252878125787
-2.897364851368349;-14.831902885707471
0.028102339736922832;1.5421905491292256;3.16934851575847
-1.722731721710866;-18.068576287920045
0.5748124374531072;1.25278200867579;0.40168602133619163
-7.130777158514889;-8.265505629980218
0.28631395869712406;1.8890305657166409;1.1671567201509203
-2.180201366737049;-16.66063049828337
0.47666175661526644;1.3316503392938361;1.0779387840313555
-5.749833643970964;-9.911428730667302
0.7418070456503175;0.015198392093217567;3.783507672813978
-17.920031011319605;-1.7674583200380125
0.30622953196622277;1.861613979117862;0.27236069513681355
-2.377535968612094;-16.118240035651677
0.8557064132600809;0.7493382783437652;0.22579748247487627
-13.904497451219;-3.321677421278636
0.21520026196901704;0.5975241568850664;3.0268662005914226
-6.796250327480737;-8.634610289898092
0.007270764309032012;0.012064718000627066;5.850799394197535
-7.701128592986738;-7.673883676194932
0.2782613195443532;0.45172268938373245;2.830737033865642
-8.274882752835522;-7.122083306080808
0.1166392796722538;0.860809704810634;2.411528333349428
-4.629874038466333;-11.532716638593724
0.13425109445361236;0.7963624668960734;2.6300321526258257
-5.062904944139798;-10.869368002017131
0.17536589115757573;1.4009127608305034;1.91667620623169
-3.0143847058010262;-14.566375469469898
0.0782746471396759;0.2675234701136749;4.607774198223034
-7.089457300613329;-8.310173234790884
0.139487396708567;0.7329487798458351;2.6991395798344295
-5.3967354549961115;-10.39044930571182
0.0010918059143654364;0.0018152316803565955;5.931040729791965
-7.689526226519994;-7.685474044887874
0.12290896998425796;0.20142722441005184;4.262140295783614
-7.933619471199345;-7.445321600056241
0.46561127020119675;1.4189099756899481;0.5536480728725094
-5.243058140455802;-10.607619928618904
0.08279140226993109;0.27648679581363794;4.563351725428439
-7.089827743274686;-8.30977164728622
0.5719578662761796;0.5477827245049816;1.9891445825553815
-11.321606107544193;-4.764143019023036
0.8781709319255319;0.6993019463225676;0.3697300244274039
-14.61855293365538;-2.9911138408419213
1.0082297226752184;0.5792125467579211;0.41867107049053365
-17.658036589772642;-1.8483207052549693
0.31367399148157793;1.8593293101619428;0.4571495812418418
-2.429380690973156;-15.981175290159813
0.32230176833162816;1.8501043900408023;0.15210726948416384
-2.5104776139174887;-15.770987001070496
0.9440892515006389;0.6147430064426531;0.00529165934532555
-16.313033194967947;-2.305242732823075
0.3148741673913268;0.34179180300964956;2.969629492329419
-9.35417988894226;-6.186658039439214
0.7815761319307082;0.2534728598274719;2.2498396562739664
-16.605996863537406;-2.199523419164013
0.8918323617864998;0.6761708727948599;0.09638624845769904
-15.005258808791162;-2.8228264502316236
0.979135983237625;0.5315071949702644;0.6598067779594692
-17.570363956485096;-1.875951469930253
0.5288842006612818;0.11360086341140763;3.3429410211706516
-13.771873798156571;-3.386030881133856
0.16817427445713806;0.7027508570336042;2.8719064835661947
-5.806537956738866;-9.836963346051476
0.8028801877835096;0.8209474451024918;0.19658434720455342
-12.619902453379218;-3.986960218269419
0.556236455892552;0.5078971037430998;2.2785024875197504
-11.378178851900664;-4.72784496343862
0.4516780852820699;0.15997433837998876;3.1504121545297568
-12.328716625434296;-4.151516471408634
0.08050378967189581;1.0149565395738815;3.32989357631765
-3.7200095454125566;-13.113448107943547
0.5826631385178012;0.48966592831346917;2.030895932117836
-11.860148824807046;-4.427884988863583
0.17072052135082683;1.3926426165222492;2.0736044778871126
-3.0109160927896217;-14.574133404816171
0.39441222346311167;1.60014645470393;0.7516235236542588
-3.883472357527063;-12.808014443081834
0.0012217860897436564;0.0031716310432443576;5.893206866186471
-7.683496206319045;-7.691504853820373
0.2765876747207365;0.03140937656060959;4.427986329870354
-10.829452581301062;-5.090026879611566
0.1014065130823431;0.9999576656542557;2.7407346360155787
-3.9386440590743232;-12.70723509345959
0.8705576597636444;0.7163004257849798;0.4107123837920007
-14.37422748201876;-3.10126365085336
0.3262064226694092;1.9142507746050899;0.025090927762733927
-2.339626348770499;-16.21984357069948
0.06862496164592449;0.33674129499614236;3.973122826005178
-6.6300942630108475;-8.824499351758073
0.13253423559185934;1.582819100290046;2.3944940276996816
-2.1763382604253216;-16.67159518059492
0.39921181001977113;0.35061537413262417;2.464881513882718
-10.35097757759028;-5.425086872614181
0.303599108590494;1.0632654273225388;1.3628757579673252
-5.387127644387768;-10.403866955944826
0.39756177398243325;0.8174305195506381;1.452454261513592
-7.565309257259586;-7.810685944703071
0.07000055146900284;0.2747759708538111;4.697681194767443
-6.964402491484792;-8.446926038558654
0.26726909257214737;0.5184703303098485;2.6851440143528373
-7.776131377548436;-7.599384974369526
0.05854242995461613;0.33350379316363105;4.389645827055581
-6.54403302177178;-8.924641287570164
0.2514904971781046;1.1840515288535765;1.7082547071243868
-4.40546913322501;-11.89724501269605
0.447159536826961;1.4911464123319191;0.18183072130583156
-4.761152509464477;-11.326253234922444
0.6163936632273045;1.0800542853957358;1.0884965671562805
-8.550859107654894;-6.870795656007289
0.08605132738147123;0.9902110477366607;3.2761345395904855
-3.8572051812985895;-12.85639750400949
0.09349780593891183;0.8381593133472941;3.581121007846459
-4.530113808029334;-11.69291452419351
0.49409013531348983;0.2085243493697178;2.502871950008363
-12.583470922466448;-4.00725578863657
0.8370796642323444;0.23263584063955534;2.215065688387845
-17.69386914898977;-1.8371107829133042
0.3414823882883406;0.04685063502247934;3.6789193840061665
-11.59076897963335;-4.5935134225371295
0.36537334476573413;1.6576089538789522;0.9706600662261312
-3.4488312031601835;-13.644316110982508
0.9115429839620854;0.6611807043337414;0.007376318608615197
-15.428002791306508;-2.6470448918117833
0.5258726526647219;0.5704653601795632;2.176816714299727
-10.566170083927817;-5.272090687279128
0.9019339446011871;0.6134706450837952;1.1262381085842827
-15.651730441457293;-2.557360756152923
0.054811303516226435;1.290631009850305;2.54857181831375
-2.586734632028187;-15.577827063024563
0.14156407118285874;1.5788460356444476;1.8623921316347758
-2.239936445929655;-16.492833271995686
0.7673748279616697;0.8956060323679227;0.07688623412275794
-11.611294501086341;-4.580714641976756
0.26941956473490536;0.4683075531196381;3.1984791426791968
-8.080398373188391;-7.30455103333649
0.23979639943445522;0.07668634903026386;4.023506686255145
-10.065819081434137;-5.6338481332090256
0.27582711854706915;0.017297974731978707;5.678086032854804
-10.911996058117534;-5.03407717213378
0.04407586493017203;0.3650964212333775;4.652641013361502
-6.241002559528021;-9.287394164631388
0.25777826904342505;0.48227397796686333;3.4810117773310147
-7.871661809468067;-7.505553648148214
0.2073194396568634;0.07474485654143637;4.347653620991475
-9.672445071963928;-5.933610821468733
0.3860948553176093;1.675271498584707;0.010070869757954693
-3.5361068820038577;-13.470006549448232
0.7616596313990668;0.2950462811523027;1.759564769518435
-15.951655916493209;-2.44065311838907
0.03714670793824004;0.14752376554228785;4.797421839319793
-7.290095760950233;-8.09562960727412
0.6950838316988434;0.4093853284128141;1.222667370410464
-14.043736831035176;-3.2551311462015797
0.0758783510177084;1.0600209535589291;3.294446282163087
-3.516990567216249;-13.507897333974883
0.36881383103363746;1.6467239569886123;0.774063102988226
-3.513926451372347;-13.51398569550706
0.6886107832877411;0.9277994604249401;0.9578456152650481
-10.361301813324769;-5.4176586456688085
0.8934339436953539;0.6329903526765873;0.7268586089024426
-15.3652598060456;-2.6726069241902732
0.050287655932741884;0.057289918039907975;5.072720705158714
-7.927443291359301;-7.451303959277968
0.845409192739035;0.2889854853580544;1.2324561853137177
-17.36271643051898;-1.9425545291988078
0.10755675731565784;0.19971930294363616;4.638227251822305
-7.772405146035722;-7.6030688174712475
0.9658712744924145;0.5438036942628536;0.794187142009239
-17.24753796541781;-1.9802105634760836
0.2735390916796169;2.004227878363726;0.05945342217020086
-1.7964619111269775;-17.825108556176392
0.0035898999902939364;0.6104274845374331;4.76234241634322
-4.733545503860545;-11.369270033985845
0.30737125901287504;0.9564987845394496;2.331996430551047
-5.924637879876037;-9.683956811526729
0.6006132328201698;1.1485812030066345;0.3631700788081508
-7.979820468163149;-7.400722579192394
0.008049546890235265;0.22416387206486882;4.976830649667577
-6.586434671398346;-8.875147232526725
0.27227296774175197;1.1766337426657087;1.7355984513732772
-4.610552056486282;-11.563517935490536
0.20196103716196376;0.15105122638914506;3.635318163602575
-9.14223332937656;-6.360654002093952
0.7551421554979364;0.3071608048588849;1.6454768348707578
-15.752185454772793;-2.5178268872659255
0.025807988563981754;0.05022740899143062;5.656474524762775
-7.695139052872401;-7.679864803370539
0.6341517526829527;1.0867376234113322;0.34403125767936316
-8.719078520240096;-6.721853818739788
0.8295104471915399;0.7558573268785602;0.9315701417250875
-13.470604050942349;-3.5358048083926334
0.4131610317817709;0.7850689556213447;2.2336539433724516
-7.916093912596975;-7.462309725232807
0.595373861018011;0.5369302342304008;1.340156343589631
-11.710973490291371;-4.518981124429536
0.8079749845574893;0.8276733825697399;0.01585785484578198
-12.644401202894226;-3.9733587508966
0.5525082238781179;0.589673176652353;1.3271978091131833
-10.787466678143407;-5.1186906960006935
0.7409627247397378;0.8609562987334046;0.8826641681864917
-11.488433015281686;-4.657772357074907
0.14606394430551511;1.568304413732168;1.7942256751632135
-2.2971556351040046;-16.335097411436514
0.10489645713455614;0.2218270164780819;4.479839071496832
-7.621457257466643;-7.753832381765309
0.42486828592277975;1.6133990728880327;0.021761414353335753
-4.0705366597648425;-12.47082417123205
0.17641400001099966;0.12853475334103445;4.210021331310017
-8.971420317251996;-6.504194603761381
0.053179173997571466;0.03970220394409442;5.369889483450585
-8.05855183382052;-7.3253342492589875
0.9702015288893379;0.5500143275543573;0.42835647842017244
-17.26781883736854;-1.9735428049010408
0.44250237787453084;0.18125971675722086;3.414706778743948
-12.053354794360752;-4.312159365450502
0.058915882451064217;0.32229320337057443;4.5201170674989966
-6.604766568244134;-8.853842391397038
0.3846153608470431;0.8159424731018844;2.303825138202878
-7.432767354976693;-7.946596620462475
0.3325228863803665;1.8374448159566614;0.011393595549633975
-2.613824778909122;-15.510214254064335
0.3527983804481872;0.012560099470492065;4.038450469074528
-11.979501451922685;-4.356098176237981
0.34525105912197385;0.9453817396759755;1.7817270640782665
-6.35062570354518;-9.154301539297487
0.30766385205783225;0.31953544221370433;3.534628981816996
-9.401850502661858;-6.1481356217402965
0.33222724164394546;1.7711872868152712;0.34569343211182035
-2.8253270790029834;-14.999387917804166
0.3594138657674849;0.42450762814366516;2.8598509246645496
-9.392884891912445;-6.155363754608092
0.06153033281899358;0.3323174604877226;4.2115272974990186
-6.58037603451724;-8.882200777864329
0.668025342773839;0.48243740124589685;1.2498513385720484
-13.111028702796268;-3.721282575476678
0.4715861688275428;1.3744030520718573;0.8808995276023535
-5.501690999764155;-10.245228858348645
0.8331064192952052;0.7070151977357704;1.145948506714943
-13.883147138921627;-3.3319730895205866
0.5115460367293047;0.5910800866946552;2.3518664737058645
-10.250200283909487;-5.498068429505991
0.13826839399424112;0.7750860450184437;3.116412449000939
-5.194030448020339;-10.678072275349914
0.2222083055229876;0.6214655548543654;2.51905882249889
-6.74507713755752;-8.692615519449813
0.048506917057687976;0.056443547155089244;5.25555148050926
-7.912282526465618;-7.466009369902462
0.29418043712451264;0.3714492115334553;3.5093960235232893
-8.927564814357668;-6.541536524486398
0.44994090780745016;0.19271252275117756;2.781485084111941
-12.077019519519855;-4.298157298018902
0.6366585211614587;0.4988612451353187;1.2184393809830056
-12.546788666329272;-4.027774897265687
0.04024991700640217;0.3830598232806832;4.504479010322156
-6.114962606132446;-9.443122488079112
0.5036006515948412;1.3178705761890082;0.4151833571027985
-6.075334395689638;-9.49269639868222
0.5865223192099042;1.2039376996813078;0.011254170970047276
-7.518542544295858;-7.858366218172355
0.003878958169848213;0.6142496486073861;4.72390209818272
-4.719627693836769;-11.391036748781357
0.050605545063840664;0.3777380864681367;4.06067593564718
-6.243068699832569;-9.28486565957758
0.6100902418472628;1.145542827356713;0.007420228986774588
-8.10357788960157;-7.282563669885632
0.29892239426532896;1.9047172398850398;0.10585335623129771
-2.207617121659911;-16.58321408655811
0.2719507736207412;0.40302981113931396;3.4461043968570833
-8.482139394594364;-6.932550297470513
0.46754263797469847;0.18831980525470898;2.5933333317089176
-12.352368757042644;-4.137948579401075
0.43910936696499325;1.502561273446196;0.9977353192796148
-4.643419639310397;-11.511187573988702
0.3694058960304307;0.03271077449622701;3.9245668968916276
-12.069634243611302;-4.302523050400323
0.8601007964001621;0.7663700035263615;0.02208048079767814
-13.843368441703687;-3.351220959690099
0.7670684306761801;0.825853747497596;0.8955278618356288
-12.084722095573007;-4.293607843170596
0.29470404828287633;0.022624965140823176;4.257796128387349
-11.126050340904962;-4.891435895230736
0.4593330558570636;1.4283643518016653;0.9893192126841273
-5.143951975466874;-10.750632616429792
0.7737341806082461;0.9118797088053509;0.027847151380848395
-11.587210523335088;-4.595735346812533
0.5542633392571663;0.1712009093983821;2.755878923644925
-13.721371327586535;-3.4107878673110807
0.19856158610049776;0.5909561530128427;3.224727800373103
-6.658989829985246;-8.791152618915566
