200
2
2.000097746396881;0.00011572277343159569;0.000138632569713981
-45.68857690163772;-1.6876994314140825
0.00014212898439365193;3.989733143861466;0.00015830694733938742
-1.6612335407406023;-45.545171285560066
0.00014212898439365193;3.989733143861466;0.00015830694733938742
-1.6612335407406023;-45.545171285560066
2.000097746396881;0.00011572277343159569;0.000138632569713981
-45.68857690163772;-1.6876994314140825
0.8209728144147752;0.7692235637681283;0.00013234394165955222
-13.249115160682894;-3.649172445007252
0.00029493920726970403;0.00029493920726970403;6.0002949392072695
-7.689122252629119;-7.685877921349154
0.27845886187394553;2.0135298364842398;0.7499317542648605
-1.7978522269203314;-17.82058546702017
1.0125658710868044;0.5256326429340984;0.001957007108195254
-18.183242594437417;-1.6887525028027957
0.1466989846176612;1.5715729594788368;1.4638594717273117
-2.2912688593446786;-16.351193752023338
0.5974173972269765;0.4627051655848631;2.393437734716419
-12.250226752247984;-4.1968008346879975
0.023955033613243863;0.7187434205282999;3.938690194953567
-4.447933944742187;-11.827100831062122
0.1360104778906233;0.17830236676907177;3.787740657024019
-8.211735413493395;-7.18083093435947
0.24298113320581025;1.172094231243947;2.2955212813622428
-4.384551266586873;-11.932002879742464
0.07257389982161812;0.010914822976195927;5.410128248884865
-8.443799863693616;-6.967237120356171
0.6215036190578962;1.0870457345252758;0.920290421413613
-8.569612260350056;-6.854035720854374
0.042033621670732185;0.035531076033820885;5.196299094303662
-7.956804679728956;-7.422906839344876
0.920912400348788;0.6023049488598531;0.9824153618289975
-16.041268648207286;-2.4065502779923347
0.04940059765342168;0.038458179424476685;5.009457151873657
-8.023027866918795;-7.3592546922127635
0.032752383615212974;0.062009414931719076;5.315976825922753
-7.7067366551305785;-7.668287779844805
0.061698422317892715;0.05006549938878034;4.941039721214597
-8.096199885054265;-7.289555087337207
0.11315231334925596;0.18314876589206616;4.3776135256728566
-7.926719662757397;-7.452005193886494
0.015404667007488927;0.07810602381850441;5.085245386557475
-7.429605182946975;-7.949868770785767
0.2803677094405545;1.9377904439853286;0.5992505759971687
-2.009977904091575;-17.15758318023799
0.3172575775600284;1.8223927242732183;0.8538910341730743
-2.565226488954836;-15.63187974963961
0.7572649201248799;0.8623477753300689;0.049004495856555606
-11.69984280286121;-4.525840088744612
0.40882520870556927;1.5918008685165046;0.42111284528745385
-4.028981439867128;-12.544636402026155
0.28977575932634353;0.34439865429533334;3.3681127710423175
-9.036137623580915;-6.449456115650022
0.725054666259593;0.882773663675648;0.6997447884426737
-11.129715939781603;-4.889023582502687
0.666836000345924;1.0009484808155402;0.9324511121981159
-9.628184299998573;-5.968225581359187
0.7368817057406477;0.4067473907856126;1.354420622214997
-14.694611302247504;-2.957435074594995
0.018243536988265724;0.06784324151834863;5.131621570416652
-7.516024287762916;-7.860942130722904
0.09911612812048293;0.8743148505164577;3.2899288040772214
-4.426133405767073;-11.863041942797485
0.38283816784702407;1.6463683387853636;0.800908480196125
-3.6193123873067585;-13.306924421311228
0.011816337269976034;0.08221124570330533;5.266101485962234
-7.368749307601097;-8.013113590397984
0.1302646142828273;1.6886609255253722;2.1756394571010143
-1.872335810582596;-17.581784477139486
0.5055041003190641;1.2732250611277243;1.1567033737853722
-6.314064949232242;-9.198450414617799
0.15611766171141653;0.11844141799862477;4.689781442779657
-8.790922557612713;-6.659189597946421
0.06383118141214575;0.060855667400826874;4.875466988639729
-8.05939995938246;-7.324526309724347
0.29267605789651574;1.0658681411161535;1.5802258157278133
-5.27555751131516;-10.561233789869503
0.31312302465433406;1.7928930677202355;1.0933967779316782
-2.6320066643049795;-15.465123866832222
0.2364495157979485;1.2091426370453504;1.9739122569787906
-4.180214816593217;-12.278894476537204
0.4678696695133817;0.008018063289052742;4.295760995517551
-13.650633782013816;-3.445699748898997
0.04993580139721722;0.42640365276375103;4.635347147560074
-5.998196904825924;-9.590049454488405
0.29623880519009804;1.8545656645360022;1.1725245803446265
-2.3388819585858553;-16.221850554299724
0.0837468414979683;0.2165389806893076;4.735304234256828
-7.420156303912291;-7.959654578539371
0.8552800876278543;0.7230438867357659;0.25625124902141766
-14.09402800695189;-3.2313488332325173
0.26744251351627985;1.9587626908419074;0.7531040872490435
-1.8836004505437538;-17.54625475244658
0.536646966101501;0.5918732216096638;1.949318154375787
-10.567079808851553;-5.2714519923248355
0.3677948562861458;0.28492918737937845;2.7094877964273807
-10.369227797528175;-5.41196202040613
0.7156219776072436;0.8988906284940954;0.6480525984931416
-10.898843361432423;-5.042956767508114
0.20088440714621011;1.3177451159958213;2.0233272873864334
-3.4886429259135343;-13.564382244650945
0.5593186161177349;0.10869519956883829;2.7502365606378403
-14.262164089013282;-3.152801729680334
0.18955394867034603;0.1253847273476319;4.235670710371532
-9.147352881953157;-6.356398012029497
0.4748978114398765;1.397080020722947;0.6759987708849193
-5.427499144416383;-10.347627520691514
0.29705214241878175;1.0218533944981085;2.060915856478198
-5.517849197682391;-10.223089403948386
0.6467463492360198;1.0575881846887856;0.4671210379448461
-9.04062576543121;-6.445676113815417
0.9930162997926706;0.5365670103505144;0.5728232385325884
-17.760511235167407;-1.8163897535843165
0.26282977407378194;0.41179179130189886;3.0296067949912433
-8.326738528700222;-7.074193203397905
0.011864751061610768;0.19991960366298206;4.830558656544481
-6.749497393411907;-8.687588510349276
0.3087888126134991;1.8676359346372062;0.2928995258772836
-2.374825075169363;-16.12546647868165
0.48804287994320505;0.13969695755886097;3.270284346835827
-12.987184641460432;-3.7869078158573917
0.39731854909846503;0.8040194603199475;1.7915721001786575
-7.635985037042412;-7.7391910203956025
0.2059743037286004;0.09986436297083348;4.161138614760022
-9.501359920331646;-6.068433230981607
0.3396546178015642;0.3897388104510033;2.49143648466779
-9.36398836945947;-6.178713692786095
0.4254997736584221;0.009674540867566039;3.6967225587330663
-13.022615301947909;-3.7680402310058474
0.0567038842986512;0.0144455406943541;5.467465574030503
-8.24158577601773;-7.1530012690852995
0.1600605037519947;1.4970038492830542;1.6299192899191532
-2.599697593489111;-15.545408853058822
0.7483789274369462;0.3050646352955557;1.6997062668589298
-15.661945437269834;-2.55332002190813
0.23072827565146936;0.5569900835700062;2.5741517547010835
-7.171192228318552;-8.222061083256294
0.8266551912225593;0.20282817550727192;2.232677991088259
-17.769050770801442;-1.8137464944851296
0.9408394338423236;0.6421567225560764;0.07529396225009577
-16.041286946471274;-2.4065433500569937
0.4978332566735011;1.3349866601526892;0.7815750705774597
-5.936377354596955;-9.668898969459512
0.7769792974691782;0.2456640732616258;2.1349655921068345
-16.59475442467136;-2.203514686227327
0.19967210046853967;0.5177702159621784;3.233796504421504
-7.0501816383966815;-8.352867803672769
0.5432475167149574;1.2319980988795822;0.45615192630247076
-6.908404282082079;-8.508938002028422
0.5884093181025423;0.4781963910711557;1.5497243607991371
-12.017995389632578;-4.3331506931593635
0.033982434893795474;0.030863126733044248;5.769534217509402
-7.892936126137692;-7.484816952537679
0.6791391631330327;0.9883318934911902;1.1157038240528587
-9.859065743384669;-5.789654982861042
0.17108900708990252;1.5342159692705566;1.2594600999857377
-2.552245733377807;-15.664663239376074
0.8256583137205347;0.23478054902706205;1.9103556703268034
-17.485022892725578;-1.9031260301714945
0.6996813776659898;0.9373508743085427;0.38507213173556687
-10.442020323835717;-5.359889632577912
0.03680032117800153;0.033458323528370394;5.626567141947946
-7.909894159312839;-7.468328652208879
0.15053840026981935;0.7799872641675913;2.5414089558500432
-5.2828476822186;-10.550862782126082
0.41899151708366567;1.6108429634986132;0.01679333854401794
-4.034082859043904;-12.535542081688003
0.18560961156602707;1.4536904371767656;1.6740869494552262
-2.9056522519895185;-14.812835606481347
0.607700313168804;1.06386209240575;1.0109501703725954
-8.543925863891436;-6.877001990640997
0.2112617275382695;0.09747760229517372;4.037514260166908
-9.580906996707874;-6.005402616112856
0.5256526015637484;1.326276950331158;0.00912725207004531
-6.2507648521400965;-9.275454071380372
0.48207917235561065;1.3591786677508477;0.7723232682589121
-5.670929278896386;-10.016152832332276
0.006335383464152912;0.634680137234609;4.532148075184639
-4.653344120064176;-11.495447193433511
0.8902281808071495;0.6783898424612205;0.1063477670860974
-14.963416467980114;-2.840684757296251
0.1823957154679474;0.6268445450827763;3.061659231042574
-6.31487970682623;-9.197463962441928
0.08715775266049072;0.9215982397834654;2.811901777911702
-4.135876445682066;-12.355986524769389
0.11038186691161282;0.7615917723522033;3.475057438283492
-5.005440755349724;-10.95454917916848
0.43167252102058534;0.18888545606168836;3.543005385139912
-11.851923456006768;-4.432868010232461
0.024222192004868744;1.2255715471985362;3.161534300870856
-2.5989289607785158;-15.547327755855303
0.09051142438178608;0.906619911805044;3.506602891107539
-4.223207251166314;-12.204774944622507
0.008929162283512903;0.6434391867986781;4.4698053819455605
-4.638156672916411;-11.519546157464584
0.7163619749370511;0.44373046373305;1.3845849684945233
-14.105072289405221;-3.226143941853644
0.07416017678621974;0.9775419400408843;3.1828825550272186
-3.8143897138887977;-12.935827165041692
0.2198617604865711;1.4052789102713095;1.319405880447039
-3.3092425686628157;-13.930351850942655
0.05312340914729385;0.009510364043420786;5.508639636887704
-8.228908439962506;-7.1648074431996704
0.027364333386585976;0.04656082763364953;5.735727411097154
-7.732489828863583;-7.642643598328835
0.021240756969111742;0.4972257500771017;4.618405931683912
-5.393199021537702;-10.395385619065362
0.7952908956815844;0.2357777047100128;2.1137243222650337
-16.974416589804445;-2.0715716366197343
0.3727803509739966;1.7046468343128174;0.1678283823057225
-3.3323724812879845;-13.88231993730105
0.3213775174325909;0.35199860183661313;2.9205892524271424
-9.371199685004624;-6.172878921690369
0.6556804979097296;1.0119041411724228;0.5238906898906766
-9.424187108353797;-6.130161707236396
0.276663631312247;1.8962618022830573;1.0758268844739698
-2.104833209685859;-16.87711314593005
0.6884665337051015;0.3321195146859217;2.1458984293164276
-14.52560989993988;-3.032660819972788
0.5105382734063856;0.15112510290876444;2.6443353320194127
-13.229048456222703;-3.659582573278629
0.9129544014355533;0.6620076261162416;0.316746758382157
-15.443622421403118;-2.640709477099602
0.9771391529688804;0.5825219994585555;0.00904758024692389
-17.1138750500011;-2.0245556787298424
0.4504059924234073;0.7172711004381497;1.407000350163558
-8.730662120497172;-6.711712392001859
0.7128682663326085;0.36668387489741205;1.859894997090242
-14.63388214964798;-2.9843029142021242
0.0365668189320812;0.013393781545626118;5.825949785401855
-8.019638060184906;-7.362499640681011
0.21752564587899545;0.0911807903336846;4.06610674930789
-9.697034679583489;-5.914459163916119
0.5839083130875573;1.1189767175595227;1.09704815939986
-7.958504834059334;-7.421265839287825
0.4206048486640852;1.522319487117038;1.0643449237655171
-4.405306701907464;-11.897514389585005
0.8358712304580983;0.7582062240681121;0.923281858557444
-13.546497758699024;-3.4975991533700954
0.6387213306106468;1.145621647377372;0.0263391208422875
-8.42989235583241;-6.979861203549269
0.32498154410767155;1.9159621007266854;0.20071911226544137
-2.3272589308673113;-16.253248068492073
0.1362461211283224;0.7480861379740756;2.6854890126285262
-5.297923127197813;-10.529455980089551
0.5540108789143001;0.5620432498783103;1.7277445935450344
-10.988474324870218;-4.982710737417031
0.2150926431431076;0.08052891597898938;4.58572937927379
-9.732869613986166;-5.886649540606682
0.1908464950523982;0.5925886809299655;2.850342454050362
-6.572050692870194;-8.891903291947056
0.5675675940186797;1.1723687303055674;1.106129362968616
-7.484101854194696;-7.893670819144981
0.3928253712612424;0.7775723960703645;2.1945019376049646
-7.731996165168061;-7.64313435419474
0.24671232661894213;0.5053303116146525;2.606611885494746
-7.622160623629159;-7.7531228657736095
0.9642128711583197;0.5727652138963562;0.13876930247596403
-16.981448374628318;-2.069182562005204
0.4430804334511033;1.4942426765271855;0.1784302231136367
-4.712813534259405;-11.401713440134174
0.21880920930306266;1.307722711432823;1.7341600078831705
-3.659007869848611;-13.230155090942285
0.2820966980356008;0.024967279324531546;4.418957848164458
-10.944008447088377;-5.012521162875009
0.2745329300947716;0.37421077569386957;3.416386604213383
-8.679777265300194;-6.756371335847785
0.17885332697690645;0.17105985606525534;3.637214236902573
-8.748894415549119;-6.695779638774986
0.86613436290942;0.7008789494281167;0.38207138200067225
-14.423908640992284;-3.0786211006943276
0.18695657286817777;0.6076817929094332;3.0984969436283536
-6.456420220949203;-9.02787533985306
0.5855476925494288;1.1872522567815815;0.08406630360151024
-7.598898250247591;-7.776623838757553
0.11693509947437858;0.846788796548542;2.5239598116552635
-4.69211692048487;-11.434221494082504
0.007406768438629871;0.08110602664722671;5.56513408088415
-7.327286000465082;-8.05650338793472
0.8747108354753935;0.6704215488300662;0.2667384570477563
-14.786241935200495;-2.917240591872566
0.2164014459073073;0.08816497587457456;4.114811110308074
-9.701783830773714;-5.910766755433275
0.3365908042741915;0.28933879271042884;3.439651989378665
-9.945970794379157;-5.723699820161662
0.37428008383343636;0.9543936272793454;1.5283862825780863
-6.59778338522744;-8.861951440964638
0.1622831755518705;0.6086200479521938;3.3912113480719657
-6.205891170026782;-9.330481835359762
0.7862761584722537;0.8260323751085653;0.5451177032904672
-12.350651703656421;-4.1389323434610565
0.09615475591277872;1.1498436126062639;2.453411186662551
-3.337933999864031;-13.8708091084518
0.45371773767894014;1.4365860801857693;1.1544073220243132
-5.057172036036331;-10.877828689143112
0.45597318453695473;1.4137237936924445;0.8088967208636548
-5.179504748454867;-10.699056419258753
0.7095703719650057;0.3178460495692859;2.0498126114359643
-14.957470822811075;-2.8432291848430933
0.15732751012652788;1.5187597558815655;1.495809284904457
-2.5147921684062;-15.759944260319807
0.4126757267600282;0.7964771979475811;1.3958150954459094
-7.847142128283479;-7.529525316986251
0.969282949963508;0.5514382303256937;0.5108840100116384
-17.240825354580867;-1.982420988966323
0.8053923647013227;0.8288886709024367;0.30218754665240644
-12.59928976804931;-3.9984331245470135
0.0901188626840633;0.9596906782442233;2.7626209621675986
-4.008055664928735;-12.582038146565798
0.6139867617861237;1.1328195729659625;0.21864049188426193
-8.219901002650552;-7.173207545981415
0.3030404748323044;0.33771526255511913;3.125950923475252
-9.23553142111994;-6.283508862915556
0.19957351319507488;1.3800343021338104;1.502074142457138
-3.2547598311256865;-14.044519864305956
0.3555977259962675;1.7282335505487925;0.4732361846939634
-3.1281569518555115;-14.315576035974345
0.8768948862984777;0.6840043892154771;0.2150469136217432
-14.715760375094785;-2.9481211578985267
0.601299141060154;1.252499387573726;0.03712187765667089
-7.415534040331676;-7.964446200319271
0.00044954402373940846;0.0006252209985884169;5.924803555684075
-7.689006343772058;-7.685993806234263
0.23991320785142167;1.2050839662027133;1.8478934479444755
-4.224581986807787;-12.202415042306354
0.941579940238286;0.6188367391698458;0.005711388209219802
-16.239790282830697;-2.3322357284567143
0.08788371034381404;0.25276905806061506;4.441965161571551
-7.269920246606693;-8.116938257709549
0.5428725309728354;0.5535267375008719;2.082978793478149
-10.897957129321224;-5.043555560428436
0.3477894913400012;1.7610412731068894;0.20522425231193708
-2.962667294973829;-14.682752489669587
0.25511752430450435;1.9824670283408432;0.7843456355026137
-1.7576911136200266;-17.952242890670203
0.08321421567881128;0.26947423943532306;4.001130403593488
-7.131366494135033;-8.26487038298974
0.253673407138084;1.2456308505029046;1.80999138292042
-4.172001118900191;-12.29312551739429
0.7842780814582896;0.2749326155421211;1.6517996062450415
-16.475891392881195;-2.2460323717621575
0.0020532438703345307;0.7704260352314217;3.5957044509336535
-4.0599881376672915;-12.48950316006557
0.004863275032108727;0.00560301344455556;5.866719967908918
-7.710196454962394;-7.664837552146113
0.4290088571671968;1.466069253784552;0.9995216241440844
-4.712943207651836;-11.401510141603579
0.9024823772131697;0.6283804396203243;0.3299563159873069
-15.543064381280622;-2.600636918414457
0.3018566682404298;0.3205741824151571;3.5697867873375753
-9.324933127926407;-6.210402433203677
0.2768974329117685;1.9122738891910815;0.8797442957260139
-2.0613306284081423;-17.00459988545113
0.0003031070192321901;0.0003032460460458071;5.999296030099955
-7.689166415747907;-7.685833767831301
0.8187310335587054;0.2680669147557058;1.2210055257277217
-17.094416421301112;-2.03106974532236
0.17148149031483279;0.15774565502740046;3.7546124002293806
-8.740500748515712;-6.703110166890799
0.1056135346850371;0.22938932985194777;3.9772776553741176
-7.587937435055506;-7.7877223003561165
0.08019683588632942;0.2786017843194622;3.9680533334160892
-7.051328538864459;-8.351617776879298
0.9558914556345304;0.5530395665962753;0.5307041761355955
-17.006771872392903;-2.0605950809922677
0.038646343446976886;0.03389121718615809;5.551868899676559
-7.928091770965672;-7.450675604179921
0.05417894382811632;0.3680212066968471;3.733365379644988
-6.326776784531808;-9.183073293978568
0.6429692816227914;1.109913336463099;0.01684944261206816
-8.686623627767485;-6.750346133160165
0.030681120258180393;0.040159851946947635;5.664335994545944
-7.804562678412822;-7.5713364041492754
0.6033221811376561;0.0792310996728465;2.803006073814358
-15.159333609005499;-2.7577877203783747
0.22559287422648702;0.08922714329892609;3.624310609050683
-9.80928636019233;-5.827741703497799
0.3507249344593021;1.7209535294844567;0.8615077904021631
-3.1196175807949844;-14.334157847019362
0.45108162966834603;0.6953473735007456;1.7427805275331263
-8.867760182731814;-6.592785438536401
0.11750707651375471;0.8411558200042598;2.954327473207478
-4.721128552073227;-11.38868688881748
0.10250477668810076;0.016160200231197373;4.784578295708896
-8.76183552048081;-6.684492635885763
0.16063994657240938;0.11844602492540411;4.54596253652901
-8.84422785330363;-6.6130553028900705
0.28626289082686024;1.9876730173839028;0.011434539766005294
-1.9068319022787739;-17.473451495310776
0.0011136196948094276;0.0013277114626280987;5.922956329988446
-7.692448212748939;-7.682553405552043
0.8646805928433079;0.7112043851008998;0.23636847394355526
-14.32400567380038;-3.1242808673575033
0.35018341284121424;1.6672087899063315;1.205655367032961
-3.3046525805528684;-13.939914187015802
0.4777440163347565;0.15202153559434992;2.8905800142529747
-12.75212414583563;-3.913992678008836
0.34360759411247854;0.326410587038852;2.901574524468431
-9.802105266760643;-5.833254653713485
