200
2
0.0001967719440823359;4.0001728034028385;0.00021968175831736403
-1.6869481975130467;-45.68452005217446
0.0001967719440823359;4.0001728034028385;0.00021968175831736403
-1.6869481975130467;-45.68452005217446
2.000218126706032;0.0002361030825825237;0.000259012878864909
-45.69020206950816;-1.6880004158838586
7.490650255489893e-5;7.491212800241776e-5;5.999182249146667
-7.687911960434231;-7.687088050786051
7.490650255489893e-5;7.491212800241776e-5;5.999182249146667
-7.687911960434231;-7.687088050786051
1.012159577249658;0.5261841204579476;0.0019985315595907717
-18.171651267449658;-1.6921658929946053
0.2722116168030728;2.038275675498287;0.01185652008397182
-1.7029066877403358;-18.13528354855389
0.021357252580242295;0.025739529484736203;5.675485190836377
-7.781150516015809;-7.594425783582576
0.0547661354223675;0.025874053465041347;4.982465361400372
-8.154618892923462;-7.234378501746833
0.02603364012538843;1.2551932850677257;3.4641563044348826
-2.5178191569735744;-15.75220520996001
0.16299790444301068;0.0089672351486043;5.289694225406445
-9.531664272121775;-6.0443499610101865
0.8879707825826834;0.6766789122047635;0.38292200386308006
-14.941822971477302;-2.8499337889106657
0.19836978914246642;0.06433353370338186;4.650690222526934
-9.626227023672882;-5.969760533275821
0.6738357273785257;0.4641980494623093;1.4772778141242586
-13.32712898698417;-3.608921528742006
0.037553664420580044;0.029395378209477446;5.476079627598044
-7.941005310904807;-7.438173853956299
0.015132101780140862;0.6648737633624457;4.279497560052588
-4.599876714480395;-11.580581872304197
0.8973464925755109;0.6502157149230068;0.28518304788840165
-15.291953208322653;-2.7027032358144862
0.7897598424498233;0.25021547192767246;2.0728459943675435
-16.765722861970904;-2.1433765192791814
0.5274952870047962;0.12428426476175004;2.8729348144251015
-13.672598934936872;-3.434829533210608
0.04222398712466449;0.015101390013759777;5.760628535922405
-8.07371516204077;-7.310902735449511
0.37943113731783346;1.6818461959336775;0.4735965334465778
-3.462987751835594;-13.61581088611371
0.2629650406613492;1.9566427673855453;1.0238472718938332
-1.8655190167155082;-17.603358563406825
0.04640860584736038;0.023678913526571838;5.3729245982616805
-8.072540744198406;-7.312019464348769
0.2876709118854351;0.03217789862605243;3.972302385635253
-10.96992863787522;-4.995125461282229
0.06437447998220522;0.35290617479009395;4.374643570100276
-6.504881775417149;-8.970611138499667
0.14420489450376126;0.695149599233271;3.5430751575631887
-5.61586831698086;-10.090006229464096
0.027342143363131823;1.3364089712396843;3.0953203978998847
-2.280832402067214;-16.379803931714843
0.1686302716791089;0.11134590823811885;4.015888388378047
-8.981067915521992;-6.496006929200902
0.3012337663230989;1.9019302389182722;0.6758522619676067
-2.2290584404955345;-16.523148209488348
0.33050193570462183;1.766269380639719;1.1771815232781617
-2.830151545126888;-14.988072146662116
0.014975135879361102;0.04427093528756291;5.578817030763133
-7.608941431995281;-7.766468730812531
0.10784176414091931;0.18254869498898163;4.688870972937224
-7.870839500288058;-7.506356334066632
0.05906261758424691;0.02188891187855139;5.205882512750696
-8.22606120801505;-7.167461651825682
0.08617413311280095;0.009568080162619685;5.084012212384143
-8.609288412321101;-6.818706365628298
1.0021927104501427;0.5054248213026954;0.39632511994212205
-18.17866617693271;-1.6900995813592212
0.488092818411326;0.682053801073598;1.937081347714794
-9.391738633420907;-6.156288440181311
0.32100676114285376;1.7882272253256712;1.18365040309826
-2.6971304863167855;-15.305481219756384
0.7199202798972575;0.4140025433988613;1.2812753556510041
-14.381952726058667;-3.0977345457064738
0.3230662296978011;1.8669449614249023;0.048607880605531256
-2.4634144039498893;-15.892351926272193
0.458112578787216;0.1981613654349221;3.3756096920260448
-12.152466466349077;-4.253764752814469
0.42548842275891124;0.8390232888811892;1.8223773779277586
-7.753387449017748;-7.621898326014782
0.09172775448319648;0.2578481988481612;4.131710829423425
-7.28387447795812;-8.102194066657571
0.7100237154680786;0.9636287175669225;0.225510594466515
-10.406120965444421;-5.385515118382835
0.8443053287756349;0.7363506156354186;0.19629509675955287
-13.83172941796676;-3.3568689568923973
0.0007037912459626967;0.0007676554717517179;5.915066687507099
-7.691020008117546;-7.683980810895637
0.2483633862497777;0.44616858692308303;3.2917262766776325
-7.9681261507993835;-7.411986109458186
0.2338785565257929;1.2935088233888337;1.4090221014600028
-3.827731480270027;-12.911000293979754
0.18243274659790112;1.3618922989050122;2.3169178569776596
-3.1979150199020556;-14.165209882703365
0.404441297839258;1.5407419363853159;1.064617469029185
-4.197891720692393;-12.24834446846719
0.2508068191975739;1.9884237396521558;1.1127677556982742
-1.7206487202863308;-18.07555983411342
0.1362166632155497;1.5089752598258321;2.2290900572440036
-2.4155553193725536;-16.017516586714613
0.9308744796317185;0.5691220146893831;0.9485541923103094
-16.46783261299615;-2.2489362226815577
0.009766667426813164;0.1557330205157846;5.155957253271129
-6.956952083232601;-8.45514862551634
0.35292857253748977;0.9163580943670137;1.6596451047621492
-6.574055428546661;-8.889565870759034
0.7294250844231497;0.9802070587450733;0.12112934548363866
-10.549136332404116;-5.284062121290632
0.2509790030023142;0.5319399258616707;2.6005023086692685
-7.523498356304581;-7.853299474732047
0.9438922462667902;0.5795112745515778;0.8083544362983818
-16.59458151179;-2.20357611398797
0.47635080057475804;1.4057856303821006;0.7309635205173567
-5.4008229767664195;-10.384747298324848
0.3421879679372178;1.722003694352091;0.9221644351691831
-3.057218693536259;-14.471124036790469
0.221755987757168;0.05667758409848889;4.225262905183396
-9.964729999169228;-5.709551693594909
0.09492358259685832;0.21841949844859646;3.9065845575627676
-7.531168545325789;-7.845464211129467
0.2647995092810733;1.9975374453437316;0.8462381610156154
-1.7686818775232775;-17.91600457212071
0.6919294676477487;0.9522645986735303;0.34929024313037055
-10.247542522824975;-5.500004819983336
0.06330333908032305;1.3500043786159783;2.649121404726396
-2.4555145809750676;-15.912889285983722
0.33645203793751466;1.8214075947102826;0.06553167197774593
-2.689790979183066;-15.323329686370851
0.08417778844896277;0.9977972543514656;2.9130613211025436
-3.8135442703024722;-12.937402722291413
0.5117690373559681;0.11285617772975368;3.189848012802933
-13.525591950893071;-3.5080910840890622
0.39904588487267056;1.5813071972451775;1.1347801214113316
-3.9932415546246514;-12.608611257122853
0.1308173333390001;1.6467146419936303;1.3828676946491731
-1.9880066737843813;-17.223886402256312
0.9167344012038323;0.6177819886920508;0.36128409052349497
-15.851671904477898;-2.4791169536061455
0.12072151615289614;0.8936222733416119;2.5040498186650817
-4.52585193674105;-11.699823588135066
0.3704023950582078;0.8513891969356904;2.1923511761725263
-7.091514673525561;-8.30794314853758
0.8556866323731596;0.730116709127502;0.004484839072358861
-14.047275483848397;-3.2534533720414105
0.24183909792917496;1.2069714160764953;1.8551474235036516
-4.232540371213735;-12.188765793613335
0.5201107212634062;0.1305807391227417;2.7346910149784853
-13.51797007801184;-3.511922340567064
0.21167518625757029;0.5255534984899932;3.33240846510179
-7.135828286097342;-8.260062671820721
0.7352372773182284;0.3328954547690658;2.341285451400833
-15.238271257725753;-2.724901159184453
0.17955616872203473;1.4026624461589063;1.5919911554414727
-3.036971231467145;-14.51602242733035
0.009387501794325357;0.09191259673761194;5.800244204929357
-7.290592345212337;-8.095105869850908
0.9873806225352546;0.5431383096017791;0.36686018998559483
-17.610970374438118;-1.8631180842820885
0.19203983760983528;0.5620961266044883;3.0559472227710223
-6.740099374347145;-8.698280339580142
0.6090905162604124;1.096435933684982;0.7538911896081925
-8.371919912687686;-7.032723825493414
0.7020567875343539;0.38300979145381686;1.5230067165042191
-14.346223746794546;-3.114082127030746
0.024049812151707966;0.6561007709209533;4.510695812613023
-4.713159087891785;-11.401171700684696
0.543553763213668;0.09779274661038861;3.555356971959237
-14.107475022557464;-3.225012444571045
0.509336209721681;0.16492882328522615;2.955148167335624
-13.111967906850774;-3.7207883491112788
0.3263639923031932;1.8465423684524018;0.09977435408820075
-2.546713671924556;-15.678671894230728
0.2933819564119634;1.9263369654937184;0.18063190219699327
-2.114304173755211;-16.84960775312292
0.5905600579137794;1.138815768893176;0.7796920008343883
-7.921963565908652;-7.456615749630438
0.755239065992254;0.276197569978427;2.1802361230634926
-15.99949159677949;-2.4224054147126015
0.7644148115194013;0.7909301965571928;0.859360318290842
-12.290442409250742;-4.173548717953035
0.16028835294112714;0.8059933835434558;2.5627199563825833
-5.25333762381503;-10.592921078088247
0.23133662551147594;0.46037393539455274;3.4173394477975756
-7.700151522808555;-7.674859050896163
0.1561465006926641;1.478830061044566;1.638088390700943
-2.6323548834326127;-15.464262539684226
0.0935984902955281;0.20661165834279316;4.757721468233803
-7.581096202077651;-7.794657657346756
0.24684999977682548;1.1837258444803118;2.282064908488818
-4.368493519570117;-11.958777813763387
0.6393005450472822;1.035432869120594;0.991108958818387
-9.084055999048484;-6.409205568334808
0.3942373939095514;0.2878834161258794;2.5250850640363427
-10.691344265726432;-5.184839177100975
0.2347830931692733;0.08318353709426117;3.7758710341769937
-9.961896122480601;-5.711686980793464
0.025645081650333124;1.3186806618853812;3.167543105663186
-2.3231309336868797;-16.26442641811875
0.1412985481474625;0.7128308711973073;3.240095669711359
-5.506315339103652;-10.238886863029855
0.6955314847205869;0.3732225771397355;2.1431240381482435
-14.321621221858255;-3.125376906542435
0.25754184595210466;1.1484755676368572;1.7787539365043823
-4.605029951714559;-11.572340584773684
0.6958062584091198;0.9384553404199333;0.6983892470322646
-10.38521589671197;-5.400486956330601
0.8335696737929519;0.2026340089148719;2.028425728564263
-17.887055249686625;-1.7774965243052785
0.1859223463334027;1.4925433569933426;1.325830599218899
-2.7796228424273295;-15.10730815001924
0.5970402211932281;1.1336926217894643;0.6013445745911835
-8.023279702159908;-7.359013675593
0.11408412241369535;0.8219996606325765;3.336001718349147
-4.77406296346867;-11.306208537325713
0.24227668696592744;1.3835369736196863;1.3263971109388246
-3.551261714224618;-13.440081310790763
0.7136601015596908;0.057425687219050746;3.6144481620433573
-17.098530822145623;-2.029691147241982
0.051385961542560143;0.019444096391916178;5.344424980687715
-8.152746573514037;-7.236140479888789
0.6505241146026951;1.0543646024134743;0.09001429190111947
-9.105112759082752;-6.391592864371675
0.05873675416430208;1.5280565141858615;2.4634471501742023
-1.9190378841983802;-17.435450948628205
0.1230026524338297;0.1814426008904165;4.579900201149409
-8.046763214619688;-7.336573470870018
0.33578345205513654;1.018559712044592;1.717170182804822
-5.89944356511939;-9.716364452396896
0.6975899546012239;0.3770817333296852;1.7310030003747865
-14.323563863015641;-3.124483928415253
0.09871335760076753;0.012102433543243554;4.923233714852561
-8.741128638492764;-6.702561540251559
0.24224037318671698;0.4919192991251806;3.1346441139467216
-7.646643291932434;-7.7284673722016475
0.07093134302494394;0.29632991496104555;4.438249761443395
-6.861790365796126;-8.560929883818858
0.30905060323499706;1.0738747263715835;1.2224366009019918
-5.388475141984742;-10.401983860902227
0.2167404247831737;0.04919945056870141;4.500635758339637
-9.948719888102643;-5.721624499128534
0.6441594131520898;0.4291485212076874;1.9934823499006844
-13.151110291190307;-3.700236935128892
0.4979142836784256;0.8035860624512705;1.7988900623154072
-8.781790957673065;-6.667123403711678
0.9654411753642899;0.564185708554177;0.1328555066923606
-17.072191243690003;-2.0385281797715726
0.799416321186415;0.7954850128346662;0.4537673937630562
-12.751279376344488;-3.914455451424686
0.9209951442543309;0.6486312105361263;0.3255083581401389
-15.675080817828405;-2.5481309601305147
0.8283689027607474;0.2699593546964538;1.2113278114340007
-17.237935951210424;-1.9833729921349754
0.6151562205269755;0.5922834698632057;1.545421115049803
-11.60374030962782;-4.585421626529621
0.43498736021312656;0.2281306827800007;2.9060842124588544
-11.62960597571643;-4.569321561607657
0.5371412269190955;0.5456862922668102;1.8913546710552633
-10.87419279067059;-5.059635013385404
0.5966032190149186;1.1096091695263985;0.8937286400404568
-8.154273480070149;-7.234703526532323
0.271434057066695;0.018498674571492138;4.448957631022454
-10.846495226736899;-5.07843139155602
0.12864318018774426;0.7945438805944431;2.8258377574690785
-5.021229281827571;-10.93106200423607
0.17309820779201088;0.669649675885259;2.9995372142698016
-6.013129079942695;-9.571114943256305
0.07925769952220835;0.3184044054401822;4.174549386415194
-6.833674959189516;-8.592454029542935
0.9377566612494546;0.6108862421868293;0.42236527993175427
-16.242230593975094;-2.3313327105422164
0.40829093142789585;0.8541078138501687;1.257386545732129
-7.482515466528959;-7.895300927467106
0.2599135800754888;1.2993566162311379;1.2421254596298958
-4.007754164455749;-12.582578181337514
0.295507350806091;0.509805694079273;2.7131000635010216
-8.140744444335478;-7.247445361473481
0.049796212890452975;0.3936024445754806;4.758431729438628
-6.156886787781424;-9.390996994521748
0.7751694622075205;0.8169756047510097;0.5171036010557226
-12.258820016780819;-4.1918235004764774
0.0007583581893790836;0.0007628987782394618;5.9759011131838315
-7.691646565043828;-7.683354571438121
0.1551132105444033;1.461547629497907;1.9705858833882577
-2.680773878682539;-15.345307171182643
0.8116676696414423;0.7231933017873234;0.8855769276316329
-13.448536893892246;-3.546974481441074
0.3984267119382375;0.8652522021129521;1.4356141169108698
-7.315985112563618;-8.068371673164869
0.8057456795814656;0.7690245795092895;0.2536853793883203
-13.030817562915006;-3.7636829867249486
0.03648842520431682;0.4433355122842666;4.2452331807368
-5.787692898110328;-9.861638178742291
0.1741590782100411;0.11221259649496164;3.8598502887884667
-9.041826415015718;-6.444665255839391
0.3774780458012105;0.02143753556086596;3.8211964081843846
-12.259901530285841;-4.191197413828735
0.08352818260532802;0.27430243366220297;4.07330320867801
-7.109148342714805;-8.288855095681823
0.4429116720666285;0.7598724010597839;1.8032613878545767
-8.396093826965199;-7.010633453156995
0.012690000735292016;0.19020126937089007;4.876576504304585
-6.80814907690058;-8.62118302380395
0.11393667571628757;0.18544681959810208;4.581878750956021
-7.9226459356931045;-7.455954085513899
0.5072215241220622;1.414691378565581;0.023395775504254666
-5.646332909157102;-10.049064542693126
0.0016883789032660717;0.0020282326250107173;5.848460663970957
-7.694918707018534;-7.680084930021797
0.5501316838227474;1.2242121011186515;0.6311921350588918
-7.021145254427237;-8.384581322631963
0.12255327214988135;1.5657423917522073;2.267716319811402
-2.168081880587991;-16.69507620256488
0.3534505666747694;1.7442568769601123;0.07427730227953917
-3.058150348943691;-14.469063528660003
0.41545373602836966;1.5947233883705425;0.009807089336484909
-4.069927214288377;-12.471902293740213
0.6636037785484726;1.0359611919970784;0.5518462816315237
-9.374179453233152;-6.170469437134617
0.6213798080069219;1.071306460307427;0.9385660084030009
-8.659888540986984;-6.773903828216395
0.14036487945028583;1.53377357680528;1.7034701217825847
-2.3658778111133123;-16.149359808065103
0.27403832577722526;1.0478747398901003;2.404456878449343
-5.188408643257897;-10.686187614950043
0.0038459163997325903;0.0042065283184866365;5.845712322562191
-7.706681321992708;-7.668342972701943
0.9582288945517491;0.5806122625015169;0.26513609340187244
-16.819133667253425;-2.1248328746316276
0.31665039673449535;0.36867402467748234;2.6905698930283184
-9.21297455511433;-6.302080098407738
0.3636146735899363;0.009326297759970601;3.8305675969506794
-12.151351560175856;-4.254418016556933
0.5699851878305224;1.1470183362061221;0.9015259321115999
-7.64878589074992;-7.72631345674577
0.48867883942229867;1.421906412599364;0.012567791590068069
-5.440105541031751;-10.330141612334181
0.6325225237897625;0.41233604954159925;2.042793781105019
-13.104512124543437;-3.724713146126252
0.7728793870825924;0.2405919281969241;2.3684050583536544
-16.56937814864017;-2.212542842989304
0.014275178859569944;1.4713790783198917;3.4445878319642995
-1.8336967536862676;-17.704812680294538
0.01973033081073477;0.06958481519780231;5.521203831357343
-7.52272461995886;-7.854090309298521
0.4556365947854864;0.2426880092304665;2.420537923237676
-11.811724635243731;-4.457287651498163
0.17287103298882642;1.4482483739862522;1.5233872246504694
-2.8392354651514564;-14.966804853246046
0.188675093815058;0.6452716474815864;2.453190711810176
-6.285713879465855;-9.23284993783203
0.9772421067945849;0.5903475169551159;0.012649063901902041
-17.051120758590965;-2.0456170956163726
0.04763175477714191;0.0426121472011643;5.096729413629337
-7.9798546588997965;-7.400689673015482
0.384606184239749;1.6135624973416882;1.0089200019618452
-3.756501431367551;-13.044352848851643
0.5767592344171439;1.1677506566216695;0.6145335196888688
-7.609425522338615;-7.765979587999816
0.033019229301126864;0.42543944168842707;4.804908613362966
-5.839963659669355;-9.793374473617261
0.7457391626125726;0.35390646572569046;1.3581133448683944
-15.238214962772048;-2.7249245082780464
0.1508485438857617;0.7271396924522122;3.231345785463085
-5.5285670841337;-10.208435735621277
0.07788374615766396;0.3721111915988182;3.8942468167958944
-6.544414250160468;-8.924194942278863
0.5789380570693128;0.10321019596756441;2.8123475358083923
-14.600482748892443;-2.999157649010771
0.31415040758416124;1.0468917155394606;1.8975983786827815
-5.560468389832261;-10.16496829391478
0.3544997153480378;1.6999193202556253;0.42582928065999026
-3.219362834947187;-14.119481620102231
0.07176994775696921;0.0218836899988017;4.853345598513354
-8.371409362673592;-7.033191102007089
0.4466670606444807;1.4506884823539483;1.1220855702870585
-4.932694897940732;-11.063592869655588
0.03239370876822063;0.058021855936673854;4.912214670803951
-7.724756361622481;-7.650335184025041
0.5523649383591916;1.2254099081819294;0.6022634532998064
-7.038323496944539;-8.365803843043546
0.9506871670158616;0.5850328657859768;0.692487326119995
-16.660132936374975;-2.1803767856717617
0.14954958622350079;0.7016331071338947;3.403237684676138
-5.635596927796599;-10.063470209352426
0.7954204910226224;0.7639585971359083;0.5867949600667548
-12.919087595474702;-3.823381361472002
0.017707715203899237;1.5012341314622395;2.7882828817695975
-1.7741216085615032;-17.898127320160352
0.11303383326285354;1.7045922894086583;1.6525881951985701
-1.7416496346149415;-18.005420486327402
0.2791800742585585;0.5498387523027244;2.434935511830925
-7.734440293372604;-7.640704935014282
0.4197221120326594;0.7621661335019935;1.8612405632238695
-8.118501401379405;-7.268442405182824
0.30557019371518573;1.9074170289492667;0.058949566705740315
-2.238311602993583;-16.497354659701433
0.6173238528241763;0.08721567793246454;3.03136970216285
-15.31497641066558;-2.69322410579081
