200
2
0.8591755613369852;0.8597630291979156;2.614015883936423
-0.9348918718451971;0.0329266332815418;2.614015883936423
0.5961883254114182;0.6139344324831579;5.450130758857093
-0.9998956568082311;0.036159594113966506;5.450130758857093
0.9047996887183283;0.6273317514934654;3.9881501649144093
-0.9542544371922325;0.0007972987977728774;3.9881501649144093
0.7923186669820174;0.5989959640195008;4.233333772500649
-0.9816762209661569;0.00046162535738296373;4.233333772500649
0.6598484790685964;0.8858862753774672;3.7172118692163885
-0.9582405835855593;0.012981098882400222;3.7172118692163885
0.8874579426417744;0.758398120102845;3.0026775107758703
-0.947563792969204;0.03062039185789081;3.0026775107758703
0.6144837530803915;0.607144219545132;5.391559744216876
-0.9998695990148463;0.031609629925993435;5.391559744216876
0.7463130669637067;0.8616017273081001;3.0518113209314235
-0.9560725414349062;0.03332294041381503;3.0518113209314235
0.6588108734960442;0.6546757101113138;4.812551667064775
-0.9967811156934109;0.0010535186746009756;4.812551667064775
0.8754110367663328;0.7499065392039429;3.0374152254279494
-0.9520272650576863;0.0318038207193007;3.0374152254279494
0.7894423632992805;0.8528965217324961;2.796699016717591
-0.9513031192334526;0.0370904942958992;2.796699016717591
0.8162598896781134;0.8779897917922348;2.6987442418134675
-0.9398609575940041;0.03365320836385947;2.6987442418134675
0.7089745252573033;0.817198312365054;3.3917590031957783
-0.9709063357076502;0.03141858099966072;3.3917590031957783
0.8625096321840834;0.7119423823729124;3.3098335407960393
-0.9600967657148359;0.028338401862052245;3.3098335407960393
0.6754964866370136;0.883215966918693;3.5978340829924593
-0.9579540164379784;0.01757397801005966;3.5978340829924593
0.6518680715032311;0.647481136178102;4.907714797768055
-0.9975306762410626;0.0052050720616945365;4.907714797768055
0.7504863776121339;0.7843535183221307;3.229996642954351
-0.9720809609982729;0.03730358880913591;3.229996642954351
0.6836600010681234;0.6761907668362949;4.4750395818729025
-0.9936184348670235;0.011136278431946235;4.4750395818729025
0.7813017372263887;0.6937003608731146;3.6666486504248503
-0.9793903049080256;0.028350761690742913;3.6666486504248503
0.6507465419505459;0.6583531063316829;4.843542891797301
-0.9970143177716047;0.002340437225603703;4.843542891797301
0.5979125817305124;0.7798063644894752;4.302711863748558
-0.9839626470032208;0.0012471075379587582;4.302711863748558
0.8238588246065109;0.8239427485866438;2.7111100964377894
-0.9511042851853987;0.03885750127851252;2.7111100964377894
0.620663609799269;0.645505107918609;5.122881085322425
-0.9987519296800897;0.01603021252946949;5.122881085322425
0.6410571369715651;0.6534702565784957;4.942690224648871
-0.9977302014798624;0.006733799414847738;4.942690224648871
0.6253252054230151;0.6099518581532146;5.3130974982096975
-0.9996298657613749;0.026629580079927773;5.3130974982096975
0.879950561146249;0.7147652798864738;3.2964405598601623
-0.9552600297748897;0.026342950259568745;3.2964405598601623
0.8099732206208848;0.7954391131524136;2.858919823738946
-0.9596922679151022;0.03987973318161068;2.858919823738946
0.8668126435290796;0.806044052460117;2.7235938009181933
-0.9447626291263593;0.0354995400945155;2.7235938009181933
0.6468402621479962;0.8737783338801107;3.7897596993864875
-0.9621602201899992;0.01109885215098037;3.7897596993864875
0.6295442927878784;0.6420184480167238;5.093863644294395
-0.9986816621668057;0.014013318888229147;5.093863644294395
0.8203340174409289;0.7157647381953293;3.3304561358802554
-0.9695005112891155;0.03249094840341058;3.3304561358802554
0.7697507457790053;0.8278948051056297;2.9399578486940223
-0.960428558582919;0.03830686246719257;2.9399578486940223
0.6836752599736021;0.6342745534862785;4.765137838402797
-0.9959201980232149;0.0009963687643814445;4.765137838402797
0.640690923240076;0.6417590466235857;5.023501816004772
-0.9983016592111562;0.01041958126357588;5.023501816004772
0.779417262399768;0.6923957244546849;3.6902747218765537
-0.9798421791475803;0.027997670797247895;3.6902747218765537
0.7954391131524136;0.7218377825758558;3.3788255643231864
-0.9738281326383655;0.033869866078504327;3.3788255643231864
0.7678052353304697;0.7244775732236727;3.507267398341978
-0.9784098456781618;0.03325986018168784;3.507267398341978
0.6555073204599035;0.6318636464206423;4.985006048005871
-0.9979539187898899;0.009147967835639842;4.985006048005871
0.8648366152695867;0.7050224687383174;3.3541071472776225
-0.9602284290830135;0.026775481875819716;3.3541071472776225
0.6791128472354678;0.731855254022629;4.09026931167938
-0.988247283798415;0.020742589892164227;4.09026931167938
0.7886489002143876;0.601063545711866;4.240819528993669
-0.9823626225999639;0.00029543968892224715;4.240819528993669
0.6293459270166551;0.8568333193460033;3.8954034643748146
-0.9671397559575963;0.007647161186310418;3.8954034643748146
0.6568501041420299;0.8766088608464115;3.7225626735480946
-0.960912237695846;0.01363918975566748;3.7225626735480946
0.7320383608883735;0.643376490604329;4.342197311621752
-0.9903886626690607;0.010850291913845182;4.342197311621752
0.8234010574421496;0.7767851012046906;2.9158060904657637
-0.9602318605869622;0.03891345898451276;2.9158060904657637
0.8799200433352916;0.7086769766004685;3.3419750006144286
-0.9559181775294682;0.02527289207045373;3.3419750006144286
0.8140778661946578;0.7509441447764952;3.098567354708101
-0.9662750699347477;0.03739533675169585;3.098567354708101
0.7142846243638944;0.8430240098877707;3.293271132858682
-0.9645816235546925;0.030801808952738326;3.293271132858682
0.6510822378710776;0.6522037674237627;4.881194409587962
-0.9973362399422017;0.004020226241215563;4.881194409587962
0.7865813185220224;0.8363329798353564;2.8298939827694074
-0.9556792518065476;0.038499853563676176;2.8298939827694074
0.7738401324472995;0.7611218347307948;3.218486571365815
-0.972300545974187;0.037804149594925535;3.218486571365815
0.7241876540195772;0.614903372981056;4.575486877463403
-0.9922081729305562;8.273136845413087e-6;4.575486877463403
0.8843146081131601;0.652768346926475;3.763994410968252
-0.9590523212898208;0.011213887191961418;3.763994410968252
0.6621678327013604;0.8597096230287401;3.6740539643647203
-0.9649712567305012;0.017437054575525565;3.6740539643647203
0.7827208154359088;0.7178780966041306;3.4708632820464573
-0.976636189880735;0.03295742276343956;3.4708632820464573
0.8158326403247095;0.7630444568211122;3.023327828314044
-0.9640774823066197;0.03838361532870175;3.023327828314044
0.6163911162652302;0.6187333582562122;5.318240418682334
-0.9996902442822235;0.02656981759539892;5.318240418682334
0.7762891867766325;0.8452899573513591;2.8717562446293146
-0.955402539218084;0.03738661709939866;2.8717562446293146
0.6384707524929237;0.6470233690137407;5.001762466019319
-0.9981561040533575;0.009493547428108477;5.001762466019319
0.6347475795561185;0.6250734334826163;5.169373220835649
-0.9990823855900208;0.01790766613612206;5.169373220835649
0.7275446132248934;0.7029243692349948;3.9461355991792084
-0.9866592600439248;0.02532653883884607;3.9461355991792084
0.7193353220773474;0.8652028290010757;3.2468329084523004
-0.958594883441932;0.02924180082589121;3.2468329084523004
0.8715886809439158;0.7919982299669645;2.7882099461954253
-0.9461900174737031;0.03481103243704865;2.7882099461954253
0.6053055214349474;0.7715818144364505;4.309464893688677
-0.9853737838514813;0.0012864667455579348;4.309464893688677
0.69020607151849;0.6336107910979546;4.718621585014389
-0.9953773073774937;0.0002599244295485442;4.718621585014389
0.8691930327837584;0.6534855154839744;3.7382723198079284
-0.9630376276017687;0.013745830041189032;3.7382723198079284
0.741506511737913;0.6860098725118448;3.967393573962889
-0.986382670697393;0.023584762666167203;3.967393573962889
0.6298189530864952;0.6467410792623846;5.060261183550056
-0.9984642312747016;0.012449885514235245;5.060261183550056
0.6543934203599576;0.7091042259538723;4.44323966496187
-0.9925963548609402;0.01053668222608329;4.44323966496187
0.7517376078613881;0.664845770612874;4.054672262133871
-0.9864776222081699;0.019404075783830965;4.054672262133871
0.6181687787535;0.6216554386553852;5.290778600459362
-0.9996005485296152;0.024869375581196743;5.290778600459362
0.8322893698834982;0.7687589169228891;2.942540815901128
-0.9596189871363571;0.0379813913206957;2.942540815901128
0.7780439609066842;0.6990562366961418;3.6437769126310653
-0.9794580259702408;0.029328288997387434;3.6437769126310653
0.7164056122254351;0.7467479457698499;3.7059915968293438
-0.9826103627261636;0.030176197052864825;3.7059915968293438
0.7526912894538075;0.7896788763342005;3.1892045288176627
-0.9707887893910336;0.037655360312731846;3.1892045288176627
0.6077393168588017;0.6215791441279916;5.350916977524485
-0.9997372562798098;0.028798172092020263;5.350916977524485
0.7969726331530239;0.8674840353701428;2.7619749144287216
-0.9463214545423588;0.03543674002013515;2.7619749144287216
0.6241884169648511;0.6180924842261064;5.274184849251992
-0.9995438952970203;0.02400005702435444;5.274184849251992
0.8700093842268694;0.6692937415599179;3.6255780933791115
-0.9618917649482861;0.018014560124769055;3.6255780933791115
0.6268816137818435;0.8384081909804609;3.9271075735518166
-0.971629671670421;0.008554835218829632;3.9271075735518166
0.6943030876395236;0.6818518207688963;4.353993821485877
-0.9922339166193174;0.014869170461836757;4.353993821485877
0.6796240205690046;0.7558880301515972;3.921973888605911
-0.984796230994276;0.023563757692122173;3.921973888605911
0.7125603680448002;0.6862234971885467;4.178522577504407
-0.9899981901753276;0.019409218171534542;4.178522577504407
0.8382174546619771;0.7414531055687376;3.1385205581451037
-0.9623488458838508;0.03511168731161435;3.1385205581451037
0.6711400691228419;0.6634953574780081;4.6642309731468234
-0.9954640337821041;0.004761600784277217;4.6642309731468234
0.6671727536983773;0.6562168595646635;4.742226990117904
-0.9961710919641856;0.0016833311664803258;4.742226990117904
0.7369135811888213;0.6500980384677008;4.261826183552062
-0.9894287020222218;0.013549505690349628;4.261826183552062
0.885687909606244;0.7606030319445186;2.9848712213759603
-0.9477112063567255;0.03110546105534755;2.9848712213759603
0.7353190255662961;0.7058388201814284;3.860867371681686
-0.9853517969910759;0.026950043761481166;3.860867371681686
0.6708272615605283;0.678708486240282;4.552852635306916
-0.9944099195797137;0.00860277233392396;4.552852635306916
0.6862158677358073;0.8337618542621937;3.521140445938256
-0.9694378707308073;0.025913308441663105;3.521140445938256
0.6195191918883658;0.622509937362193;5.275941350336689
-0.999556250419969;0.024076044431801225;5.275941350336689
0.7843306299639127;0.8223176751531612;2.87357245322589
-0.9591560795777218;0.03925639221843015;2.87357245322589
0.6486026657307872;0.6297045112954048;5.047787044948087
-0.9983790266450503;0.011921706296960682;5.047787044948087
0.8040298769369273;0.8038238817129647;2.845649918229232
-0.9592666595692544;0.039969138020518484;2.845649918229232
0.6211518947745878;0.6258668965675093;5.247556332196455
-0.9994419062969631;0.022308982453750667;5.247556332196455
0.8329989089882582;0.6024902533741254;4.075337654971034
-0.9732178307415209;9.902800663252886e-5;4.075337654971034
0.7137124154084428;0.7826216325502972;3.5042540611924062
-0.9771251029840592;0.032252445090137964;3.5042540611924062
0.7408656377078072;0.6808523624600408;4.010638018815932
-0.9868964921719109;0.02230696766494218;4.010638018815932
0.6003921538708028;0.7877104775274469;4.2470977057056585
-0.9825365955245837;5.675401059335172e-6;4.2470977057056585
0.664136231508114;0.6873526561939712;4.531794014687832
-0.9941452349609411;0.008851612344629535;4.531794014687832
0.8360125428203035;0.828673009285044;2.6719521034844003
-0.9474352967270944;0.037880955298155605;2.6719521034844003
0.7945769849928664;0.6731084679295954;3.7522136632375034
-0.9786291377997499;0.023869129997057894;3.7522136632375034
0.6810430987785246;0.8582295091973052;3.534135432779009
-0.9640373583571635;0.022458579910425103;3.534135432779009
0.7566891226892295;0.6114396014373888;4.369157555604986
-0.9877346671429579;0.002569144000480604;4.369157555604986
0.6316042450275042;0.6325274088089662;5.142828389285304
-0.9989720983394199;0.016404199092995994;5.142828389285304
0.6659291529018624;0.7063652524204439;4.380002923052496
-0.9922004653942751;0.013257542004100606;4.380002923052496
0.8343798399340815;0.6588261324015229;3.7213134966920913
-0.9712249087503818;0.018887965713394586;3.7213134966920913
0.822592335451778;0.7372416476566136;3.16677421879446
-0.9663866086637227;0.035550975589977704;3.16677421879446
0.6577885268289706;0.671185845839278;4.69816959490436
-0.995805352970743;0.003182810586383311;4.69816959490436
0.8518818045181619;0.6038025192452945;4.042992521151822
-0.9687686457248422;0.001185173094553807;4.042992521151822
0.6068085236246004;0.7341746076553929;4.548182905447788
-0.9910160087288695;0.0016559288214280793;4.548182905447788
0.7595501674664876;0.7662869742353381;3.273258956566367
-0.9737956455306696;0.03722724294180205;3.273258956566367
0.70333635968292;0.7241418773031411;3.963358027468084
-0.987039910233035;0.024901685861558467;3.963358027468084
0.6691792997688276;0.7403620938270098;4.103062089787966
-0.9878310020221042;0.019329264538327343;4.103062089787966
0.6888327700254061;0.8080277101723493;3.576656354997027
-0.97474108741847;0.02757740284916451;3.576656354997027
0.7849409861830611;0.8642186295976989;2.8183867017296755
-0.9493219118017854;0.0356491937154548;2.8183867017296755
0.8346773885909163;0.695386469928512;3.4494415924735184
-0.9684232672879998;0.027853488046496473;3.4494415924735184
0.8265901686872;0.7654782522449665;2.9760390232978913
-0.9614015817604235;0.03810121186112409;2.9760390232978913
0.6083954497943862;0.6164826696981025;5.373533280705464
-0.9998289336447045;0.030390914180631362;5.373533280705464
0.8546207780515903;0.7160470279466854;3.270738594239549
-0.9616071048518557;0.029968469088454294;3.270738594239549
0.8510578236223115;0.8195329249032967;2.6775878072623973
-0.9459057282020908;0.037011563491675115;2.6775878072623973
0.7487316034820822;0.6971030967948669;3.8349686104615257
-0.9843487237667276;0.026783778829275025;3.8349686104615257
0.6320009765699507;0.6208314577595349;5.212526503806135
-0.999271259593454;0.020325038402023626;5.212526503806135
0.8188996803259302;0.7380427401942459;3.1722199895921994
-0.9670680303065025;0.03580410004093994;3.1722199895921994
0.6738561542980522;0.8367602291887603;3.6075762947217522
-0.9697130569481308;0.022736415741513014;3.6075762947217522
0.8190217515697599;0.7002235429652631;3.4534098866061145
-0.9714090398495612;0.029682831588813643;3.4534098866061145
0.6503040336916633;0.6541187600613408;4.873969069772517
-0.997274054158055;0.0036902184950273267;4.873969069772517
0.6956611302271288;0.6390887381648115;4.64184189854279
-0.9946747390985526;0.0032209660691272235;4.64184189854279
0.6409121773695173;0.6554233964797705;4.930392641856242
-0.9976300332490322;0.0062113295947535535;4.930392641856242
0.8477390116806921;0.8285585674939536;2.6560450941820917
-0.9447765652421176;0.03690539498644405;2.6560450941820917
0.7755033531444789;0.5990112229249795;4.320815689946157
-0.9847167896777762;0.0009965742172763914;4.320815689946157
0.6948142609730604;0.8701238260179597;3.4364984573167616
-0.9598499462439226;0.024018609329959487;3.4364984573167616
0.8356768468997718;0.6899390406726126;3.4892430359330913
-0.9686845095926863;0.026613747827225413;3.4892430359330913
0.7716199617001472;0.6890311357966293;3.7511697172390033
-0.9814835973758241;0.026880484603512767;3.7511697172390033
0.7588329989089883;0.7431239557186563;3.42850049599413
-0.977403029968734;0.035070393608079266;3.42850049599413
0.6911063469417339;0.6371355982635366;4.689022907460702
-0.9951719829681511;0.0016173589706498168;4.689022907460702
0.6820349276346408;0.6381503154778708;4.751107597383779
-0.9959157752636024;0.00011107867807719218;4.751107597383779
0.7707273157296427;0.6130723043236108;4.275012001641669
-0.985447574421622;0.0042011465447232;4.275012001641669
0.700414279283747;0.6691106346941734;4.402887246644708
-0.9925978779950329;0.012950658279262329;4.402887246644708
0.6106537678052353;0.6155976531803373;5.366339595748761
-0.999821621134811;0.02985622115895295;5.366339595748761
0.6340532993568372;0.6269884261201945;5.15983617754709
-0.9990564442581665;0.017471312150718926;5.15983617754709
0.8393618725728803;0.8716726049240487;2.635960666831491
-0.9365521663235066;0.033313680690957574;2.635960666831491
0.63082604084809;0.7649975967223871;4.2014873999205795
-0.9860115348084225;0.010155003309659235;4.2014873999205795
0.6115158959647824;0.6218614338793478;5.327217679669584
-0.9996947775142969;0.027259606213480753;5.327217679669584
0.6022003341700299;0.7803785734449268;4.276315131304135
-0.9838610161908087;0.0004902918174960261;4.276315131304135
0.7039314569965897;0.7859099266809592;3.559787615985417
-0.9775731811522799;0.030572304879065947;3.559787615985417
0.7491588528354861;0.6993232675420192;3.8141423295085497
-0.984071484787087;0.027279373296580398;3.8141423295085497
0.7760068970252764;0.7107598171983124;3.5673217178731216
-0.9786090204573296;0.031460520783165684;3.5673217178731216
0.7107140404818763;0.6971336146058243;4.1098232624933235
-0.9892123397650866;0.021446524188864884;4.1098232624933235
0.7055031242608968;0.6350451282129533;4.593649984276273
-0.9938395189384032;0.0038602307492674667;4.593649984276273
0.7725889021980453;0.7270563282495747;3.459412072410899
-0.9772965714248089;0.03392785246885788;3.459412072410899
0.6243181176614201;0.6304903449275584;5.200761144376495
-0.9992397731287898;0.019597646944804786;5.200761144376495
0.748189912337588;0.6871848082337054;3.9126167066025497
-0.9853279781887894;0.02458844732314736;3.9126167066025497
0.7402781698468769;0.6437198159776;4.281813932502161
-0.9892633600047018;0.012009807085086286;4.281813932502161
0.7097374705312388;0.7039848631657651;4.06634849143056
-0.9886374647015858;0.022633769272604166;4.06634849143056
0.6535694394641073;0.829878462817862;3.767635914891584
-0.9725275291742481;0.01766536840078589;3.767635914891584
0.7444057037788679;0.7092491855559201;3.7757432339446853
-0.9837394575385487;0.028673563905413195;3.7757432339446853
0.6284685399516293;0.799101250467304;4.036382019483593
-0.979977288239084;0.010576150462951687;4.036382019483593
0.6139496913886366;0.7936995979278406;4.146926750315839
-0.9813196180572616;0.005345587599345572;4.146926750315839
0.6121491405421489;0.7997726423083672;4.1308368215010445
-0.980170880054311;0.004712002909426707;4.1308368215010445
0.6985069160989082;0.6354113419444424;4.644210027855148
-0.9945361933571581;0.002609727559716661;4.644210027855148
0.8126282701741804;0.7378214860648046;3.1968880208344115
-0.968407052175022;0.03597435919721862;3.1968880208344115
0.7179849089424816;0.7126137742139756;3.9366254187751437
-0.9867869189538948;0.025637172381700928;3.9366254187751437
0.7054649769972;0.8661641400462344;3.3510876855838374
-0.9598453460046066;0.02668543599780236;3.3510876855838374
0.6433612316988503;0.7787687589169229;4.040845846158112
-0.9832230936145481;0.015013530667170986;4.040845846158112
0.7857878554371295;0.7740156098603047;3.0758393004684086
-0.9681199541064535;0.03912282641599218;3.0758393004684086
0.6497089363779937;0.851088341433269;3.7634251301648476
-0.9677725708493014;0.014802577564963774;3.7634251301648476
0.8521488353640393;0.8412539768522403;2.6289008242956857
-0.9409255520936858;0.03557860836404916;2.6289008242956857
0.830565113564404;0.7598858633870192;2.994453198256169
-0.9614027333316596;0.03745662987659021;2.994453198256169
0.6977134530140153;0.8190141221170205;3.4726633538874854
-0.9716520107133297;0.02917592546580298;3.4726633538874854
0.6649602124039643;0.6740163728055787;4.629997106014172
-0.9951626117128681;0.005892381444954617;4.629997106014172
0.6189469829329142;0.8154206498767843;4.030974339296067
-0.9768887305909941;0.006982008568283148;4.030974339296067
0.6767019401698317;0.8843909026405536;3.591132993265979
-0.9575467954726552;0.017675763993628826;3.591132993265979
0.6429721296091432;0.7972091461879439;3.9508803191882853
-0.9798370216056624;0.015334459055512;3.9508803191882853
0.6370440448306643;0.7749769209054634;4.104027832798064
-0.9841326421775852;0.012819202187478028;4.104027832798064
0.7853834944419437;0.8092102753469493;2.9109046859067593
-0.9616853222644051;0.03970152859330469;2.9109046859067593
0.7442607441768202;0.6199769590527271;4.402808151893222
-0.9894509154252187;0.00448484008837461;4.402808151893222
0.7766782888663396;0.6701558697194651;3.872237646019211
-0.9820937252967125;0.022596599621489567;3.872237646019211
0.7721463939391627;0.8727941344767339;2.8946837232390576
-0.9493046494158429;0.03392519061519088;2.8946837232390576
0.6086548511875243;0.7860930335467037;4.212562893098421
-0.9827969302715165;0.003193630309998398;4.212562893098421
0.8075852019134667;0.8020080719609982;2.8392655550780237
-0.9589182636010674;0.0399384323589314;2.8392655550780237
0.8249574658009781;0.6489841383677549;3.811879409784699
-0.9738454596205882;0.016571334436263616;3.811879409784699
0.684682347735197;0.790205308573216;3.685474548454201
-0.9785586260712205;0.02660590309598805;3.685474548454201
0.8064331545498241;0.8119950255968139;2.8058412947521556
-0.9571661672730358;0.039814733883469865;2.8058412947521556
0.7228143525264933;0.6302843497035958;4.493917572349695
-0.9920316633453599;0.005238973868564173;4.493917572349695
0.7209985427745268;0.730115738798056;3.8048317000156944
-0.9843385596532909;0.02887495979251019;3.8048317000156944
0.635510524830054;0.6428424289125741;5.053638889342539
-0.9984529623539438;0.01175528959178361;5.053638889342539
0.802389544597966;0.755239526668752;3.114272836195938
-0.967993003809256;0.03799079010377698;3.114272836195938
0.7630139390101548;0.7364252962135026;3.4544310452509626
-0.9776606010396157;0.03459028833091456;3.4544310452509626
0.8428866797384623;0.7440471195001183;3.088527710391438
-0.9609126626156812;0.03503000786477652;3.088527710391438
0.6858420245515789;0.6669362406634572;4.524918156217212
-0.9940928594226452;0.009261992592744316;4.524918156217212
0.7725660138398273;0.8137879469905623;2.9643381608727726
-0.9629612010094243;0.0390572689211489;2.9643381608727726
0.689282907737028;0.6567280328982003;4.575137831493167
-0.9944208678226786;0.007214868923613352;4.575137831493167
0.7845976608097901;0.8476245698896018;2.824850059706513
-0.9534225235942361;0.03749466829030017;2.824850059706513
0.7389735334284472;0.7734662892630711;3.36879492792471
-0.9756005018372845;0.03557173257232013;3.36879492792471
0.645978133988449;0.76650059891204;4.093789488835499
-0.9851925062172007;0.015155054917067826;4.093789488835499
0.6703466060379489;0.7508449618908836;4.023064249455125
-0.9862440658182662;0.020773779662612485;4.023064249455125
0.7037407206781058;0.6361056221437237;4.600027763742695
-0.9939852847211665;0.0038727840515336565;4.600027763742695
0.8441607983459346;0.7864287294672353;2.8194813570332693
-0.9539108282774633;0.037865644505576224;2.8194813570332693
