200
2
0.6032989753644971;0.5993698072037292;5.492544111732564
-0.9999943598251978;0.03894376735412554;5.492544111732564
0.8599690244218782;0.8597401408396975;2.614025951169181
-0.9347048974505507;0.0328348316823413;2.614025951169181
0.8947211816496403;0.7752439517513409;2.9190369875942217
-0.9429089931791704;0.030415035822005915;2.9190369875942217
0.8106598713674268;0.5925872237184426;4.1871362559714065
-0.9780286984803888;0.0031336926223934636;4.1871362559714065
0.6470920340883949;0.8870764700048066;3.808840569643978
-0.9585675160926952;0.009036842332277424;3.808840569643978
0.6009033272043396;0.6032531986480609;5.484426570137256
-0.9999943003655021;0.03834878896052166;5.484426570137256
0.6096314211381617;0.6050690084000274;5.429315854678618
-0.9999407721943856;0.03423828730402455;5.429315854678618
0.6082352312868597;0.6183824034302019;5.364397397535515
-0.9997971546807849;0.02975867790339415;5.364397397535515
0.7989105141488201;0.7994827231042717;2.885232914085363
-0.9610975419176923;0.03999854544519323;2.885232914085363
0.8726339159692075;0.738218217607251;3.1152296370397554
-0.9543576678499975;0.03090732561535313;3.1152296370397554
0.6121796583531063;0.624508853979904;5.305704094405748
-0.9996255561211108;0.026073623067802573;5.305704094405748
0.736432925666242;0.8809881667188013;3.13888301469364
-0.9523866834920157;0.02940014391217413;3.13888301469364
0.7806074570271074;0.596936011779875;4.30175496448722
-0.9838181353810018;0.0016110540348185654;4.30175496448722
0.8538883505886122;0.8207307489833754;2.6738049827286585
-0.9449807906441516;0.03666628171742711;2.6738049827286585
0.6505634350848014;0.6678746633503979;4.7731649716377635
-0.996424591602788;0.00021160848157493473;4.7731649716377635
0.6981330729146799;0.7918227525539593;3.574880597145593
-0.9770543156175506;0.029556261790400287;3.574880597145593
0.8671635983550899;0.7873366343432185;2.809840771412805
-0.9481565043020851;0.03532869022623882;2.809840771412805
0.7871458980247347;0.8322588520725408;2.8391735447635815
-0.956491017880724;0.03879413852537142;2.8391735447635815
0.6778997642499104;0.7364939612881568;4.065267829340675
-0.9877264546136715;0.021058515476902403;4.065267829340675
0.6204805029335245;0.6225709729841078;5.269955597590634
-0.999535657929234;0.023708309454806537;5.269955597590634
0.8320986335650143;0.8621815657162911;2.643283585274212
-0.9405368266464444;0.03510313060832952;2.643283585274212
0.7645779768217226;0.7759000846869254;3.1851070835183197
-0.9714034717380216;0.03816447435586021;3.1851070835183197
0.8416354494892081;0.8297335032158143;2.660314683784738
-0.9459338990983128;0.03738240813234678;2.660314683784738
0.8443744230226365;0.7155740018768454;3.2819638594881053
-0.9641213560571471;0.0309031614223172;3.2819638594881053
0.6240281984573246;0.817778150773245;3.994653969927452
-0.9762834265820519;0.008717862416909028;3.994653969927452
0.6461383524959755;0.8057617627087609;3.8943053451179015
-0.9780120134984385;0.01629339551783524;3.8943053451179015
0.8887320612492466;0.6388903723935883;3.8714094341717753
-0.9584486107937616;0.006170309198983273;3.8714094341717753
0.777891371851897;0.6104172547703153;4.247020333988545
-0.984248444364715;0.003569591272585354;4.247020333988545
0.6547977813551434;0.6690038223558225;4.734557397144311
-0.9961253636789733;0.001756317143226327;4.734557397144311
0.717199075310328;0.635617337168405;4.50294908583789
-0.9925259615992489;0.006122347030929398;4.50294908583789
0.8619374232286318;0.719175103569821;3.246668836177986
-0.9594385978364601;0.02963109172084818;3.246668836177986
0.6041534740713048;0.6020248567570248;5.474242521880648
-0.9999893243611113;0.03755001906041566;5.474242521880648
0.8261247720700994;0.807913268381259;2.756905313924581
-0.9539155152854568;0.039254876467811534;2.756905313924581
0.8109574200242616;0.8351733030189744;2.728135109034496
-0.9513200260381681;0.038642773701147326;2.728135109034496
0.6560642705098764;0.6505634350848014;4.857383618298373
-0.997154125502488;0.0030487811575084234;4.857383618298373
0.618191667111718;0.7073113045601239;4.682835366631192
-0.9940941818923801;0.001645464169962474;4.682835366631192
0.7074944114258684;0.869185403331019;3.337714174345535
-0.9588621912180705;0.02665609604847773;3.337714174345535
0.6423465144845161;0.6461307230432362;4.982030867679211
-0.9980412853414137;0.008530375886378214;4.982030867679211
0.8484409213327128;0.8436343661069191;2.6285239950855654
-0.9412558376482965;0.0357495192348853;2.6285239950855654
0.6257295664182009;0.6288881598522938;5.201182074715311
-0.9992520116989638;0.019649445859522427;5.201182074715311
0.7096230287401485;0.7874510761343089;3.5093512124518895
-0.9766982217646266;0.03167452757570906;3.5093512124518895
0.8476856055115166;0.7589245523418605;2.974481959571004
-0.957621583092668;0.036038890626683466;2.974481959571004
0.7949126809133981;0.6738332659398342;3.7452173539681723
-0.9785130532534937;0.024056074401102485;3.7452173539681723
0.7198464954108842;0.8612355135766111;3.2415046929395643
-0.9595377815614382;0.029825627579091275;3.2415046929395643
0.6524097626477253;0.7159020683446377;4.4004438196056395
-0.9919425999414103;0.011144659729589213;4.4004438196056395
0.6322069717939133;0.633297983535641;5.13720255381419
-0.9989275531128126;0.01594406260785204;5.13720255381419
0.7380198518360278;0.7814085495647397;3.331143351481205
-0.9743552871238869;0.035812819204285314;3.331143351481205
0.6237611676114472;0.6229524456210755;5.249508340921514
-0.9994544449461813;0.02240596255323865;5.249508340921514
0.7110192185914505;0.8468311068047089;3.313526674292984
-0.9640371660783954;0.02988926797536988;3.313526674292984
0.6062897208383242;0.6149110024337954;5.393711657733374
-0.9998690592825819;0.031781609272956896;5.393711657733374
0.8041672070862357;0.6089523998443591;4.129308003330181
-0.979334326338899;0.003483448859870779;4.129308003330181
0.6159257196481296;0.7986968894721181;4.113597343247885
-0.9803290079947145;0.006114961215893125;4.113597343247885
0.7277963851652921;0.6207322748739232;4.516574850835911
-0.9916541499578849;0.0026497207329225225;4.516574850835911
0.8938743123955719;0.7044502597828658;3.4042669757069084
-0.9525278018366156;0.022057860616696748;3.4042669757069084
0.6631367731992585;0.6511814207566892;4.803958136347042
-0.9967025535769601;0.0008785123783088267;4.803958136347042
0.8079895629086525;0.7958053268839026;2.867468842349867
-0.9600214105069752;0.03991857160197778;2.867468842349867
0.7820570530475849;0.8420932166535694;2.847217808736504
-0.9551594891906027;0.03790621176641849;2.847217808736504
0.8679189141762861;0.6803183007682859;3.5423319564937135
-0.9616393573580476;0.021063311966123818;3.5423319564937135
0.6698735799681089;0.8241334849051277;3.6655230618699677
-0.9728172183753975;0.02248468971601783;3.6655230618699677
0.6850180436557286;0.8731527187554836;3.5171575575113394
-0.9599056911270565;0.021427829453925185;3.5171575575113394
0.7593670606007431;0.598805227701017;4.417835783931137
-0.9873806564455422;0.00213037216466333;4.417835783931137
0.6732534275316432;0.684682347735197;4.4848439296505545
-0.9937510242408211;0.010637145443657531;4.4848439296505545
0.7069298319231562;0.8776464664189638;3.3513449153749963
-0.9567044406892884;0.02530897006679677;3.3513449153749963
0.8174424548527134;0.6166886649220651;4.038528313775229
-0.9765006467466867;0.006092715200656115;4.038528313775229
0.6395617642346515;0.6559803465297435;4.9323585891594455
-0.9976532916419865;0.006482088081190343;4.9323585891594455
0.8189073097786695;0.848059448695745;2.6871345811237592
-0.9467436208383083;0.03733280302799449;2.6871345811237592
0.6367007194573934;0.6401187142846244;5.06367302932339
-0.9985228650171335;0.01222868054773453;5.06367302932339
0.801336680119935;0.7828581455852172;2.954696675314181
-0.9636888751505431;0.03970437011347937;2.954696675314181
0.616085938155656;0.7200524906348468;4.605461507323957
-0.9926911614648842;0.000215986397776452;4.605461507323957
0.8634022781545879;0.7450847250726705;3.061173687022354
-0.9557918031372248;0.03296446370446409;3.061173687022354
0.6518070358813163;0.6595433009590222;4.82419121940876
-0.996890158776913;0.001689238919769298;4.82419121940876
0.6380206147813018;0.6348391329889908;5.089957521098344
-0.9986712174464919;0.013515433227655735;5.089957521098344
0.7895873229013283;0.8477619000389102;2.7993573768815407
-0.9525004914171551;0.037610377060311964;2.7993573768815407
0.659558559864501;0.6423541439372554;4.8881440727268
-0.9973330149596342;0.004576014041088559;4.8881440727268
0.8756780676122102;0.7794935569271616;2.8599603198414836
-0.9473296311835164;0.033852315874982185;2.8599603198414836
0.6644642979759062;0.675549892806189;4.617284364990674
-0.9950804249363532;0.0061422442962850154;4.617284364990674
0.6923270593800307;0.681394053604535;4.36692963915477
-0.9924539763537488;0.01433916733788463;4.36692963915477
0.6610386736959358;0.6482593403575162;4.838073569219112
-0.9969772359693987;0.002335477996920729;4.838073569219112
0.8456409121773695;0.8562000747686368;2.6240734880568213
-0.9389538321487076;0.0347584587316173;2.6240734880568213
0.6493579815519833;0.8138718709706952;3.8423589478653684
-0.9761991231398668;0.01711455347367978;3.8423589478653684
0.8304277834150956;0.7127205865523266;3.3270028008028723
-0.9676339181144422;0.03145645398467413;3.3270028008028723
0.6323977081123971;0.8764104950751883;3.8867415617827046
-0.9620140853964938;0.006070907996387397;3.8867415617827046
0.8287798216233949;0.7410411151208124;3.124225145516554
-0.9645280144714498;0.03569557176112828;3.124225145516554
0.7698422992118775;0.8666753133797712;2.906027409517381
-0.9512474365010928;0.03464491566888339;2.906027409517381
0.6121643994476276;0.7843230005111733;4.203669865538063
-0.983083252093899;0.004472018852156902;4.203669865538063
0.85592541447002;0.7930510944449954;2.7785802915201643
-0.9499145256655146;0.03682406072794411;2.7785802915201643
0.7404765356181001;0.6997657758009018;3.87169434147127
-0.985266187166626;0.02641005748718161;3.87169434147127
0.6070297777540417;0.6128052734777334;5.401561977135234
-0.9998933092898032;0.03227937231140077;5.401561977135234
0.6141862044235566;0.7226388751134881;4.59095146013164
-0.9924081934092627;0.0005115102702307819;4.59095146013164
0.6674016372805579;0.7571926665700269;4.000328686839197
-0.9854801865478491;0.02058520640873837;4.000328686839197
0.7094704396853614;0.7555752225892837;3.6990187296969124
-0.9820689948991673;0.029830837861246514;3.6990187296969124
0.824484439731138;0.755476039703672;3.037371604693565
-0.9634034234329018;0.037418129170583285;3.037371604693565
0.7803709439921874;0.882636128510502;2.8648735843278317
-0.9453420783785005;0.03278597042503797;2.8648735843278317
0.6597645550884635;0.6580479282221087;4.780980330480045
-0.9965353338471803;0.0001836293084277879;4.780980330480045
0.8705129281076668;0.6511203851347743;3.756007332244715
-0.9628137720362631;0.012862787247265091;3.756007332244715
0.8386752218263384;0.7599621579144128;2.9783619818676432
-0.9595634123752729;0.036901198417813114;2.9783619818676432
0.7463359553219248;0.8293749189370646;3.0876907617614715
-0.963663094365983;0.036257284446230435;3.0876907617614715
0.6021621869063332;0.6137131783537166;5.42267334594289
-0.9999036414863904;0.033842580208758855;5.42267334594289
0.6314745443309352;0.8850241472179201;3.907094441932287
-0.9597190383714501;0.00437006518139952;3.907094441932287
0.8340441440135499;0.6310854422412281;3.908776732229747
-0.9725133432353394;0.01030886843554318;3.908776732229747
0.866026809896926;0.7634717061745161;2.941404302902453
-0.952422413300225;0.03430614412503431;2.941404302902453
0.7577877638836966;0.8376986518757009;2.993848493372444
-0.9601182608062504;0.03679693876881617;2.993848493372444
0.8399951171502468;0.7548199067680875;3.0094197542588916
-0.9600370227552575;0.03635914977969374;3.0094197542588916
0.6772741491252833;0.7089134896353885;4.2713493090408665
-0.9911229148890551;0.016641613156674298;4.2713493090408665
0.8865118905020943;0.7009635998809806;3.4136141086684813
-0.9549069708679923;0.022707484253219133;3.4136141086684813
0.648900214387622;0.8506076859106896;3.7692806619436294
-0.9679278577483343;0.014607716914658404;3.7692806619436294
0.8840475772672827;0.6606190537952713;3.715242349686254
-0.9586983040439078;0.013508956590574678;3.715242349686254
0.6019638211351099;0.6089676587498378;5.452448528327846
-0.9999578631393303;0.03571168354292517;5.452448528327846
0.7720166932425937;0.7515468715429042;3.2934506381415485
-0.9740641661413721;0.03686922888564108;3.2934506381415485
0.7427882597981247;0.8266740926673329;3.1199519319207747
-0.9647514112885037;0.036015309563447666;3.1199519319207747
0.8069061806196641;0.8023971740507053;2.840544330843122
-0.9589777632319666;0.03994655822581921;2.840544330843122
0.6657841932998146;0.6702703115105554;4.647031441477699
-0.9953779761961834;0.005156325156250127;4.647031441477699
0.6340075226404011;0.625988967811339;5.168147456091111
-0.999084450349553;0.01783334186334022;5.168147456091111
0.8118424365420268;0.8588322359637143;2.7010613351599266
-0.9455999623493141;0.036398524708257926;2.7010613351599266
0.6681722120072328;0.806967216241579;3.7353240347314607
-0.9765381712727214;0.022572892210777087;3.7353240347314607
0.8509128640202638;0.7753431346369525;2.872139741622791
-0.9542293380958011;0.036799919267722685;2.872139741622791
0.8172135712705327;0.8084168122620564;2.780340649969504
-0.9557015015217247;0.039632850235459594;2.780340649969504
0.8034500385287363;0.7571774076645482;3.0973878213653716
-0.9674918016810823;0.038154322819821944;3.0973878213653716
0.6748556126069077;0.6750082016616948;4.5451292731667
-0.9944009369817939;0.008715932652164096;4.5451292731667
0.7138726339159692;0.6611988922034623;4.351755290960229
-0.9916786749198622;0.013316329285881251;4.351755290960229
0.7623501766218309;0.6106003616360598;4.337914938462892
-0.9868522233992815;0.0027102677872013273;4.337914938462892
0.6218690633320871;0.8602970908896704;3.9399933297321104
-0.9664589870613518;0.004633630232054833;3.9399933297321104
0.6449176400576787;0.6793493602703878;4.725993799583785
-0.9958516705069365;0.0013928847675556133;4.725993799583785
0.7476177033821364;0.7209985427745268;3.6779580298408097
-0.9819490883268341;0.03101486475728988;3.6779580298408097
0.8741445476115998;0.6832937873366344;3.5267289440559653
-0.9597844567032743;0.020882245985244498;3.5267289440559653
0.8800726323900787;0.7113243967010247;3.3226011214906244
-0.9555990092087328;0.025725010921686078;3.3226011214906244
0.7449702832815802;0.8389956588413913;3.077012841348603
-0.961685645074564;0.0354510688694163;3.077012841348603
0.8497608166566212;0.7350214769094613;3.13485007791773
-0.9604958356571867;0.033301652662638466;3.13485007791773
0.6437121865248606;0.6921592114197649;4.6376021668016545
-0.9948114694164817;0.003944483677553054;4.6376021668016545
0.7882216508609837;0.6943259759977417;3.622626357077621
-0.9780813917123342;0.02869427114272957;3.622626357077621
0.6826605427592679;0.6970649495311702;4.323658049884339
-0.9919057514018409;0.015635827159429846;4.323658049884339
0.6120575871092766;0.8271166009262155;4.036713038658192
-0.97446793180145;0.0039423393910212115;4.036713038658192
0.7672253969222788;0.6713308054413257;3.91106680606442
-0.9836096000317712;0.022370063764719846;3.91106680606442
0.8189988632115418;0.6266832480106203;3.973465440811861
-0.9759574899407616;0.009600346676520946;3.973465440811861
0.7213876448642339;0.6356478549793624;4.474444329919632
-0.9920290727241013;0.006808470047123476;4.474444329919632
0.6576740850378803;0.8109192727605649;3.7948695864887596
-0.9763768797172747;0.01962410341257585;3.7948695864887596
0.6904654729116281;0.7342509021827864;3.9857912730909746
-0.9869818258312613;0.02367924351174919;3.9857912730909746
0.6296968818426655;0.6212510776601994;5.221915483657438
-0.9993334656863031;0.020954329291751145;5.221915483657438
0.7044578892356052;0.7271402522297076;3.9313460661960975
-0.98655318003695;0.025563162225533467;3.9313460661960975
0.799124138825522;0.8336397830183641;2.775832131957833
-0.9539738818389414;0.03886759786568044;2.775832131957833
0.6973548687352656;0.7022987541103677;4.177657695619583
-0.9900780478195986;0.019918443579259048;4.177657695619583
0.8782797109963303;0.6727041069344096;3.6123881844291805
-0.9594810224057782;0.01766804245496479;3.6123881844291805
0.6350832754766501;0.655003776579106;4.9683130277644025
-0.9978741370262052;0.008221430833832297;4.9683130277644025
0.6282320269167093;0.6345110665211985;5.14924660746335
-0.9990064633565582;0.016890823681093285;5.14924660746335
0.63035301477825;0.6485263712033936;5.044115921620847
-0.9983632837791414;0.01172435981564078;5.044115921620847
0.8855734678151537;0.6777395457423839;3.5891488881967573
-0.957147452791368;0.017729562930810232;3.5891488881967573
0.7744123414027512;0.8014358630055466;3.0006155311315243
-0.9651246298591603;0.03934321002493995;3.0006155311315243
0.6560413821516583;0.7236764806860404;4.31547511506211
-0.9908241036559525;0.013450636746726738;4.31547511506211
0.803808622807486;0.857321604321322;2.7304764324507875
-0.9475494234905976;0.03669972807034011;2.7304764324507875
0.8249269479900206;0.7735044365267679;2.9274917962319713
-0.9604551803315973;0.03867663238013874;2.9274917962319713
0.6251802458209673;0.6255693479106744;5.224655032427768
-0.9993562891047207;0.020987998839524777;5.224655032427768
0.7939284815100213;0.710965812422275;3.467015793588733
-0.9753481120241828;0.03203605010560032;3.467015793588733
0.7335566219835051;0.7462138840780951;3.5820832211243676
-0.9805830496700165;0.03269233125179257;3.5820832211243676
0.630803152489872;0.6369524913977921;5.117916086327079
-0.9988435088400315;0.015212063268752608;5.117916086327079
0.810514911765379;0.6662190721059579;3.736485686947014
-0.9759433407220128;0.021992099962375392;3.736485686947014
0.6600697331980377;0.7620526279649961;4.023011850515919
-0.985176256175335;0.018979517388368655;4.023011850515919
0.6055572933753461;0.6253099465175364;5.337687563853445
-0.9996643179026568;0.028324580945227246;5.337687563853445
0.8606404162629414;0.7302683278528431;3.164953141551017
-0.9584368221529075;0.031460233815018626;3.164953141551017
0.6952949164956398;0.7058845968978645;4.161414078102457
-0.989904965916394;0.020179136387267496;4.161414078102457
0.8779897917922348;0.7256143616818366;3.2128597400100083
-0.9545372164090852;0.02838436918820325;3.2128597400100083
0.7288568790960624;0.7691937957290323;3.4659074713165388
-0.9776384914731181;0.033989634126463136;3.4659074713165388
0.6962485980880592;0.6477252786657614;4.581801491550571
-0.9942458713511618;0.006048055843886874;4.581801491550571
0.7765714765279886;0.6642048965827682;3.9065600950537753
-0.9825049692072197;0.02101079417582471;3.9065600950537753
0.7531337977126901;0.8522022415332148;3.008350691162753
-0.9574057795593707;0.03507848506207286;3.008350691162753
0.8358370654072983;0.690549396891761;3.4860459408932383
-0.9685945677812877;0.026736270222235764;3.4860459408932383
0.834906272173097;0.7288645085488018;3.198361230921125
-0.9647430243323448;0.03372129401897419;3.198361230921125
0.7122323015770079;0.87047478084397;3.3030574119464835
-0.9580298447671274;0.027330136378525112;3.3030574119464835
0.6232652531833891;0.6378832846319934;5.15767535512201
-0.9990122804862621;0.01751700013404285;5.15767535512201
0.7558651417933792;0.8637227151696408;2.9908082821149917
-0.9541620039769924;0.03399152986249031;2.9908082821149917
0.8207841551525509;0.6654637562847617;3.7063235934742624
-0.9738328779486072;0.021468018021588705;3.7063235934742624
0.7715055199090569;0.7623883238855277;3.223893991654113
-0.9724933363971271;0.037773426424206884;3.223893991654113
0.829748762121293;0.6197633343760252;3.986345175326082
-0.9737627954085581;0.006629755517002199;3.986345175326082
0.758527820799414;0.752767583981201;3.3664154340469934
-0.9760567953145998;0.03604915722938159;3.3664154340469934
0.7435817228830176;0.744298891440517;3.5256382807095896
-0.9794942219358;0.03371436451239607;3.5256382807095896
0.6758474414630239;0.7722760946357318;3.845803551351539
-0.9824400611333789;0.023817527280075815;3.845803551351539
0.7314737813856612;0.8538730916831335;3.157216620637215
-0.9599554028765175;0.03240184735492055;3.157216620637215
0.8210740743566464;0.7664471927428645;2.980228290854142
-0.9624345576705923;0.03843009251517607;2.980228290854142
0.8160081177377146;0.7738477619000389;2.9496062700332817
-0.9622882128562769;0.039059800608858414;2.9496062700332817
0.7332056671574948;0.8128953010200578;3.2281277181767174
-0.9689579343088529;0.03537222831172673;3.2281277181767174
0.680211488429935;0.6707738553913528;4.536715354865474
-0.9942949253588572;0.008951316045413382;4.536715354865474
0.7052360934150194;0.6889014351000603;4.213089055652506
-0.9905558287122463;0.018676910885926937;4.213089055652506
0.8610524067108666;0.7942718068832922;2.7717873560336015
-0.9484322250847051;0.03623979143842865;2.7717873560336015
0.6130417865126534;0.7946151322565632;4.1482236663050704
-0.9811572183053692;0.005017629609005411;4.1482236663050704
0.6054504810369952;0.6034515644192842;5.460552823274451
-0.9999791896962998;0.0364808028579634;5.460552823274451
0.8478916007354792;0.7477550335314448;3.0478295300720237
-0.9592141746292991;0.034976858057692996;3.0478295300720237
0.8822851736844917;0.7111794370989769;3.327290380406306
-0.9550200984190702;0.02534005779765845;3.327290380406306
0.6048324953651074;0.6266069534832267;5.333246267940282
-0.9996344253461478;0.028155503445778746;5.333246267940282
0.7041984878424671;0.70499195092736;4.099660624286404
-0.9891193103108907;0.021795540879740893;4.099660624286404
0.7028175568966438;0.6625187875273707;4.427312442152794
-0.9927861214397223;0.011654488969518685;4.427312442152794
0.6867651883330409;0.6397830183640928;4.704512975324819
-0.9954549170653102;0.001508396222227662;4.704512975324819
0.7833235422023178;0.8009323191247492;2.9539533317128575
-0.9636851370925481;0.03972102653637176;2.9539533317128575
0.6269884261201945;0.6457034736898323;5.083094539955571
-0.9985924002732398;0.013740422727751715;5.083094539955571
0.6427203576687445;0.6391497737867263;5.025861939526871
-0.9983225416351976;0.010609681164709;5.025861939526871
0.771787809660413;0.7028251863493832;3.645500318511041
-0.9801574712785517;0.02976112790821081;3.645500318511041
0.7258890219804534;0.7315042991966186;3.742974741054727
-0.9835658257647083;0.02981590190843993;3.742974741054727
0.6301622784597661;0.6447040153809768;5.071201960096365
-0.9985469506833735;0.01296169449676994;5.071201960096365
0.858977195565762;0.8108963844023468;2.706010919045415
-0.9457535740720925;0.03640295921015417;2.706010919045415
0.7912047668820715;0.6900000762945274;3.639343926907297
-0.9779178227401801;0.027822660659191506;3.639343926907297
0.7310236436740393;0.6381808332888282;4.385338498462356
-0.990730741290667;0.009056819552896087;4.385338498462356
0.6720098267351283;0.7716047027946685;3.878253741266831
-0.982832279368841;0.022812222644249015;3.878253741266831
