200
2
0.6039245904891242;0.594830282823813;5.510567766141136
-0.999978936028754;0.040540179061014245;5.510567766141136
0.8584278749685285;0.859190820242464;2.614060545922155
-0.9352116385381521;0.033082630225686346;2.614060545922155
0.8103775816160707;0.8868628453281047;2.735584234308037
-0.9386857602176953;0.032347151901307575;2.735584234308037
0.8902045456279422;0.7128426577961563;3.331282603848548
-0.9526801348959767;0.024266737648018594;3.331282603848548
0.5956542637196633;0.8168015808226076;4.150281949138783
-0.976763322581348;0.002039473054091516;4.150281949138783
0.6119736631291437;0.6010253984481693;5.437291988623855
-0.9999277925817273;0.03494479541978257;5.437291988623855
0.6122712117859785;0.6041382151658261;5.419815129428102
-0.9999161497838984;0.033603936682733176;5.419815129428102
0.6132859290003128;0.6160020141755231;5.349599616890844
-0.999783733205498;0.02871740309674066;5.349599616890844
0.6022842581501628;0.7658215776182374;4.360177165632644
-0.9863431064956569;0.00025967913173763346;4.360177165632644
0.8425662427234094;0.7610150223924438;2.9769080061842783
-0.958503457051133;0.03666828650135014;2.9769080061842783
0.68878699330897;0.6592228639439693;4.555808361397208
-0.9943209482313283;0.007813465106602732;4.555808361397208
0.636090363238245;0.6445895735898864;5.033253918776229
-0.9983559806869329;0.011018769660343819;5.033253918776229
0.8335024528690557;0.6113480480045166;4.026834309614442
-0.9730438929727513;0.0032880266600505206;4.026834309614442
0.7663480098572529;0.6133088173585308;4.299911715273817
-0.9861721034500659;0.004013945883362034;4.299911715273817
0.603276087006279;0.7903350092697851;4.219698852586875
-0.9820440892326864;0.0012062900106237368;4.219698852586875
0.5966842398394763;0.8193345591320734;4.137439866185977
-0.9762277966965172;0.00171112350648326;4.137439866185977
0.8533161416331606;0.7761747449855422;2.883325007846376
-0.9535119662620426;0.03658974626484882;2.883325007846376
0.8759832457217844;0.7100045013771162;3.3315108408369247
-0.9568258575484743;0.02612735659720146;3.3315108408369247
0.6183213678082871;0.6191758665150948;5.302796773967779
-0.9996483686493141;0.025704492645618554;5.302796773967779
0.6182221849226754;0.7064415469478375;4.689233562577462
-0.9941860413824141;0.0017963581917997268;4.689233562577462
0.670606007431087;0.6673634900168611;4.6356137049124335
-0.9952497940483659;0.0056647509065687746;4.6356137049124335
0.8843298670186388;0.6490604328951485;3.7922931526916743
-0.9592292326327905;0.01010572061081872;3.7922931526916743
0.7198617543163629;0.6415225335886657;4.447446703706729
-0.9919867977836037;0.008462754218593424;4.447446703706729
0.7790357897628003;0.8414218248125062;2.8613415830311943
-0.9558357830329536;0.03784473431833255;2.8613415830311943
0.882399615475582;0.6270036850256732;3.932183808210942
-0.9605594816308749;0.0032825783747797294;3.932183808210942
0.8165498088822088;0.7771665738416583;2.9328524039981145
-0.9616152009913423;0.039204738475833924;2.9328524039981145
0.8651570522846396;0.7785551342402209;2.8526717858799477
-0.9501883041166286;0.03529467627012181;2.8526717858799477
0.6416064575687986;0.8825750928885872;3.8367290775549128
-0.960030820626619;0.008092839750536415;3.8367290775549128
0.6216096619389491;0.7548809423900024;4.322032286174483
-0.9878469107216357;0.006141157926849668;4.322032286174483
0.6326723684110139;0.6339922637349223;5.12703124165455
-0.998889138638098;0.01555710479303505;5.12703124165455
0.7512111756223726;0.8222184922675496;3.0742701769489944
-0.9645217088891016;0.037125989217205876;3.0742701769489944
0.8619755704923285;0.8343874693868208;2.638763196440773
-0.940085601282455;0.03497653061132089;2.638763196440773
0.6230745168649052;0.6329851759733275;5.191832343324318
-0.9991901005644664;0.019196578027247113;5.191832343324318
0.6056106995445216;0.6255083122887596;5.335056596464531
-0.9996589811875382;0.02823454921188731;5.335056596464531
0.8382021957564983;0.7965759016105775;2.782319469715005
-0.9534281739895867;0.038528867789601746;2.782319469715005
0.6496021240396427;0.8799200433352916;3.779140001958806
-0.9603977084403149;0.010993265579898086;3.779140001958806
0.812147614651601;0.7827742216050843;2.913491711182278
-0.961552115395429;0.03955570801696547;2.913491711182278
0.7638531788114838;0.6926017196786475;3.770378953897686
-0.9824444548437491;0.02715901670198162;3.770378953897686
0.7907164819067528;0.7261865706372882;3.3706896527070693
-0.9741909829143846;0.03446539393752831;3.3706896527070693
0.6388445956771521;0.6355715604519688;5.07657188331868
-0.9986138423420986;0.013007776074661137;5.07657188331868
0.6251192101990525;0.6153001045235025;5.284957357543097
-0.9995675595696006;0.024697342030432334;5.284957357543097
0.7013832197816451;0.64750402453632;4.542002892278766
-0.9937520056015653;0.0070197081267453915;4.542002892278766
0.645268594883689;0.6460544285158426;4.963754854513176
-0.9979170443349759;0.0076410467088517744;4.963754854513176
0.7733060707555447;0.678922110916984;3.818911416643707
-0.9820315460306703;0.02462757891669287;3.818911416643707
0.6296739934844474;0.6308870764700049;5.163287960267405
-0.9990831418804055;0.017610129400398064;5.163287960267405
0.6068695592465152;0.7952941535503658;4.177547810481077
-0.9810876276076073;0.0026784878635571566;4.177547810481077
0.6732610569843825;0.7000404360995186;4.369526801145051
-0.9923418386307442;0.013945325908109638;4.369526801145051
0.6851324854468189;0.7591458064713018;3.857200480519605
-0.9838444596378818;0.0251363889714944;3.857200480519605
0.6086472217347849;0.8146348162446307;4.091399945796059
-0.9771926712273227;0.0031699364036693184;4.091399945796059
0.7350672536258974;0.7343653439738768;3.6536914672047547
-0.982015089818649;0.031475830376648944;3.6536914672047547
0.7313669690473102;0.6555454677236002;4.262876173085774
-0.9898802628635015;0.014422395167053695;4.262876173085774
0.6788610752950691;0.8719854124863623;3.556540003838148
-0.9606957024770701;0.020143461310501362;3.556540003838148
0.6824011413661298;0.8457782423266779;3.532315426996373
-0.9669597129880579;0.02407486097749098;3.532315426996373
0.8134293627118127;0.7669888838873588;3.000828389846998
-0.9639472651156907;0.0387299184301523;3.000828389846998
0.7700635533413188;0.7872450809103463;3.095677527644365
-0.9685151376619101;0.038941121200468325;3.095677527644365
0.8816595585598646;0.740064545170175;3.120683560055582
-0.9517288636266034;0.029739457750150064;3.120683560055582
0.660527500362399;0.6385470470203173;4.906376874030425
-0.9974285851984875;0.005519634181020257;4.906376874030425
0.7825071907592068;0.858740682530842;2.8322968900168823
-0.9511078577887104;0.036243533840676065;2.8322968900168823
0.8719548946754049;0.7012840368960335;3.3901849727580307
-0.958765307396932;0.025077651760707715;3.3901849727580307
0.8784399295038567;0.7983917113625439;2.7675587657320317
-0.9432310289789249;0.03384459086708863;2.7675587657320317
0.8342501392375125;0.5972411898894492;4.097782365541509
-0.972932697400742;0.002284207115235394;4.097782365541509
0.7486781973129067;0.7453822737295054;3.479622688199078
-0.9786114440028388;0.03438297654598839;3.479622688199078
0.7079979553066659;0.8319231561520092;3.3604919708880336
-0.9678037456525742;0.03051653587354019;3.3604919708880336
0.8241258554523884;0.7739087975219537;2.9382201789532
-0.9605604771974664;0.03873719225194006;2.9382201789532
0.6381197976669134;0.8515461085976302;3.842287971540375
-0.9681538369509691;0.01113779878104025;3.842287971540375
0.7879012138459308;0.808386294451099;2.9045450715794807
-0.961398910332898;0.039783289438977576;2.9045450715794807
0.8505924270052109;0.6986442462482166;3.4054943045264583
-0.9643860228399199;0.027167417511130266;3.4054943045264583
0.6414462390612722;0.8115219995269739;3.904741341549109
-0.9770380582435737;0.014727948419085157;3.904741341549109
0.7447261407939209;0.6348696507999482;4.312546288828521
-0.9889803914609214;0.00967676826153547;4.312546288828521
0.8570316851172265;0.6629155190698172;3.672478837935226
-0.9655939981887531;0.017955231980791866;3.672478837935226
0.869185403331019;0.6877417582836783;3.4951690105537763
-0.960712868480005;0.022611467132684127;3.4951690105537763
0.6466037491130762;0.6733297220590367;4.759348750991819
-0.9962325359836087;0.0004242309001950134;4.759348750991819
0.781393290659261;0.6002395648160157;4.283006788688944
-0.9836827999784892;0.0002504410973855481;4.283006788688944
0.6342135178643636;0.635853850203325;5.104764563163489
-0.9987727220328232;0.014429116151982169;5.104764563163489
0.8057846510669789;0.7336786932273348;3.2505416795303503
-0.970340092782093;0.03556802207999934;3.2505416795303503
0.8629673993484447;0.8218370196305819;2.669512970568734
-0.9425354400429472;0.03555825119294709;2.669512970568734
0.617955154076798;0.8383700437167642;3.9804743035658836
-0.9718329682528488;0.005387413817971254;3.9804743035658836
0.8706197404460178;0.7138421161050118;3.2913112613895352
-0.957817964104431;0.027589671302074823;3.2913112613895352
0.7835753141427165;0.8356386996360751;2.849621604980446
-0.956367767026091;0.038460112782739184;2.849621604980446
0.6753286386767478;0.8237443828154206;3.6254735406729806
-0.9725167535635958;0.02389325595052184;3.6254735406729806
0.6456271791624387;0.6403628567722838;5.000398173647649
-0.9981462205330456;0.009314985311252195;5.000398173647649
0.6643422267320765;0.873763074974632;3.665352565141685
-0.9612285513701968;0.01615597732227549;3.665352565141685
0.7558422534351611;0.7354945029793013;3.501256294521471
-0.9789029392183002;0.03388913427242809;3.501256294521471
0.6801123055443233;0.8670720449222177;3.544234490754818
-0.9618731195840301;0.021128281508054333;3.544234490754818
0.8026184281801466;0.747137047859557;3.167418860947917
-0.9691346014572563;0.037198652124862654;3.167418860947917
0.6340304109986191;0.6296816229371868;5.143322177213077
-0.9989809857415506;0.016554254038597935;5.143322177213077
0.6769689710157091;0.7510662160203249;3.970315908929569
-0.985730180870854;0.022468850692497048;3.970315908929569
0.6863760862433338;0.8562153336741155;3.494439871526648
-0.9641064523279188;0.02392944248252554;3.494439871526648
0.6836600010681234;0.8479755247156121;3.5194241018920427
-0.9663343097269224;0.024163353676792648;3.5194241018920427
0.802046219224695;0.6027572842200029;4.172976916231126
-0.9797918393954311;0.001091124058615743;4.172976916231126
0.858870383227411;0.6841406565907028;3.51079055785635
-0.9636310723028408;0.0231108905234243;3.51079055785635
0.8175034904746282;0.8267427577419871;2.7221832039600287
-0.9518383840283351;0.038978452729558;2.7221832039600287
0.6567280328982003;0.6390811087120721;4.930998379620275
-0.9976301112436537;0.006421746130555156;4.930998379620275
0.6782278307177027;0.6616642888205629;4.620086009657017
-0.9950512466218526;0.006034769800762875;4.620086009657017
0.7965148659886626;0.7796385165292093;2.993803108765877
-0.9651767395814669;0.039573263831791744;2.993803108765877
0.6166123703946715;0.6257448253236796;5.273785998937493
-0.9995307267026351;0.02399588859373611;5.273785998937493
0.6546757101113138;0.6513416392642156;4.86252689918549
-0.9971912533313836;0.003218457448301529;4.86252689918549
0.868132538852988;0.7286356249666212;3.1833491571778287
-0.956742406760005;0.03026508312554134;3.1833491571778287
0.6689961929030831;0.6893820906226397;4.4843080622444225
-0.9936454596541309;0.010601680651095867;4.4843080622444225
0.6425982864249148;0.6452914832419071;4.985750325289951
-0.9980689007458006;0.00871002459386229;4.985750325289951
0.6473132882178362;0.6671803831511166;4.801572934138405
-0.9966298162999384;0.0009542825747337752;4.801572934138405
0.8236223115715909;0.6072968085999191;4.071260713452858
-0.9752805645907926;0.0023074664202384562;4.071260713452858
0.7974227708646459;0.764005767866271;3.080751618537112
-0.9675996894697543;0.038697773143087116;3.080751618537112
0.6527530880209963;0.649586865134164;4.88840175560809
-0.9973825587436936;0.004305764227520659;4.88840175560809
0.873656262636281;0.7871382685719953;2.81496177359616
-0.9465284593266964;0.03440933083912908;2.81496177359616
0.6507999481197214;0.7571468898535908;4.123326003170957
-0.9864546848410645;0.015902955469701892;4.123326003170957
0.6919989929122384;0.7042442645589032;4.197249542868705
-0.9903812185857177;0.019166621598163944;4.197249542868705
0.7361582653676252;0.7438411242761557;3.577136584421399
-0.9805764449319333;0.03277041359656324;3.577136584421399
0.8077149026100358;0.7718793630932853;2.9923570484887394
-0.9643085161122408;0.03914971005767839;2.9923570484887394
0.8785162240312503;0.6753210092240084;3.593245806781903
-0.9592320421596381;0.018290351822954718;3.593245806781903
0.7695981567242182;0.7451305017891067;3.3485438798246783
-0.9753945739129599;0.036065066091519576;3.3485438798246783
0.6636326876273165;0.7244165376017578;4.257815706086009
-0.9902832190859583;0.01569109632814447;4.257815706086009
0.6692937415599179;0.6852087799742125;4.514401526181615
-0.9939870710500727;0.009738849809585701;4.514401526181615
0.6437732221467755;0.665318796682714;4.839338473849079
-0.9969134531215771;0.0025458326453929175;4.839338473849079
0.8114533344523197;0.850874716756567;2.705837075920921
-0.9475976202175571;0.0372805843248624;2.705837075920921
0.7051369105294077;0.6857275827604886;4.242033683644509
-0.9908407100005152;0.01794280891433342;4.242033683644509
0.6544544559818725;0.6543705320017396;4.843144924474007
-0.9970436573496323;0.0023914473329890856;4.843144924474007
0.627194421344157;0.6217622509937362;5.234469191191401
-0.9993936178637246;0.021630463185400656;5.234469191191401
0.676473056587651;0.6455508846350452;4.743194807582217
-0.9960463306749944;0.0008865650141851866;4.743194807582217
0.6106613972579746;0.8161683362452411;4.075382802875439
-0.9768509401709351;0.0038894784147583267;4.075382802875439
0.8315264246095627;0.8435199243158288;2.6546976960310404
-0.9451106962916719;0.0371121007388821;2.6546976960310404
0.7585430797048928;0.718618153519848;3.607356397464903
-0.9805878038943502;0.0316583188231261;3.607356397464903
0.8187089440074463;0.7196786474506184;3.306206452454158
-0.9693996753951368;0.03319845573876419;3.306206452454158
0.741590435718046;0.6722234514118303;4.070086679058999
-0.9874474101094743;0.020261476431287367;4.070086679058999
0.7299097435740934;0.8194871481868605;3.228533340070639
-0.9679976931215021;0.034707607009694004;3.228533340070639
0.7441157845747725;0.6936469547039391;3.893613734469924
-0.985338979149581;0.025565984222560775;3.893613734469924
0.800520328676824;0.6055725522808248;4.1638295906738545
-0.9800813233249324;0.0021976968314754847;4.1638295906738545
0.714856833319346;0.862006088303286;3.2788261986268656
-0.9599062637313328;0.028905886180915483;3.2788261986268656
0.7332361849684522;0.7211816496402713;3.7620177472679
-0.983912374109124;0.029330260649004326;3.7620177472679
0.8195481838087754;0.8063644894751699;2.781504488549147
-0.9556210327633194;0.03957736178349879;2.781504488549147
0.6205491680081787;0.6246232957709943;5.257228021506374
-0.9994858447229215;0.022959589488785043;5.257228021506374
0.7117974227708647;0.8440158387438869;3.3121213298649397
-0.9646198465590359;0.03028291130981057;3.3121213298649397
0.7225320627751372;0.726568043274256;3.8015100917388693
-0.9846029771049957;0.028606466433553156;3.8015100917388693
0.7381190347216394;0.7051750577931045;3.847459106756575
-0.9850436438966637;0.02717897647167726;3.847459106756575
0.8491657193429515;0.7482738363177209;3.0474457126539676
-0.9588368505618132;0.03490713603220421;3.0474457126539676
0.7862227342432727;0.783865233346812;3.0205816367678793
-0.966336979641758;0.03954985625331569;3.0205816367678793
0.7990402148453891;0.8687657834303545;2.7546674934510653
-0.9456090830951903;0.035270345841666585;2.7546674934510653
0.792440738225847;0.7633267465724684;3.107716551242786
-0.9686474791030408;0.038597930044469875;3.107716551242786
0.614064133179727;0.8044800146485492;4.098884450951734
-0.9792141290841863;0.0054077828985424695;4.098884450951734
0.7063652524204439;0.6620762792684881;4.402029550953749
-0.992445166619898;0.012209581305288715;4.402029550953749
0.647351435481533;0.8366076401339732;3.797516039202328
-0.9713070241444172;0.015358296434272917;3.797516039202328
0.7305124703405025;0.820700231172418;3.2208901027252357
-0.9676633332045826;0.03474298365122891;3.2208901027252357
0.7894194749410625;0.5992553654126389;4.246541174253537
-0.982219820399967;0.0004103558261359455;4.246541174253537
0.6673863783750792;0.6819204858435505;4.5520729284196415
-0.9943898509965271;0.008470855696099157;4.5520729284196415
0.6616032531986481;0.8336321535656247;3.702696494568349
-0.9712324256894892;0.019715218721340726;3.702696494568349
0.8284975318720388;0.6369830092087495;3.883761678953102
-0.9735662213275265;0.012613351390567483;3.883761678953102
0.6233644360690007;0.716016510135728;4.5874749493491835
-0.9930215991650998;0.0017466509849955666;4.5874749493491835
0.7121941543133111;0.6905570263445003;4.148702306854349
-0.9896597798430289;0.020312368980686977;4.148702306854349
0.7939208520572819;0.6237687970641865;4.090087116695047
-0.9810958416405403;0.008905607072086666;4.090087116695047
0.6501209268259188;0.663213067726652;4.811793732730802
-0.9967512889002728;0.0011744014162750893;4.811793732730802
0.8365466045120583;0.7275446132248934;3.209859485966894
-0.964533260779135;0.03341456262590891;3.209859485966894
0.7168481204843177;0.6603825407603513;4.3354919189913685
-0.9913875343644394;0.013592730008474472;4.3354919189913685
0.6446048324953652;0.6821569988784705;4.707133456297957
-0.9956398513953791;0.001965369002877651;4.707133456297957
0.7617398204026825;0.8662022873099312;2.9535097630447544
-0.9526461802894425;0.03415341581211434;2.9535097630447544
0.6040848089966506;0.7851851286707204;4.241588825143064
-0.9829912022506159;0.0013977575216180121;4.241588825143064
0.7776624882697164;0.7266901145180856;3.434225042347747
-0.9764739827130147;0.03412669626032804;3.434225042347747
0.6243944121888136;0.6235475429347452;5.241240250798572
-0.9994253780962875;0.021972792074877887;5.241240250798572
0.7232110840689397;0.6283769865187571;4.506695238183357
-0.9920387476781525;0.004649003633749649;4.506695238183357
0.7179467616787848;0.6411105431407406;4.472532818970797
-0.9922295892752225;0.008021406579971378;4.472532818970797
0.8484561802381915;0.7524089997024513;3.0302032409504953
-0.9584101238976921;0.03538709528740264;3.0302032409504953
0.6456958442370929;0.6648839178765708;4.827380622215956
-0.9968559364623094;0.002066128134088782;4.827380622215956
0.8080658574360461;0.7380198518360278;3.2093919825547417
-0.9693103494825203;0.036093403177393436;3.2093919825547417
0.7161690991905151;0.7232721196908546;3.8707461606699005
-0.9857567708191362;0.02708521245273575;3.8707461606699005
0.6398287950805289;0.7281015632748663;4.395641067425393
-0.9910421906782878;0.009175799911126735;4.395641067425393
0.7258966514331927;0.7928756170319903;3.3607998441615923
-0.9738232253969856;0.03445793689851139;3.3607998441615923
0.744665105172006;0.6712011047447567;4.058192939757808
-0.987085324471551;0.0203488939954037;4.058192939757808
0.8219667203271509;0.834799459834746;2.691465414845206
-0.9491390147057318;0.038306460793278645;2.691465414845206
0.7407588253694563;0.7327860472568303;3.6228724498722276
-0.981451588346143;0.031972767785032365;3.6228724498722276
0.7754957236917396;0.7222879202874778;3.4790610444637693
-0.9773831418572553;0.03336037310936302;3.4790610444637693
0.6838354784811286;0.6620152436465733;4.580406891685207
-0.9945776155387761;0.0074660109543771;4.580406891685207
0.6741231851439297;0.642926352892707;4.778270428297496
-0.996338261401517;0.0005171031338958298;4.778270428297496
0.6596958900138093;0.8773336588566503;3.7039271740052837
-0.9605600503813692;0.014334261928826156;3.7039271740052837
0.8259264062988761;0.7920897833998367;2.825701422491405
-0.9569820799162677;0.03926524992976411;2.825701422491405
0.6358996269197611;0.8220353854018051;3.9065055396084443
-0.9750229714583283;0.012585509345120312;3.9065055396084443
0.7268655919310908;0.869635541042641;3.193644497955896
-0.9565721117200214;0.029802249780108942;3.193644497955896
0.6275530056229067;0.6439334406543019;5.092090119191474
-0.9986562459837479;0.014094736815697562;5.092090119191474
0.7610989463725767;0.7030845877425212;3.7083687319356593
-0.9818765892602842;0.029094110893639266;3.7083687319356593
0.8527134148667516;0.8640812994483905;2.616624723579357
-0.9353808547134369;0.03311488295409146;2.616624723579357
0.6902976249513623;0.7173211465541577;4.112246390520512
-0.9891008743509613;0.021129596101568945;4.112246390520512
0.6914038955985687;0.7702771780180208;3.741592310128919
-0.9814987932694922;0.027323439962261012;3.741592310128919
0.7256677678510121;0.8652638646229905;3.199849603618736
-0.9578360505444196;0.030215347238220933;3.199849603618736
0.7594586140336154;0.7460918128342654;3.405415442288814
-0.9768863749189144;0.03545030338042876;3.405415442288814
0.6284303926879325;0.6305208627385158;5.175165691671493
-0.9991304731124435;0.018159308120114043;5.175165691671493
0.6459323572720129;0.8249193185372813;3.832245254827437
-0.9739948716032001;0.015642189027878835;3.832245254827437
0.7547588711461727;0.6769003059410549;3.9463639281346423
-0.9851789466089542;0.0227997055826255;3.9463639281346423
0.7794554096634648;0.6771978545978897;3.797402645211132
-0.9810990300916835;0.024497552892542906;3.797402645211132
0.6677602215593076;0.6741994796713232;4.608225839448244
-0.9949642170792602;0.006686870082990744;4.608225839448244
0.6998649586865134;0.8181825117684308;3.457343809688714
-0.9716221261553706;0.029642369766937213;3.457343809688714
0.7958053268839026;0.6347170617451611;4.0134223394776685
-0.9804216936704317;0.012663955039296182;4.0134223394776685
0.6657536754888572;0.6833471935058099;4.554519956248724
-0.9943806974244036;0.008370047092277962;4.554519956248724
0.7150170518268725;0.6508228364779395;4.420255630882402
-0.9921252282996889;0.010524072403315925;4.420255630882402
0.7676450168229433;0.6283006919913635;4.203430490955135
-0.985651051249287;0.009472502692967746;4.203430490955135
0.8297792799322504;0.7166268663548764;3.299280778479191
-0.9673449051131748;0.032162115072909024;3.299280778479191
0.6155671353693799;0.736799139397731;4.480512462157313
-0.990566606155255;0.0019901696632759133;4.480512462157313
0.8478610829245218;0.800886542408313;2.747596813676652
-0.9503782082422745;0.03770853078385032;2.747596813676652
0.8277345865981033;0.6197557049232858;3.992693237981214
-0.9742116833629589;0.006742786798530687;3.992693237981214
0.8272615605282633;0.6168412539768522;4.010747315581681
-0.974368488084089;0.005709681072791864;4.010747315581681
0.8462588978492572;0.7490138932334384;3.0454466791818664
-0.9594219679603766;0.03526053128656077;3.0454466791818664
0.6331225061226359;0.6280184022400074;5.15945795695977
-0.9990593770254347;0.017425767930869626;5.15945795695977
0.7493267007957519;0.7166268663548764;3.6828493652729017
-0.9822099994498155;0.030481137333949103;3.6828493652729017
