200
2
0.6010330279009086;0.6008804388461215;5.497585021601841
-0.9999990788408214;0.039236455620393795;5.497585021601841
0.8597706586506549;0.8593891860136872;2.6140141135056876
-0.9348382377095303;0.032900392949098564;2.6140141135056876
0.5948150239183343;0.8005279581295633;4.216628840239848
-0.980081867065873;0.002101153149420311;4.216628840239848
0.794050552753851;0.596012847998413;4.243522640398852
-0.981340527120755;0.0016461541042532626;4.243522640398852
0.8923255334894828;0.7175042534199022;3.3014708657305594
-0.951580746474353;0.02467044766207467;3.3014708657305594
0.674344439273371;0.9117806379748381;3.6927768585390925
-0.9499298578709684;0.011715769032414627;3.6927768585390925
0.6765340922095658;0.9060127717038857;3.654209685805384
-0.9514666508784457;0.013517461849143823;3.654209685805384
0.684102509327006;0.8863516719945679;3.540863326361833
-0.9564418791225212;0.019111160399445836;3.540863326361833
0.6106079910887992;0.6106461383524959;5.396302956330166
-0.999887071508522;0.03172421796024252;5.396302956330166
0.733983871336909;0.8598240648198304;3.140441972708964
-0.9581699544946874;0.032062952024770955;3.140441972708964
0.8254991569454723;0.7858794088700017;2.8569046240064226
-0.9581983157931033;0.039150401901209594;2.8569046240064226
0.7743207879698789;0.8317171609280466;2.9052298866046122
-0.9588311485893923;0.038334599772176486;2.9052298866046122
0.7043663358027329;0.8108277193276926;3.449018943664507
-0.9727089872679957;0.03073696276636506;3.449018943664507
0.8415667844145539;0.8494937858107438;2.6305288017765602
-0.9414812649386366;0.03582256759955423;2.6305288017765602
0.7135598263536557;0.8717412699987029;3.29679035938304
-0.957557434426548;0.02738128655896305;3.29679035938304
0.8092407931579068;0.8672780401461803;2.7117403621188956
-0.9440183918515196;0.03538827305590175;2.7117403621188956
0.7684613682660543;0.6059998016342287;4.3341749044844455
-0.9858928367647827;0.001369237742391942;4.3341749044844455
0.6139420619358973;0.6120499576565372;5.370171270179021
-0.9998302231284502;0.029942774733574956;5.370171270179021
0.8499057762586689;0.6988578709249186;3.4042234997500307
-0.9645314034841719;0.02727968322217925;3.4042234997500307
0.6099365992477359;0.60361941237955;5.4367227172849955
-0.9999440834880947;0.03468943149966902;5.4367227172849955
0.8470371020286714;0.766134385180551;2.9310999131366797
-0.9566535384560096;0.03664063116564508;2.9310999131366797
0.6897101570904319;0.7068916846594594;4.194284447857575
-0.9903103775938707;0.01916699216542924;4.194284447857575
0.8297335032158143;0.7919295648923103;2.8197617856357438
-0.9561817966117306;0.039050786863687736;2.8197617856357438
0.6375857359751586;0.6290560078125597;5.125494402965483
-0.9988721669129461;0.015600241623710591;5.125494402965483
0.8914557758771964;0.7136895270502247;3.327799037238438
-0.9522421770097405;0.02418634331788614;3.327799037238438
0.8396060150605397;0.7179391322260454;3.274296376086053
-0.96496799819843;0.031697377551209854;3.274296376086053
0.7426509296488163;0.6801428233552808;4.0035225818444875
-0.9867031152008395;0.022345341336611542;4.0035225818444875
0.7704679143365046;0.7504863776121339;3.3071367511134753
-0.9744785906670211;0.036676257114395774;3.3071367511134753
0.8315950896842169;0.8740682530842062;2.652876711943328
-0.9376534575710325;0.03351564419290028;2.652876711943328
0.6677373332010895;0.6441623242364826;4.818086298426346
-0.9967360098398665;0.0017787942161348255;4.818086298426346
0.6472827704068788;0.6517078529957047;4.9121885049622795
-0.9975483290469717;0.0053131130777416685;4.9121885049622795
0.8672398928824835;0.7732374056808905;2.8861435083467057
-0.9505503184410123;0.03476256035046293;2.8861435083467057
0.7845366251878753;0.6185807692014251;4.170329057430073
-0.9829475616172403;0.006847946735873162;4.170329057430073
0.8053421428080964;0.7780668492649022;2.969467966353453
-0.9637372351141327;0.03949039840904939;2.969467966353453
0.8194947776395999;0.8038391406184434;2.7917031834954775
-0.9561273377385657;0.03960521464409438;2.7917031834954775
0.7964614598194871;0.6893210550007248;3.6198946242239476
-0.9769813872613227;0.027737649867238312;3.6198946242239476
0.7265298960105592;0.8372332552586003;3.214348973070207
-0.964500704706237;0.03321582852262867;3.214348973070207
0.8176331911711973;0.8588932715856291;2.68068292176525
-0.9444099236042391;0.036220653131061355;2.68068292176525
0.8338152604313692;0.7226465045662275;3.2465009014903448
-0.9657445984684424;0.03287296490613601;3.2465009014903448
0.6046112412356661;0.6022155930755086;5.472648289211995
-0.999986913886419;0.03729543867393986;5.472648289211995
0.7373179421840071;0.8524616429263528;3.118094867720712
-0.9595445355899083;0.03331873564942039;3.118094867720712
0.8542774526783193;0.6906104325136758;3.462896827669783
-0.9642220807222505;0.025087880655907738;3.462896827669783
0.7186028946143693;0.848532474765585;3.256017801923048
-0.9627923498730894;0.031019110127968392;3.256017801923048
0.7409877089516369;0.7007041984878425;3.860605433030546
-0.985102645279035;0.026657893307281494;3.860605433030546
0.8766012313936722;0.6654790151902404;3.6606877775773063
-0.9604072446276737;0.016036355994785534;3.6606877775773063
0.6996513340098115;0.6529514537922195;4.5212304665083325
-0.9936531047572029;0.008306870292167826;4.5212304665083325
0.695020256197023;0.76389895552792;3.751469787542475
-0.982214209611349;0.02767596797908621;3.751469787542475
0.6013153176522648;0.6033600109864119;5.483308056251144
-0.9999934901540115;0.03814288827888454;5.483308056251144
0.8008407656918769;0.7746793722486286;3.0022451250104147
-0.9651951712176543;0.03935815892332785;3.0022451250104147
0.8748388278108811;0.7401484691503079;3.1036734696301957
-0.953525617649942;0.030816944106841652;3.1036734696301957
0.7549114602009598;0.881110237962631;3.014604296569367
-0.9497939019926256;0.03138815287643575;3.014604296569367
0.7478847342280138;0.6399279779661405;4.253564414383017
-0.9883364833517276;0.011660946835506843;4.253564414383017
0.8136429873885146;0.7335337336252871;3.2224280407682633
-0.9687610498933601;0.03539610432932254;3.2224280407682633
0.6388980018463276;0.7874815939452663;4.02580735440784
-0.9818357932025588;0.013889435700742938;4.02580735440784
0.7077538128190065;0.8645772138764486;3.3357777380440603
-0.9600153614481112;0.027320424398524532;3.3357777380440603
0.7580471652768347;0.8264680974433704;3.0190255056982993
-0.962584568978889;0.03753939947641903;3.0190255056982993
0.6150254442248857;0.6153916579563747;5.347350381411504
-0.9997686932011429;0.028295826236297034;5.347350381411504
0.7948592747442226;0.7545223581112527;3.1526471793616073
-0.9695495972475173;0.03790535703208347;3.1526471793616073
0.8797674542805045;0.6980338900290682;3.421975794796577
-0.957011150545455;0.02324006565500348;3.421975794796577
0.7996505710645375;0.8221345682874167;2.8022864158589833
-0.9563779886314082;0.03950993878614876;2.8022864158589833
0.6261720746770835;0.6283998748769751;5.201575170335208
-0.9992545128207809;0.01966275056430726;5.201575170335208
0.8832998908988259;0.7052513523204981;3.3734585564950885
-0.9553587661621122;0.024083821939149326;3.3734585564950885
0.8703298212419223;0.6449557873213755;3.798569776965045
-0.9631466275754591;0.011015008358944707;3.798569776965045
0.8576038940726781;0.6716283540981606;3.6041070996071545
-0.9648861212480866;0.020202511916116432;3.6041070996071545
0.8869086220445408;0.64419284204744;3.828962580400172
-0.9587405505632388;0.008171020945065173;3.828962580400172
0.626935019951019;0.6316118744802436;5.177469353187747
-0.9991379688085918;0.018306048135411465;5.177469353187747
0.6549961471263667;0.7532558689565197;4.117382935714066
-0.9868315046284881;0.016788868864791636;4.117382935714066
0.7522411517421855;0.6739553371836638;3.984564030707472
-0.9857787115042549;0.02183183538860317;3.984564030707472
0.8122086502735159;0.798651112755682;2.8366125185490265
-0.9586325971065064;0.039849129361701104;2.8366125185490265
0.8172059418177934;0.8326403247095086;2.70981144047947
-0.9506113539213475;0.03863856476902057;2.70981144047947
0.649243539760893;0.6394549518963005;4.980837588121678
-0.9980111706286241;0.008502222774444651;4.980837588121678
0.8604039032280214;0.6854376635563931;3.5009753519135822
-0.9631415459771787;0.023226839543401653;3.5009753519135822
0.8125748640050049;0.7576962104508244;3.06113799559175
-0.9655782987702652;0.03805226218503469;3.06113799559175
0.6606190537952713;0.7210748373019203;4.3024589844599115
-0.9908749949162731;0.01434377052815617;4.3024589844599115
0.8620823828306795;0.7561169137337779;2.9887729450284004
-0.9545360834015049;0.03422005248181627;2.9887729450284004
0.6785253793745375;0.8410479816282778;3.567544910400976
-0.968375665955183;0.02355897974814453;3.567544910400976
0.6124848364626805;0.7239206231736998;4.590995138136389
-0.9922739049045189;0.0009500081347058875;4.590995138136389
0.8366839346613667;0.8730230180589146;2.6417340135857
-0.9368047215215926;0.03332192777132803;2.6417340135857
0.6010330279009086;0.6008804388461215;5.497585021601841
-0.9999990788408214;0.039236455620393795;5.497585021601841
0.6314363970672384;0.8539417567577877;3.8841627872064337
-0.9677927349268909;0.008676598644209957;3.8841627872064337
0.7775861937423229;0.7042976707280787;3.601120882331945
-0.9790158660845485;0.030338685460972063;3.601120882331945
0.6656544926032456;0.8117890303728513;3.7345285989903223
-0.9757171373214938;0.021812303405176595;3.7345285989903223
0.6287660886084642;0.6310015182610952;5.169477055887647
-0.9991061087648537;0.01788153924049931;5.169477055887647
0.597538738546284;0.8036102570362628;4.190737577893385
-0.9794818248686881;0.0010035963452978344;4.190737577893385
0.6910758291307765;0.6337786390582204;4.712848244819812
-0.9952932102616098;0.0005059841671148091;4.712848244819812
0.8447864134705617;0.6623204217561475;3.6801461888921443
-0.968601392285224;0.019038510903038777;3.6801461888921443
0.634907798063645;0.6409198068222567;5.067296386614938
-0.9985545531879895;0.012561943001662385;5.067296386614938
0.7302530689473644;0.8815222284105562;3.1841637307100066
-0.953028649324316;0.028489491883716016;3.1841637307100066
0.6225709729841078;0.7106072281435253;4.6400959923545875
-0.9936485523904481;0.0005278727120100399;4.6400959923545875
0.7510509571148462;0.8656911139763944;3.02635442962077
-0.9543697730585513;0.033288668745167733;3.02635442962077
0.6620991676267062;0.6958671254510914;4.483255144928798
-0.993497825041294;0.010139704868933973;4.483255144928798
0.7168481204843177;0.6836752599736021;4.164383144499387
-0.9897256294875575;0.019554319790800388;4.164383144499387
0.7192590275499539;0.6667073570812766;4.27237753885427
-0.9907071542991958;0.015713966711562576;4.27237753885427
0.7452754613911544;0.8395144616276674;3.0768143254213265
-0.9615236968899731;0.035443832196324576;3.0768143254213265
0.8214784353518322;0.8190293810224992;2.733044166469096
-0.9526446847294423;0.039176559472737724;2.733044166469096
0.8147645169411998;0.751928344179872;3.0912386823835964
-0.965988828292478;0.03747112494620418;3.0912386823835964
0.8687428950721364;0.6927695676389133;3.4510564258403145
-0.9603913050283863;0.023776048752755654;3.4510564258403145
0.8734044906958823;0.6582997001625074;3.7092381307082105
-0.9616791236216862;0.014532805771642815;3.7092381307082105
0.7511806578114152;0.8350207139641873;3.041944066260313
-0.961707273960321;0.03639022142171244;3.041944066260313
0.6080521244211152;0.6011322107865202;5.459579924601067
-0.9999669412419737;0.03639238452590407;5.459579924601067
0.6294145920913093;0.6340761877150553;5.145813538100921
-0.9989873107176938;0.016630092874543985;5.145813538100921
0.744878729848708;0.6813406474353595;3.9791692872771454
-0.986291751980705;0.022881603625848616;3.9791692872771454
0.6799215692258395;0.852164094269518;3.54558910489267
-0.9656178786026066;0.022860077731855975;3.54558910489267
0.6059463954650532;0.6036575596432467;5.462219123426574
-0.9999756316161286;0.03620715531825075;5.462219123426574
0.8041138009170602;0.7375849730298846;3.228662990864567
-0.9701582909379421;0.03608744105033456;3.228662990864567
0.7883818693685102;0.6962180802771017;3.609762203332462
-0.9778755917489138;0.02909433217925954;3.609762203332462
0.6684850195695463;0.716253023170648;4.283957085860406
-0.9909388205227976;0.01569025379432135;4.283957085860406
0.7017570629658735;0.8561466685994613;3.380374027599501
-0.9627294921397036;0.02719587692809092;3.380374027599501
0.8004821814131272;0.8430468982459888;2.7547016861420897
-0.9515791132256286;0.03814673205248433;2.7547016861420897
0.6585133248392093;0.6499988555820891;4.84573804736676
-0.997042534571015;0.0025188225747380666;4.84573804736676
0.6878714589802474;0.7275903899413295;4.055436346279337
-0.9880713665879624;0.02218403865993293;4.055436346279337
0.6928382327135675;0.7418727254694021;3.917093217314499
-0.9857294003879566;0.025137575587692976;3.917093217314499
0.6252183930846641;0.7307108361117257;4.468901218202596
-0.9911784948149441;0.004650401651756855;4.468901218202596
0.7290170976035889;0.6138123612393283;4.550013786999749
-0.9916172365600283;0.0002955907401071614;4.550013786999749
0.7963927947448329;0.8786688130860374;2.7767809226416302
-0.9435431147518718;0.03379820591788122;2.7767809226416302
0.8725118447253778;0.701100930030289;3.3891248719932445
-0.9586377125185535;0.024961006333648905;3.3891248719932445
0.7890456317568341;0.8278261400309755;2.8355008007386813
-0.9571247885375851;0.03910570774736967;2.8355008007386813
0.5994232133729047;0.8320070801321421;4.091590723068338
-0.9734451401604388;0.0012555005122366833;4.091590723068338
0.7121331186913963;0.8129105599255365;3.382944014628287
-0.971462732757534;0.03211272861150888;3.382944014628287
0.8837423991577085;0.6410495075188257;3.8431801698246866
-0.9597356417939928;0.00772195152330319;3.8431801698246866
0.6540958717031228;0.6488239198602285;4.88664596703189
-0.9973484523360548;0.0041422218604982505;4.88664596703189
0.6978507831633237;0.8760213929854812;3.424382298383267
-0.9580251080103395;0.023786285308200726;3.424382298383267
0.747480373232828;0.7683927031914001;3.3413658888302873
-0.9752579474488577;0.03624266759269002;3.3413658888302873
0.760633549755476;0.6567585507091577;4.056764983114521
-0.9855924611843446;0.01793216980020446;4.056764983114521
0.7784864691655667;0.8454883231225824;2.859678231991566
-0.9549837367454156;0.037467980450531436;2.859678231991566
0.6454440722966942;0.731984954719198;4.329976603119603
-0.9903047093484961;0.011486418827220953;4.329976603119603
0.6970573200784308;0.6358843680142824;4.653712312174076
-0.9946604009849553;0.002468863988493837;4.653712312174076
0.6448794927939819;0.6601307688199526;4.871160794583417
-0.9971890191100257;0.0036257735867498697;4.871160794583417
0.6984229921187753;0.6757711469356303;4.363906150425687
-0.9923155018507017;0.014249303536208867;4.363906150425687
0.7562771322413043;0.7654095871703123;3.300267303397331
-0.9744408722910538;0.03689181417522738;3.300267303397331
0.6964011871428463;0.8777303903990967;3.432546920627834
-0.9577067260825667;0.023225272382992455;3.432546920627834
0.7678281236886878;0.6376620305025521;4.143222840651361
-0.9853165155719655;0.012611354034055295;4.143222840651361
0.62195298731222;0.6253175759702757;5.246512335877399
-0.9994387009348216;0.0222146879919429;5.246512335877399
0.8099655911681455;0.7898238359362483;2.8854662366591564
-0.960732447695087;0.039797132677616996;2.8854662366591564
0.6527301996627782;0.6908698339068139;4.60284533532872
-0.9944963008176857;0.006402212757108436;4.60284533532872
0.6417514171708464;0.7609692456760077;4.159147300754896
-0.9862680163655305;0.013433986249464649;4.159147300754896
0.760374148362338;0.7276209077522869;3.529560879207475
-0.9792155551511411;0.033191058887387034;3.529560879207475
0.7631360102539845;0.6698049148934547;3.9473019072323923
-0.9843802319431123;0.02169028607410509;3.9473019072323923
0.6174287218377825;0.6224870490039749;5.290041853203712
-0.9995953680267037;0.02484311938110302;5.290041853203712
0.7835600552372378;0.7026573383891174;3.581453354449879
-0.9781263632643328;0.03025413444670652;3.581453354449879
0.8351961913771925;0.6519977721998002;3.768530934094634
-0.9714062565107398;0.01685656867871779;3.768530934094634
0.6158570545734754;0.616429263528927;5.332631426851964
-0.999739350535051;0.02760683963888816;5.332631426851964
0.6300020599522397;0.7978271318598317;4.033628907801319
-0.980181178043181;0.011095979023563522;4.033628907801319
0.6506321001594556;0.7915709806135606;3.92614726949201
-0.9805599184755862;0.01761818212940812;3.92614726949201
0.8489063179498134;0.7684918860770117;2.916691755572022
-0.9558331261585452;0.036615410821607755;2.916691755572022
0.7310846792959541;0.8529728162598896;3.160887300711943
-0.9602234900718538;0.032444559309754484;3.160887300711943
0.6950507740079804;0.7597103859740141;3.780173614809194
-0.982877260769131;0.02736240696531308;3.780173614809194
0.6074646565601849;0.8275819975433162;4.061670895051241
-0.9744085150019501;0.0021693749380329377;4.061670895051241
0.8762579060204012;0.6631444026519978;3.6770833054254
-0.9606426195387495;0.015455277243905156;3.6770833054254
0.6829046852469273;0.6788687047478085;4.458141924248826
-0.9934746534340452;0.011615896573405216;4.458141924248826
0.7466258745260203;0.6198014816397219;4.389456991506011
-0.9891140624892754;0.0046796967106483775;4.389456991506011
0.8628529575573544;0.6901068886328784;3.466145972197233
-0.9621302289613285;0.023973009800346824;3.466145972197233
0.7054192002807639;0.7776243410060196;3.594827571661498
-0.9788941066109069;0.030553802209054848;3.594827571661498
0.6354494892081392;0.6541492778722983;4.978272504895552
-0.9979077864467588;0.008349303747034395;4.978272504895552
0.8183961364451328;0.8165803266931663;2.7488290936838577
-0.953799349466343;0.03938667493063995;2.7488290936838577
0.6871924376864448;0.6774801443492459;4.436235470842666
-0.9932202400024019;0.012263338856191713;4.436235470842666
0.7798521412059113;0.8241258554523884;2.8922734298154484
-0.9595512076218519;0.03901200688470393;2.8922734298154484
0.6423312555790374;0.6305818983604307;5.083466018888567
-0.9986373354185544;0.013561926130438308;5.083466018888567
0.782339342798941;0.6248826971641324;4.142390121597772
-0.9832091717797904;0.009022031434717696;4.142390121597772
0.6572544651372157;0.7206094406848197;4.330358212642743
-0.9911272418374372;0.013320851368360472;4.330358212642743
0.6804022247484188;0.770948569859084;3.8193287142919523
-0.9823142951825554;0.02485238656163975;3.8193287142919523
0.6433154549824142;0.6420794836386386;5.007063607711507
-0.9981782056936631;0.009488936135206905;5.007063607711507
0.7239282526264391;0.8580845495952575;3.214597145976109
-0.9598455208312099;0.030839274349849212;3.214597145976109
0.6322908957740462;0.7786695760313113;4.114597372059387
-0.983652337730921;0.011418669373044137;4.114597372059387
0.6748250947959503;0.694074204057343;4.403599529389358
-0.9928016577307892;0.013110968861071753;4.403599529389358
0.6957832014709585;0.7827513332468662;3.637441358371838
-0.9789387172111446;0.028841342399596508;3.637441358371838
0.7234552265565991;0.6471301813520917;4.380882626897734
-0.9913067829578427;0.01077171620505403;4.380882626897734
0.8021606610157853;0.8004516636021698;2.8725045643233194
-0.9602852520050423;0.03999512754396535;2.8725045643233194
0.7037330912253664;0.8671559689023506;3.366312023106156
-0.959765367768227;0.026222758115762905;3.366312023106156
0.6153229928817205;0.7428035187036034;4.441446369717585
-0.9897391855194878;0.002622965569145902;4.441446369717585
0.8101410685811506;0.7770445025978286;2.953783555858454
-0.9629517114618442;0.03937020386705131;2.953783555858454
0.6441394358782645;0.6740774084274935;4.776809836582753
-0.9962890266247616;0.00014901451668192234;4.776809836582753
0.7086922355059472;0.6177796766637929;4.67620302033933
-0.9939532958649755;0.001541354093653309;4.67620302033933
0.8442752401370249;0.6295976989570539;3.902468292963877
-0.9701804359272456;0.00900275891007793;3.902468292963877
0.7212197969039681;0.7141778120255434;3.9010028142948316
-0.9862302760472443;0.026428231651425;3.9010028142948316
0.8783483760709845;0.7358378283525723;3.138890856029094
-0.9531672740803512;0.029744747696525617;3.138890856029094
0.6442920249330516;0.6708730382769644;4.799930294645744
-0.996513705771547;0.0009187457432717344;4.799930294645744
0.6584751775755125;0.6495258295122491;4.848971231723632
-0.9970682289683211;0.0026717513462594378;4.848971231723632
0.7392024170106278;0.8157105690808798;3.176633641682643
-0.9675828920048705;0.03605683192180531;3.176633641682643
0.6392871039360347;0.6551487361811538;4.942323805925625
-0.9977101957914821;0.00681052359118392;4.942323805925625
0.8640431521846937;0.6593601940932777;3.6938744738981595
-0.9640412359263811;0.016118919652767644;3.6938744738981595
0.7388285738263994;0.8206315660977638;3.16428941766514
-0.9665948665329158;0.035832395100241346;3.16428941766514
0.7165734601857009;0.8426272783453242;3.2786286247008283
-0.964419720992199;0.03122292759548342;3.2786286247008283
0.6411105431407406;0.726247606259203;4.400128015700345
-0.9912244643523958;0.009314724916471975;4.400128015700345
0.640195008812018;0.6297808058227984;5.102648588292081
-0.9987495149444222;0.014512209274926906;5.102648588292081
0.6203584316896948;0.6250734334826163;5.257478526481809
-0.9994785645909844;0.02287039673854671;5.257478526481809
0.650899131005333;0.6867957061439983;4.633309319917456
-0.9949506828059594;0.0049537187175991634;4.633309319917456
0.8863440425418285;0.6546223039421383;3.7558880386737856
-0.9584017234226707;0.011410031806442882;3.7558880386737856
0.7180840918280932;0.6796011322107866;4.185705728225481
-0.9899111409519569;0.018793896623447222;4.185705728225481
0.6968360659489895;0.680448001464855;4.341177178743835
-0.9921067641828809;0.015064522357371421;4.341177178743835
0.6197709638287645;0.6218919516903052;5.279987139002486
-0.9995650203513257;0.024204982351901105;5.279987139002486
0.8123154626118668;0.7765562176225099;2.947339108675738
-0.9625926316048359;0.0392987184484926;2.947339108675738
0.7076317415751768;0.6349840925910385;4.579711523439457
-0.9936162241682727;0.004237855137562113;4.579711523439457
0.7647534542347277;0.7848265443919707;3.1357608858289368
-0.9698127415234525;0.038527447256527736;3.1357608858289368
0.6047867186486713;0.7716809973220621;4.311555537096592
-0.9853595896867697;0.0010898088713739082;4.311555537096592
0.6333132424411198;0.653348185334666;4.997505857021009
-0.9980240542559895;0.009291229890128413;4.997505857021009
0.6334353136849494;0.6474506183671446;5.033045168302981
-0.9983166776866371;0.011015108563797782;5.033045168302981
0.6856207704221376;0.7445811811918731;3.951559042525264
-0.9859818649036852;0.023846146363086653;3.951559042525264
0.7221887374018662;0.7401637280557866;3.7047424482952693
-0.9828606005594515;0.030365027972702394;3.7047424482952693
0.8558796377535839;0.8568333193460033;2.6147544654645265
-0.9363940743800898;0.03364743989664347;2.6147544654645265
