200
2
0.8592060791479427;0.8593052620335543;2.6140234563085887
-0.9349955536187083;0.032977526087059034;2.6140234563085887
0.6015670895926635;0.5999114983482234;5.497911228680036
-0.9999987681995918;0.03941102842597907;5.497911228680036
0.7956069611126794;0.5976531803373744;4.222796869987336
-0.9810480937401702;0.0009635342182446674;4.222796869987336
0.5925643353602246;0.8200440982368334;4.155557480295724
-0.9760540186347978;0.0034313208386732227;4.155557480295724
0.6318941642315997;0.9168465945937698;4.025938306590629
-0.9505595183189134;0.0019126986875531576;4.025938306590629
0.8907080895087396;0.7254007370051346;3.239116040376077
-0.951116930130306;0.026206992458297405;3.239116040376077
0.687627316492588;0.8913565929915848;3.527873300875709
-0.9547711455013846;0.01902635291831295;3.527873300875709
0.8847342280138246;0.7563076500522617;3.0117585742773105
-0.9486144515614396;0.030911089158945568;3.0117585742773105
0.8768148560703741;0.7184655644650609;3.2637035589741634
-0.9556817897470928;0.02745161370888658;3.2637035589741634
0.5980804296907782;0.8117051063927184;4.156158397973792
-0.9778379006791882;0.000908522389525622;4.156158397973792
0.8623265253183389;0.6726125535015374;3.5971719428966153
-0.9636338362860584;0.019887842716343786;3.5971719428966153
0.820463718137498;0.6489459911040582;3.8243430595524646
-0.9748223979454508;0.01676392263645375;3.8243430595524646
0.6383563107018334;0.6512043091149072;4.973636926086259
-0.9979555488218419;0.008268839915894319;4.973636926086259
0.6702550526050767;0.7888625248910895;3.7995938033382055
-0.979902293437051;0.023042205273686972;3.7995938033382055
0.8321062630177537;0.8755712552738593;2.653924802138674
-0.9371551610346837;0.03325817325136804;2.653924802138674
0.8698033890029068;0.8147416285829817;2.696451731106838
-0.9422789548007711;0.03491017127043031;2.696451731106838
0.8238588246065109;0.6759924010650716;3.6262591396087416
-0.9724430076293472;0.0240528718947897;3.6262591396087416
0.6855673642529622;0.6425067329920425;4.696902613427414
-0.9954461024912901;0.002101042723145957;4.696902613427414
0.5996063202386492;0.775182916129426;4.318274944687324
-0.9847725240380718;0.0007735145401339197;4.318274944687324
0.619694669301371;0.619221643231531;5.294922098791723
-0.99962139590492;0.02519082655424988;5.294922098791723
0.8025879103691892;0.7705060616002014;3.0211784879111967
-0.9655502921564716;0.03912341031758994;3.0211784879111967
0.7613812361239328;0.8282839071953368;2.9903110374138966
-0.9616750003901497;0.03770861167045015;2.9903110374138966
0.7583904906501057;0.8656682256181764;2.9732112131523905
-0.9532924238374217;0.03395633287582135;2.9732112131523905
0.62798788442905;0.6207856810430987;5.235369906917818
-0.9993925014963637;0.02170594002237984;5.235369906917818
0.8274141495830504;0.8448016723760404;2.662854129893989
-0.94570695834087;0.03724127455494809;2.662854129893989
0.68996955848357;0.7156045196878028;4.135206924706413
-0.9893278921633506;0.020770704842573005;4.135206924706413
0.8717260110932242;0.7720853583172479;2.8960650817196
-0.9495907299178384;0.034076152112378244;2.8960650817196
0.7404689061653608;0.8429324564548984;3.104264808524822
-0.9613912296906395;0.03461285304959963;3.104264808524822
0.754270586170854;0.6707738553913528;4.0023296535173865
-0.9856990676549194;0.021209424260427705;4.0023296535173865
0.8477313822279527;0.8015426753438976;2.7453667193678974
-0.950283285227354;0.03771933530339242;2.7453667193678974
0.8423678769521862;0.6947074486347095;3.44214235512594
-0.9667108514704202;0.027118441629552063;3.44214235512594
0.6045959823301874;0.6037872603398158;5.463821972757982
-0.9999822669600017;0.03668216932645969;5.463821972757982
0.6223954955711026;0.6407672177674696;5.144499291505773
-0.9989188227605443;0.016898438930946703;5.144499291505773
0.6044052460117035;0.6117066322832663;5.421563648348335
-0.999921777343632;0.033711700113851356;5.421563648348335
0.8355242578449847;0.6422244432406864;3.8380893195318615
-0.9717785887512403;0.013844900793851648;3.8380893195318615
0.744062378405597;0.7810652241914687;3.292572712475892
-0.9735858295178401;0.036512456755442034;3.292572712475892
0.6722310808645696;0.8221574566456348;3.6556307387430116
-0.9730832578233949;0.023184150417960667;3.6556307387430116
0.6504566227464504;0.6451083763761626;4.933597557177041
-0.9977123025784044;0.00635463674922597;4.933597557177041
0.6918464038574513;0.7756254243883086;3.721752046924692
-0.9805515830587846;0.027708679705184418;3.721752046924692
0.6363726529896011;0.6456500675206568;5.025836643032695
-0.9982980007711681;0.010597810346039321;5.025836643032695
0.8817892592564336;0.7349833296457645;3.1506372079660325
-0.9523593537803051;0.02908334964633258;3.1506372079660325
0.8711766904959907;0.6613972579746855;3.6846172535421475
-0.9620842921498685;0.015723158633102075;3.6846172535421475
0.731038902579518;0.7601223764219392;3.5077090436540113
-0.9788222803877595;0.03365414218032928;3.5077090436540113
0.6595509304117616;0.6747259119103387;4.667759644283838
-0.995445266790308;0.004580461705101936;4.667759644283838
0.8784323000511174;0.8068680333559674;2.7325329094658537
-0.9416143675771577;0.033801204426512826;2.7325329094658537
0.6211595242273271;0.6169404368624638;5.298987910998489
-0.999632715532151;0.025494719430701626;5.298987910998489
0.6774419970855491;0.689130318682241;4.420747618935785
-0.9930535009312931;0.012687449686119977;4.420747618935785
0.6070908133759565;0.607380732580052;5.431176561231959
-0.9999476239477979;0.03431613646534752;5.431176561231959
0.868605564922828;0.8121933913680371;2.704650924239666
-0.9430957230591271;0.03514459766856552;2.704650924239666
0.7199151604855384;0.8553837233255258;3.246284912438106
-0.9609813799259838;0.03051906167054454;3.246284912438106
0.8296572086884207;0.8376528751592648;2.669120963207354
-0.9468537230084643;0.037702710965052295;2.669120963207354
0.7761442271745848;0.8490665364573399;2.87089049719701
-0.9545354809911949;0.03702337710298273;2.87089049719701
0.7634640767217767;0.6806997734052537;3.8698733118392896
-0.9835208132930454;0.024432582244649958;3.8698733118392896
0.7451533901473247;0.8687734128830938;3.0632515994050995
-0.9544172567830342;0.032262067068079936;3.0632515994050995
0.6085709272073914;0.6140793920852057;5.386285579735366
-0.9998641641891776;0.03121156235764455;5.386285579735366
0.7160546573994248;0.8827353113961136;3.2910443246291896
-0.9543698779805256;0.026108047703860167;3.2910443246291896
0.6026199540706945;0.6086395922820456;5.447384950652527
-0.9999592474733405;0.035577688173036554;5.447384950652527
0.6936927314203752;0.6565525554851951;4.537970424332151
-0.9940296341652436;0.008121595309311475;4.537970424332151
0.6517307413539227;0.6652882788717566;4.785689916871032
-0.9965366966384521;0.00013102086879100694;4.785689916871032
0.7879317316568882;0.8263841734632374;2.8441805255741244
-0.957639319728471;0.03915823228986045;2.8441805255741244
0.6586735433467358;0.6636250581745772;4.746926652164083
-0.9962616387779596;0.0014287078919455534;4.746926652164083
0.665555309717634;0.6664403262353992;4.677581576581837
-0.995653565415326;0.00408643879877206;4.677581576581837
0.8248659123681058;0.8160767828123688;2.7317796619910815
-0.9525364287480489;0.03912322345650562;2.7317796619910815
0.6386996360751044;0.6988044647557431;4.621210007033124
-0.9943858266608837;0.0037416562443245774;4.621210007033124
0.6263933288065248;0.6437274454303393;5.1018494970082715
-0.9986965016482842;0.014560387594607024;5.1018494970082715
0.6120499576565372;0.6079758298937217;5.401133354503127
-0.9998955977792823;0.032198500321914375;5.401133354503127
0.7816374331469204;0.6880545658459919;3.707698634285959
-0.9798332431540563;0.027131035910636814;3.707698634285959
0.8387057396372958;0.7465953567150628;3.0770530620856076
-0.9615244220065154;0.035649809794738495;3.0770530620856076
0.813070778433063;0.8365160867011009;2.716267001068054
-0.9505927819856593;0.03849573016319147;2.716267001068054
0.701123818388507;0.6679891051414882;4.398852133273472
-0.9926032193019126;0.012796624348585996;4.398852133273472
0.6146363421351786;0.6052597447185113;5.400632633709684
-0.9998790636005951;0.032283452684125996;5.400632633709684
0.6631291437465191;0.8615254327807066;3.668925724393107
-0.9644566237893815;0.017480989829585725;3.668925724393107
0.749456401492321;0.749692914527241;3.46673136785867
-0.9778758181624856;0.03491454180113106;3.46673136785867
0.729619824369998;0.6066864523807707;4.581339833038037
-0.9916123703501536;0.0023234968148419938;4.581339833038037
0.6759084770849387;0.7278574207872069;4.1461454561480995
-0.9890060713784417;0.019396742205146693;4.1461454561480995
0.7233560436709875;0.6579029686200609;4.304938241061553
-0.9907582364055029;0.01393413763124502;4.304938241061553
0.6811880583805724;0.6543323847380428;4.649688919244674
-0.9952396123057528;0.004664668392516121;4.649688919244674
0.6435977447337703;0.6406832937873367;5.010293653411955
-0.9982236327416131;0.009843478330814975;5.010293653411955
0.642537250803;0.6308870764700049;5.080640379507658
-0.9986192395287515;0.013393698289539346;5.080640379507658
0.7729245981185769;0.7119805296366092;3.5772443781853953
-0.9790023090971299;0.03151949544990759;3.5772443781853953
0.6989646832632695;0.7083946868491123;4.111675967941812
-0.9892860987683706;0.02140033137443635;4.111675967941812
0.6329851759733275;0.7215860106354571;4.486829418641728
-0.9920958137616904;0.005957294827276957;4.486829418641728
0.81038521106881;0.8236223115715909;2.7543122674967226
-0.9539591409589424;0.03933413378707096;2.7543122674967226
0.6170167313898574;0.807440242311419;4.071180902163258
-0.9785723926041796;0.006461766203095749;4.071180902163258
0.7103325678449085;0.6755651517116678;4.2733625333855505
-0.9910981741271365;0.016475720142171787;4.2733625333855505
0.6486255540890052;0.7384394717366923;4.267725033182555
-0.9892927689659735;0.013296078485081807;4.267725033182555
0.6743825865370677;0.6972404269441753;4.382562941787068
-0.992533776853052;0.013660735580267338;4.382562941787068
0.7800199891661771;0.7023750486377612;3.6020545694605395
-0.9787843626909561;0.030070168038600832;3.6020545694605395
0.867316187409877;0.7015281793836928;3.3815743199884936
-0.9599414771983755;0.025771831457108138;3.3815743199884936
0.7118431994873008;0.8882971824431034;3.3378792035948877
-0.9533129136270265;0.024431986095973475;3.3378792035948877
0.6343737363718901;0.8791952453250529;3.898389405973157
-0.9612067339386489;0.00629605391449653;3.898389405973157
0.6171006553699903;0.6092575779539333;5.365347405271866
-0.9998109502903207;0.02983484183408691;5.365347405271866
0.7859633328501346;0.6928153443553494;3.649262920891643
-0.9786330532339628;0.02831442156966156;3.649262920891643
0.7988418490741659;0.8388201814283861;2.768150061500532
-0.9528606771322539;0.03849165220030019;2.768150061500532
0.7322977622815116;0.8565434001419078;3.150396094204769
-0.959197187858299;0.03221925090830139;3.150396094204769
0.6328859930877159;0.8036865515636563;3.9916708335803763
-0.9789400738538823;0.01205931803128955;3.9916708335803763
0.6452380770727316;0.7307795011863799;4.338222173305268
-0.9904708124450221;0.011257269755847846;4.338222173305268
0.7543163628872901;0.8866263322931847;3.0320944325207186
-0.9483950945859007;0.030408883853585;3.0320944325207186
0.7910140305635877;0.7300623326288805;3.3392871603568075
-0.9736520424414206;0.03502797503597452;3.3392871603568075
0.6882147843535183;0.7215860106354571;4.094351566647682
-0.988780905663662;0.021355311834806944;4.094351566647682
0.8164429965438579;0.6318407580624242;3.9492791857433525
-0.9763533664432187;0.011452097215638533;3.9492791857433525
0.7146126908316867;0.7109810713277537;3.9740433425813038
-0.9873542050659097;0.024784637771040386;3.9740433425813038
0.7779524074738119;0.7550487903502682;3.242130049111164
-0.9725307413393649;0.03749329241482503;3.242130049111164
0.7974838064865607;0.7409724500461582;3.2319439311984923
-0.9709924922012834;0.03650941711664964;3.2319439311984923
0.7380198518360278;0.8503330256120728;3.116882975807905
-0.9599653858212837;0.03362504776630648;3.116882975807905
0.7038246446582387;0.8780660863196283;3.3779640178905277
-0.9569059649477116;0.024655987191622285;3.3779640178905277
0.62798788442905;0.6215638852225129;5.23078454388058
-0.9993760333378611;0.02142761496007843;5.23078454388058
0.7251642239702146;0.8815680051269923;3.2213941673073947
-0.9536359232028816;0.027746267165622767;3.2213941673073947
0.6737569714124406;0.6794943198724356;4.520491675818033
-0.9941375328566772;0.009541078790033776;4.520491675818033
0.630246202439899;0.7419032432803595;4.357753489596059
-0.9895295195325892;0.007808415072583154;4.357753489596059
0.8085770307695829;0.8181062172410373;2.7779318618482027
-0.9554839146940945;0.039598599440398;2.7779318618482027
0.6669820173798934;0.7731305933425395;3.907325388847304
-0.9829171978611735;0.021584251285553024;3.907325388847304
0.7514934653737287;0.6034668233247629;4.445093477985198
-0.9885845123695118;0.000978173435509641;4.445093477985198
0.6182069260171967;0.6131714872092224;5.337473130404496
-0.9997475417577973;0.02795361493973074;5.337473130404496
0.7887557125527386;0.8332125336649602;2.824658803610504
-0.9559894491554985;0.03877049360735726;2.824658803610504
0.6250963218408344;0.6338473041328746;5.174444137797347
-0.9991126612345844;0.018198014977518467;5.174444137797347
0.771291895232355;0.8603504970588459;2.8926605920788973
-0.9525986123198574;0.03553366222540016;2.8926605920788973
0.6406222581654218;0.7075401881423046;4.542427500632787
-0.9934142517631578;0.006049918598950099;4.542427500632787
0.6613667401637281;0.6577732679234919;4.769169718548701
-0.9964544865863475;0.0005523759500058803;4.769169718548701
0.7527828428866797;0.7996887183282343;3.1446074450119657
-0.9688852543621873;0.037770443177856855;3.1446074450119657
0.7577648755254786;0.7327478999931335;3.5156346890556014
-0.9789684336334524;0.033693349305288105;3.5156346890556014
0.8151307306726888;0.6189240945746961;4.0388196258455675
-0.9769501260304643;0.0069825774637169435;4.0388196258455675
0.6617634717061746;0.6632664738958275;4.727461189999144
-0.9960989423941872;0.0021946050843899556;4.727461189999144
0.6991401606762747;0.8352877448100647;3.4211142422427177
-0.9679309303859639;0.02858206787781207;3.4211142422427177
0.620984046814322;0.6143159051201257;5.315268611468564
-0.9996774143618822;0.02652529458633507;5.315268611468564
0.7105461925216104;0.6419497829420696;4.510153054537503
-0.9930342515955519;0.007018145215560295;4.510153054537503
0.7177712842657796;0.6842550983817931;4.16205234332712
-0.9895702722721169;0.019841556058092374;4.16205234332712
0.6556217622509938;0.6537449168771124;4.838305752579412
-0.9970133207639975;0.002235624874791328;4.838305752579412
0.6577580090180132;0.6689580456393863;4.714000317353089
-0.9959625725824489;0.0025952221988312096;4.714000317353089
0.6290941550762564;0.6246995902983878;5.20514806828483
-0.999271995313839;0.019939041470651786;5.20514806828483
0.6508686131943756;0.6617863600643926;4.815883723414311
-0.9968025377561366;0.001343180794818502;4.815883723414311
0.7072121216745123;0.6402560444339328;4.550802554867478
-0.9934639593713277;0.005872278295960827;4.550802554867478
0.8446567127739927;0.7428569248727789;3.0851307287779326
-0.9606621390995629;0.03474044696922589;3.0851307287779326
0.728483035911834;0.7227304285463604;3.7846064398286163
-0.9843386109512241;0.028914737174982857;3.7846064398286163
0.6500141144875679;0.7866957603131127;3.9551368394911943
-0.9814950002342518;0.017327231353405442;3.9551368394911943
0.6610539326014145;0.713201242074906;4.3672718479104224
-0.991763059093938;0.013159965977128665;4.3672718479104224
0.7362727071587155;0.7621441813978683;3.455913894498813
-0.977819199974805;0.03450576914508367;3.455913894498813
0.7554302629872359;0.7927077690717245;3.1616153570809735
-0.9698174457479538;0.037960361910701755;3.1616153570809735
0.8063950072861273;0.7623806944327883;3.0539293933639224
-0.9661045754412243;0.03854389173045114;3.0539293933639224
0.7078606251573575;0.6807150323107324;4.2543224984643615
-0.9909666328009549;0.017281432086977383;4.2543224984643615
0.7480068054718435;0.7064491764005768;3.776422081969539
-0.9835186083322496;0.028544951126626878;3.776422081969539
0.6109589459148095;0.7513561352244204;4.406569246597924
-0.9885516477940445;0.0018972542900551823;4.406569246597924
0.8046860098725118;0.8637608624333376;2.7290776102544316
-0.9457915551576718;0.03591259373323173;2.7290776102544316
0.8382174546619771;0.7310999382014328;3.1761676203223326
-0.9637075760357775;0.03379220764331336;3.1761676203223326
0.7528972846777701;0.7908461826033218;3.181307781532045
-0.9705426581343786;0.03769754183634124;3.181307781532045
0.6978660420688024;0.6633732862341785;4.457086897031115
-0.993226079340015;0.010901795722860624;4.457086897031115
0.653111672299746;0.8724431796507236;3.7444816939884733
-0.9622095082961262;0.013175804907515777;3.7444816939884733
0.7224252504367862;0.866606648305117;3.2242157315728406
-0.9578792781274599;0.029545712631763116;3.2242157315728406
0.7336100281526806;0.7689343943358943;3.435552314885896
-0.9770717069407339;0.03462729978283442;3.435552314885896
0.8094010116654332;0.6955390589832992;3.525568368918691
-0.973859488819211;0.028999532781571732;3.525568368918691
0.7846129197152688;0.7732831823973266;3.0932778086352863
-0.9684538040598165;0.039049449417496725;3.0932778086352863
0.7655774351305781;0.6341372233369701;4.177638857091211
-0.985811007691628;0.011304626345440289;4.177638857091211
0.6459018394610555;0.7521190804983559;4.186046996429118
-0.9874557466215774;0.013961174466190752;4.186046996429118
0.7686444751317988;0.8673314463153557;2.910678668344234
-0.951273628597174;0.03448330739732199;2.910678668344234
0.7359141228799658;0.7453212381075905;3.5703269439136864
-0.9803991880394316;0.03290323335166907;3.5703269439136864
0.6385775648312747;0.650082779562222;4.981061162050017
-0.9980037385271563;0.008532375559590646;4.981061162050017
0.8496616337710096;0.6849951552975105;3.5079829266827725
-0.9658202353078887;0.024307607826150407;3.5079829266827725
0.6639912719060662;0.678601673901931;4.599070662212059
-0.9948766165199306;0.006764072302857277;4.599070662212059
0.6445209085152322;0.682210405047646;4.707233559177682
-0.9956392050030671;0.0019518634320315753;4.707233559177682
0.6686452380770728;0.7250955588955604;4.226732883981639
-0.9898711124404002;0.01713525122300264;4.226732883981639
0.6256151246271106;0.6390124436374179;5.137554655978071
-0.9989115401185445;0.016327078062413743;5.137554655978071
0.630566639454952;0.6270342028366306;5.181630351131781
-0.9991677627164186;0.01862483065394812;5.181630351131781
0.8501880660100251;0.7779371485683332;2.858094184721455
-0.9539654266424848;0.03699438861687757;2.858094184721455
0.6340151520931404;0.6894507556972939;4.721662730289308
-0.9954312345736065;0.0002278948494372629;4.721662730289308
0.7146432086426441;0.8056930976341067;3.3909616209015567
-0.9726544896530601;0.03268180680850534;3.3909616209015567
0.8551853575543026;0.7962173173318278;2.763487926637601
-0.9495088755537741;0.0369402676234357;2.763487926637601
0.8507602749654767;0.7032219178918296;3.3691939747807504
-0.9638999848428654;0.02805739730889344;3.3691939747807504
0.8398120102845023;0.8668507907927764;2.632638575016368
-0.9376677794420037;0.03394597560748715;2.632638575016368
0.6358157029396282;0.7090203019737394;4.5618762809270414
-0.9934375322541968;0.0047662111458420114;4.5618762809270414
0.6081360484012481;0.6003006004379305;5.461747659614363
-0.9999668577271119;0.036691626108539294;5.461747659614363
0.7192132508335177;0.821043556545689;3.3024002624841153
-0.9689560476985428;0.03303066988702027;3.3024002624841153
0.6963935576901069;0.6995826689351573;4.197893835811059
-0.9904417601986886;0.019182064733700564;4.197893835811059
0.8114685933577984;0.8087830259935455;2.800575022243049
-0.9568059674136262;0.03979132982079018;2.800575022243049
0.6585743604611242;0.6550190354845847;4.808347454476098
-0.9967761827098671;0.001020691590800156;4.808347454476098
0.6492130219499356;0.6593907119042351;4.8432123743417606
-0.997029830611817;0.002507684648268428;4.8432123743417606
0.7261789411845488;0.8197084023163018;3.25897667459373
-0.9684131706150615;0.03416203015350449;3.25897667459373
0.7927916930518574;0.7102028671483395;3.478715380508218
-0.9756448378713329;0.03188451524256258;3.478715380508218
0.701253519085076;0.8352419680936286;3.4040791213504544
-0.9677364130639695;0.029007136191806226;3.4040791213504544
0.7399958800955208;0.6239366450244523;4.409139649793807
-0.9899647874589257;0.005401200629243159;4.409139649793807
0.8654088242250383;0.7267587795927398;3.1956189114303584
-0.9576673299284215;0.030357409346753187;3.1956189114303584
0.6420108185639845;0.6615269586712546;4.8769741187210025
-0.9972286096524525;0.004135364625654704;4.8769741187210025
0.7829344401126107;0.6348467624417301;4.075142079393165
-0.9828098135223468;0.012433174789751592;4.075142079393165
0.6568806219529874;0.6498538959800414;4.8576210663867965
-0.9971436790202058;0.0030270089249359727;4.8576210663867965
0.7395152245729414;0.6933341471416256;3.926497449266403
-0.9860108893695448;0.024963987775533894;3.926497449266403
0.6336641972671301;0.7057396372958168;4.6012571474795445
-0.9938618414046809;0.0034473847520875983;4.6012571474795445
0.6147355250207902;0.6186265459178613;5.326871202602694
-0.9997179978148589;0.027219255535007966;5.326871202602694
0.6320849005500836;0.636113251596463;5.11580559019809
-0.9988338765588956;0.01505434692555957;5.11580559019809
0.8337313364512363;0.6097992690984275;4.03434256080074
-0.9730077987615592;0.002685878905721098;4.03434256080074
0.8607243402430743;0.7670117722455768;2.9194761766736232
-0.9531956886152824;0.03522433133166566;2.9194761766736232
0.7976211366358691;0.7874205583233514;2.9472482432089278
-0.9635891292827672;0.0398360986561986;2.9472482432089278
0.7743131585171396;0.7151086052597447;3.5494807072418935
-0.9784187468036424;0.03213363727368856;3.5494807072418935
0.6242494525867659;0.6296587345789687;5.205999979518643
-0.9992664309496401;0.019904401621289702;5.205999979518643
0.6807608090271685;0.7816221742414416;3.762759359430997
-0.9804393796379685;0.025444270856532687;3.762759359430997
0.7030540699315638;0.6593830824514958;4.446858574380622
-0.9929517106224826;0.01082836914232304;4.446858574380622
0.7945159493709516;0.8390032882941306;2.7871251130117587
-0.9536300097716656;0.038448668690942975;2.7871251130117587
0.6324282259233546;0.61958785696302;5.214521988524633
-0.9992826204513672;0.020628840822390054;5.214521988524633
0.6353045296060914;0.6446048324953652;5.038515963942263
-0.9983833078107167;0.011272256052064361;5.038515963942263
0.6507618008560246;0.6484348177705214;4.910123057057043
-0.9975416806290566;0.005244044547991933;4.910123057057043
0.8588780126801504;0.8313585766492969;2.6451114215769755
-0.9415081182747793;0.035550019293366236;2.6451114215769755
0.7800428775243952;0.609959487605954;4.241734857868702
-0.9838741223339146;0.003486316911502134;4.241734857868702
