200
2
0.8595722928794317;0.859450221635602;2.6140099823608853
-0.934871589677186;0.032916813068565025;2.6140099823608853
0.605725141335612;0.6000411990447925;5.475829695484828
-0.9999836106639696;0.037726242788512276;5.475829695484828
0.8172669774397082;0.8868552158753653;2.7115656305538645
-0.9373060456507554;0.032158022965340316;2.7115656305538645
0.7886107529506908;0.5968749761579601;4.260034043540167
-0.9823654502262616;0.0013894902591794697;4.260034043540167
0.5950515369532543;0.7688275819975433;4.385053722587369
-0.9858376236231603;0.0029755921493431897;4.385053722587369
0.8857031685117227;0.7498683919402461;3.058322561770485
-0.9492876500615365;0.030141788780394495;3.058322561770485
0.6230821463176446;0.6237916854224046;5.247197166725628
-0.9994507360137881;0.022349297077848163;5.247197166725628
0.6207780515903594;0.6143998291002586;5.3163200814839815
-0.9996805097948646;0.02656793022976113;5.3163200814839815
0.7224939155114404;0.7039238275438503;3.9703830769713337
-0.9871804192763429;0.02476217595342843;3.9703830769713337
0.6561710828482273;0.642903464534489;4.910135172794923
-0.9975051683695322;0.005366078864318058;4.910135172794923
0.6206025741773542;0.7338389117348613;4.472647256912559
-0.9908732438205485;0.00343927400778081;4.472647256912559
0.6087082573566998;0.6064117920821539;5.427253868776916
-0.9999415292975306;0.03406892504835385;5.427253868776916
0.6531040428470066;0.8783636349764632;3.7513477735261382
-0.9606422802307333;0.012280718485381571;3.7513477735261382
0.6450168229432903;0.6360064392581121;5.031352634261787
-0.9983398905007653;0.010913673135394729;5.031352634261787
0.6373034462238024;0.637272928412845;5.075349731552243
-0.9986105570246336;0.012950268437982242;5.075349731552243
0.8740072174622914;0.7319086601918044;3.1651976489952296
-0.9548128513029706;0.02988650120661397;3.1651976489952296
0.8514087784483219;0.7794554096634648;2.853400731413239
-0.9534147084461991;0.036935057306355316;2.853400731413239
0.6290254900016022;0.8811407557735884;3.91705316974974
-0.960845837405338;0.004183894683298661;3.91705316974974
0.6652425021553204;0.6496936774725149;4.799603680418375
-0.9966426257932482;0.0007515738170951955;4.799603680418375
0.7012992958015122;0.8853751020439304;3.4221693966050486
-0.9551849922500644;0.02296926294171108;3.4221693966050486
0.6424685857283458;0.64277376383792;5.0051068916085715
-0.9981850611736788;0.009536235820121738;5.0051068916085715
0.6435672269228129;0.7582455310480579;4.161089881440404
-0.9866204371406141;0.013785351829922573;4.161089881440404
0.606114243425319;0.6122101761640637;5.409704701300163
-0.9999067681590474;0.03285670453886845;5.409704701300163
0.6188630589527813;0.63058952781317;5.230336271017849
-0.9993544413602558;0.021510499498508313;5.230336271017849
0.6839041435557828;0.7138726339159692;4.186652097114942
-0.9900464269634591;0.01910382892791104;4.186652097114942
0.6245775190545582;0.8451449977493114;3.932177182806841
-0.9701058767213079;0.00718888235716076;3.932177182806841
0.659001609814528;0.6613057045418133;4.762137941687414
-0.99638675385585;0.0008833463724625887;4.762137941687414
0.8764181245279277;0.7711774534412646;2.9078763671403447
-0.9485181540274018;0.03332953105350368;2.9078763671403447
0.6165208169617993;0.6159867552700444;5.331472624486916
-0.9997357780441961;0.027525484844412113;5.331472624486916
0.7775327875731474;0.6096848273073372;4.252578584425333
-0.9843184135463888;0.003275359408728598;4.252578584425333
0.7261865706372882;0.8696813177590771;3.2047423352825324
-0.9566424891525911;0.02969609160107449;3.2047423352825324
0.6309633709973984;0.626378069901046;5.184111956462144
-0.9991730756329426;0.018717956555849243;5.184111956462144
0.7327021232766974;0.8213563641080025;3.2124982510265037
-0.9672442339254698;0.03501490150062159;3.2124982510265037
0.8232713567455806;0.6652272432498417;3.7009535055104497
-0.9733102912878935;0.021294747993182584;3.7009535055104497
0.5977142159592892;0.7780058136429874;4.311335318048777
-0.984279234537697;0.001403282658472102;4.311335318048777
0.6964317049538037;0.7107979644620092;4.114784971802963
-0.9892703465017649;0.021316605117103038;4.114784971802963
0.6159409785536083;0.6084412265108223;5.3764939605704445
-0.9998373286812872;0.030572487076481386;5.3764939605704445
0.709569622570973;0.8109421611187829;3.4112000040115182
-0.9721442805437853;0.03170261594809432;3.4112000040115182
0.8054947318628835;0.772710973441875;2.994914082812862
-0.9646127219636668;0.03922511695126497;2.994914082812862
0.6817297495250666;0.6840948798742666;4.426035001931722
-0.9931477341844138;0.012578150981235825;4.426035001931722
0.8266588337618542;0.6021469280008545;4.090174674954405
-0.9746377474389256;0.00014346848295873627;4.090174674954405
0.7944701726545155;0.7761900038910209;3.024495805986229
-0.9661552119676515;0.03940250509481954;3.024495805986229
0.6404010040359805;0.6462375353815871;4.996060848851893
-0.9981167002360846;0.00911473503825179;4.996060848851893
0.689046394702108;0.840643620633092;3.502990806592277
-0.9676166370243758;0.026037393573232905;3.502990806592277
0.814856070374072;0.6734899405665632;3.6658416174107855
-0.9745475653987543;0.023774502035188903;3.6658416174107855
0.6736883063377864;0.7365244790991142;4.096385627225874
-0.9880376744349382;0.020016214290544322;4.096385627225874
0.6865973403727751;0.6881232309206461;4.359023892868764
-0.9923966512220378;0.014623425329836681;4.359023892868764
0.6159104607426509;0.8746252031341791;3.9842495483653138
-0.9628707689730891;0.0005421205931994133;3.9842495483653138
0.7841475230981682;0.8711461726850332;2.8269053595500573
-0.9477018990917934;0.03468692108834833;2.8269053595500573
0.7961562817099129;0.6992469730146257;3.5470054474064363
-0.9761259788058183;0.02983405338299088;3.5470054474064363
0.6013229471050041;0.7503490474628255;4.463467310705293
-0.988760349072269;0.0019377884348897659;4.463467310705293
0.6309481120919197;0.6583759946899009;4.970699353775496
-0.9978196093136558;0.008635899685361131;4.970699353775496
0.867552700444797;0.7602444476657689;2.962485356770877
-0.9525322014448959;0.03385612872121574;2.962485356770877
0.8491275720792547;0.6066406756643345;4.031541109386743
-0.9694229098092845;0.00019865335405255813;4.031541109386743
0.8639134514881247;0.8384692266023758;2.632223095193792
-0.9387003742436526;0.03443518932349021;2.632223095193792
0.8389346232194764;0.6970496906256914;3.432325187100782
-0.9672926441775603;0.027885328914491567;3.432325187100782
0.8818121476146517;0.6955695767942566;3.4445946990477117
-0.9566900513495784;0.02240105921174778;3.4445946990477117
0.6272173097023751;0.6362124344820747;5.144546250678279
-0.9989744650415014;0.016680224684773676;5.144546250678279
0.8560703740720678;0.7427119652707311;3.0795898852781782
-0.9579407306195766;0.03357419422827648;3.0795898852781782
0.7599392695561947;0.6160249025337412;4.322938598367763
-0.9871644042901044;0.004548301388589339;4.322938598367763
0.743032402285784;0.87260339815825;3.0840409424870465
-0.9537197246290278;0.03148343938654588;3.0840409424870465
0.8837881758741446;0.7487392329348216;3.062220467891681
-0.9499655634068285;0.03035187534357294;3.062220467891681
0.6946921897292307;0.6601765455363887;4.5041218597313
-0.9937258514721836;0.009359666677838073;4.5041218597313
0.8003219629056008;0.8807592831366207;2.7627895365925594
-0.9422568924803313;0.03347783452714657;2.7627895365925594
0.8079437861922164;0.6562016006591848;3.815549020501147
-0.9770674230183026;0.019258916607951777;3.815549020501147
0.8401477062050339;0.8181977706739095;2.6933517119218235
-0.9487209272455077;0.0380570028289741;2.6933517119218235
0.854140122529011;0.6720174561878677;3.60420566003963
-0.9657146730266556;0.020689315611919314;3.60420566003963
0.6266374712941841;0.6286669057228526;5.19590457012155
-0.9992346198725748;0.019409595553856754;5.19590457012155
0.8287721921706556;0.8621891951690305;2.6506345729322263
-0.941256169802017;0.03530466496192312;2.6506345729322263
0.8187470912711431;0.8516376620305025;2.6798538501947196
-0.945930763360019;0.03698209842889504;2.6798538501947196
0.7923873320566716;0.6682713948928444;3.795121451687999
-0.9793786544698088;0.022589621883307667;3.795121451687999
0.6344042541828475;0.6329546581623701;5.1203240354537956
-0.9988658125770633;0.015326097262389635;5.1203240354537956
0.7746946311541073;0.7754499469753035;3.128728314552534
-0.9698145134439622;0.03875693320405792;3.128728314552534
0.761449901198587;0.7827513332468662;3.1705648043358057
-0.970705589368512;0.03821637337764064;3.1705648043358057
0.8412768652104584;0.7839186395159875;2.8403730567829344
-0.9550225790242199;0.0380376102433809;2.8403730567829344
0.6083115258142533;0.753561047066094;4.405905230488009
-0.9882446026741648;0.0010989525147427626;4.405905230488009
0.767423762693502;0.715673184762457;3.5744066364514255
-0.979507386049242;0.031827776994844015;3.5744066364514255
0.7809660413058571;0.7845137368296572;3.04501600537196
-0.9671545098712483;0.03939788406944855;3.04501600537196
0.7190377734205126;0.7413386637776472;3.721734527839522
-0.9830716182336294;0.030003965499899816;3.721734527839522
0.7360438235765349;0.8148102936576359;3.2038050920849983
-0.9681911985009872;0.035690262699065195;3.2038050920849983
0.8074097245004616;0.7525615887572384;3.114534002481374
-0.9673964230475403;0.0376946931215899;3.114534002481374
0.6488239198602285;0.6521122139908905;4.896869336258898
-0.997453518799287;0.004725004457102812;4.896869336258898
0.6696065491222315;0.6812490940024872;4.538495638065601
-0.9942931030795135;0.008895770292956844;4.538495638065601
0.6303377558727713;0.6390734792593328;5.1080427394555645
-0.9987771901356035;0.014682622159983769;5.1080427394555645
0.8127656003234888;0.6356249666211443;3.937384194410797
-0.9769994699536763;0.012817887850081016;3.937384194410797
0.6045502056137513;0.7822477893660688;4.255956109199017
-0.9835198281529729;0.0014842368919816204;4.255956109199017
0.8578938132767736;0.8352648564518467;2.6371271529148883
-0.9408896775984844;0.03540469628370474;2.6371271529148883
0.8426272783453242;0.8533542888968574;2.6264142173620417
-0.9403264319687255;0.03533623499718095;2.6264142173620417
0.7654858816977058;0.8328463199334711;2.954739137636139
-0.9600196817822415;0.037729894904643305;2.954739137636139
0.738798056015442;0.8149781416179017;3.1821025323304974
-0.9677899095368947;0.03602997732618511;3.1821025323304974
0.6799826048477543;0.8065704846991325;3.648018507785922
-0.9757642283027753;0.025552653591688172;3.648018507785922
0.7064568058533162;0.7623654355273096;3.6743139188562557
-0.9813287158943707;0.029833310385786724;3.6743139188562557
0.6123551357661114;0.6159943847227838;5.354716949531489
-0.9997957859932898;0.029068661526901407;5.354716949531489
0.755323450648885;0.8681706861166848;2.994504405527481
-0.9531142998779998;0.03335676349245783;2.994504405527481
0.6236619847258356;0.7462062546253557;4.368226449386367
-0.9890918508683155;0.006011137327736477;4.368226449386367
0.6991859373927108;0.7630139390101548;3.727637945351784
-0.9819590253176005;0.02846855607306903;3.727637945351784
0.7462749197000099;0.8007186944480472;3.1840993512236055
-0.9696285943619488;0.03711309922504997;3.1840993512236055
0.6102036300936133;0.8569172433261362;4.008558807663645
-0.9674850639330183;0.0007377653825114475;4.008558807663645
0.651715482448444;0.6863074211686796;4.627189845068563
-0.9949510579364998;0.005085699373186266;4.627189845068563
0.6351061638348682;0.7959960632023865;4.007818850344626
-0.9803717428901456;0.012793991284867374;4.007818850344626
0.8248964301790632;0.8235917937606335;2.710875456634537
-0.9509575570226314;0.038823595031494774;2.710875456634537
0.7177636548130403;0.8019317774336047;3.386694056580062
-0.9730475188120246;0.03323345176623822;3.386694056580062
0.6670583119072869;0.6662801077278727;4.6666267684563305
-0.9955649291646551;0.004445497977790452;4.6666267684563305
0.7932494602162187;0.736799139397731;3.2851498357630007
-0.9723595075139744;0.035960081431760146;3.2851498357630007
0.8315569424205201;0.8011306848959724;2.7755923251314343
-0.9540529699726288;0.039002880936734007;2.7755923251314343
0.7292917579022057;0.8220659032127625;3.2299547317385233
-0.967524228498958;0.03451344041484471;3.2299547317385233
0.6506855063286311;0.654767263544186;4.865460429987719
-0.9972196355387556;0.003387365758781208;4.865460429987719
0.6327715512966255;0.6195954864157593;5.2123000772307115
-0.9992712868093866;0.02051114257730364;5.2123000772307115
0.7077995895354426;0.8602131669095375;3.333347033811418
-0.9611105676258838;0.027873458840891322;3.333347033811418
0.8787603665189097;0.792677251260767;2.8002335234467433
-0.9442012636448273;0.03374318201670909;2.8002335234467433
0.654767263544186;0.6524173921004647;4.8536403518246205
-0.9971306065260472;0.002873173892871922;4.8536403518246205
0.765531658414142;0.6187638760671696;4.271469790930306
-0.9862194270501818;0.005965400810124359;4.271469790930306
0.6766409045479168;0.6486331835417446;4.7235510813696715
-0.995888966135343;0.0018706204445366331;4.7235510813696715
0.7869246438952934;0.6934028122162798;3.637796781866996
-0.978404149106281;0.02846607461933739;3.637796781866996
0.6720556034515645;0.700757604657018;4.373146514478638
-0.9923573026326491;0.013781178358443918;4.373146514478638
0.8375231744626958;0.7601071175164605;2.9793379919273253
-0.9598043918771498;0.037000569305396615;2.9793379919273253
0.6305056038330371;0.6405230752798102;5.096580253167613
-0.9987144712532353;0.014161239850212462;5.096580253167613
0.7986434833029427;0.7651501857771742;3.0692711222470166
-0.9671836264301764;0.03878365031108514;3.0692711222470166
0.7568569706494953;0.6750463489253916;3.9470138202859255
-0.9849956718661851;0.022525264101586503;3.9470138202859255
0.8040069885787092;0.6048324953651074;4.150533585701619
-0.9793941603583433;0.0018935891771192717;4.150533585701619
0.599751279840697;0.7626248369204477;4.391918108630923
-0.9868635959847848;0.0014964527406619924;4.391918108630923
0.7887328241945205;0.7987274072830756;2.9367117246654955
-0.9631401618650209;0.039871431257145255;2.9367117246654955
0.7858183732480869;0.669080116883216;3.822581713384715
-0.9805415428542084;0.022658865667357034;3.822581713384715
0.7040916755041161;0.7806150864798468;3.590174007211097
-0.978505918924594;0.030425818420208417;3.590174007211097
0.6774343676328097;0.6758550709157632;4.51988277222918
-0.9941421877423938;0.009565702345100575;4.51988277222918
0.6932349642560139;0.6554310259325099;4.550377215324525
-0.994134590476469;0.007701038879658742;4.550377215324525
0.7636319246820426;0.6536609928969795;4.058120267378801
-0.9852819309330259;0.017262258097769496;4.058120267378801
0.7706967979186853;0.7470760122376422;3.3284617829248457
-0.9749350992245682;0.036340373867111433;3.3284617829248457
0.8357073647107293;0.7773115334437061;2.8819826678000924
-0.9574338266771578;0.03821021759073891;2.8819826678000924
0.8476550877005592;0.7934401965347025;2.784780599229128
-0.9518231045072394;0.03768596159474869;2.784780599229128
0.7329157479533993;0.7057091194848594;3.881246885310176
-0.9856829705163426;0.026608932979027618;3.881246885310176
0.7913268381259012;0.5973480022278002;4.2442885119673
-0.98186005001882;0.0011430559379580207;4.2442885119673
0.6764425387766936;0.7549953841810927;3.948226056035569
-0.985177436527918;0.02270813833104368;3.948226056035569
0.733404032928718;0.8130097428111481;3.228266226992866
-0.9689086991372913;0.03539572376182851;3.228266226992866
0.6458179154809226;0.6576511966796622;4.883681212643981
-0.9972922017882534;0.004035296993380157;4.883681212643981
0.6392260683141199;0.6203889495006523;5.166482988392566
-0.9990232804527932;0.018108386571215315;5.166482988392566
0.8349825667004905;0.7808210817038094;2.8646445427249283
-0.9569955522651167;0.03840838912003378;2.8646445427249283
0.657819044639928;0.6534473682202776;4.825201740973397
-0.9969049679709214;0.0016930979486656991;4.825201740973397
0.773527324884986;0.8270021591351252;2.9202272567387473
-0.9600010926278676;0.0385700808742963;2.9202272567387473
0.8543690061111916;0.7192513980972145;3.2466999311609928
-0.9613062487599479;0.030523674465226684;3.2466999311609928
0.872687322138383;0.7595120202027908;2.9746671595732326
-0.9513233819548441;0.03307727669229174;2.9746671595732326
0.6465121956802039;0.791731199121087;3.954108139189551
-0.9807260458276157;0.016373120857112865;3.954108139189551
0.663342768423221;0.64655797239664;4.834482280227704
-0.9969147935084971;0.0022196547772596886;4.834482280227704
0.8177552624150269;0.7030693288370425;3.436553846933915
-0.971396725068665;0.03028919564447214;3.436553846933915
0.6809362864401737;0.6435824858282916;4.7230971969090145
-0.9957838552326528;0.0013573933736870103;4.7230971969090145
0.6319246820425571;0.7007270868460606;4.650916029455854
-0.9944329878893569;0.0018955762074348709;4.650916029455854
0.6989875716214876;0.7097374705312388;4.103984225089274
-0.989138985501167;0.021649165086976917;4.103984225089274
0.686810965049477;0.856978278948051;3.4908109995428527
-0.9638814301058398;0.02394171809508738;3.4908109995428527
0.7120949714276995;0.8251100548557652;3.3484981434808185
-0.9688747719967953;0.0316421910968435;3.3484981434808185
0.7051826872458439;0.7248437869551617;3.9418314935005925
-0.9867636962051805;0.025361220842839413;3.9418314935005925
0.7585659680631108;0.6205644269136574;4.3044759079101595
-0.9872983249716338;0.006086096108628647;4.3044759079101595
0.6675008201661695;0.8418414447131707;3.646415321747045
-0.9689698108289029;0.020693260847676934;3.646415321747045
0.8460529026252946;0.8077225320627751;2.7260955840579584
-0.949475700822149;0.03781949265832455;2.7260955840579584
0.764242280901191;0.7393244882544575;3.4216283577647904
-0.9770734800097487;0.0350398677992672;3.4216283577647904
0.8188081268930579;0.7285059242700521;3.242217173694357
-0.9683173694061286;0.03453485149829511;3.242217173694357
0.8328158021225137;0.8545826307878935;2.643787107731997
-0.9422282248790583;0.03594385954732854;2.643787107731997
0.6602375811583036;0.6701024635502896;4.688628200875376
-0.9957376489236178;0.0035930963038143526;4.688628200875376
0.8479221185464366;0.788183503597287;2.8121057170560606
-0.9527152588741192;0.03756384096678596;2.8121057170560606
0.8703069328837042;0.8257280405276529;2.662358451661134
-0.9398739644098486;0.03439500311909378;2.662358451661134
0.7977279489742201;0.7218988181977707;3.3687555289882605
-0.9733828193895115;0.03389504318523138;3.3687555289882605
0.6495639767759459;0.6775411799711607;4.70799240631464
-0.9957743421309864;0.0023728403136761902;4.70799240631464
0.6149338907920134;0.6117676679051811;5.364059752484195
-0.9998192667831588;0.029680875623236624;5.364059752484195
0.6723150048447025;0.6912741949019997;4.44191751856328
-0.9932427145350692;0.011875241317983301;4.44191751856328
0.8575962646199388;0.7403849821852279;3.0953549362904647
-0.9578808433493166;0.033128719952774395;3.0953549362904647
0.8274980735631833;0.7081276560032349;3.372540017937569
-0.968774428870581;0.030803328358853826;3.372540017937569
0.7519664914435688;0.6939826506244707;3.8358706330840877
-0.9841634612496103;0.026453103687146203;3.8358706330840877
0.7722226884665563;0.6218003982574329;4.2143625351781795
-0.9850449977156662;0.007473322902764493;4.2143625351781795
0.6132172639256586;0.6129349741743024;5.367230517524016
-0.9998290098092042;0.029881114382586005;5.367230517524016
0.844664342226732;0.8168855048027405;2.692408842527348
-0.9479533552358127;0.03771997626101;2.692408842527348
0.8655003776579105;0.8306032608281008;2.6483879104860675
-0.94003877250732;0.034773140953358345;2.6483879104860675
0.7342051254663503;0.8087906554462848;3.2333332623488107
-0.9696672798874361;0.035593758861926;3.2333332623488107
0.7806684926490223;0.8327395075951202;2.8674045974366322
-0.957524097333726;0.038554417465968174;2.8674045974366322
0.7027641507274683;0.6304750860220797;4.643165929945248
-0.9942718678972163;0.0018064931570282022;4.643165929945248
0.7792570438922416;0.599751279840697;4.294623437497752
-0.9840618041336768;0.0005298201535272537;4.294623437497752
0.638562305925796;0.7681485607037407;4.132768539391135
-0.9852296724868679;0.012923356746760414;4.132768539391135
0.7385768018860007;0.8235536464969367;3.1547906759732904
-0.9660015101761293;0.03567241647014574;3.1547906759732904
0.7275064659611966;0.7095391047600156;3.8921720699871027
-0.98597097969883;0.026561513954945413;3.8921720699871027
0.8619069054176743;0.8034881857924331;2.7423708823331454
-0.9464838849349398;0.03615536762148461;2.7423708823331454
0.6364184297060372;0.6291780790563893;5.131093688327792
-0.9989117614017241;0.015939058814703873;5.131093688327792
0.7031151055534787;0.7868636082733785;3.564373950555736
-0.9774820342795971;0.03044075244049117;3.564373950555736
0.786314287676145;0.6322985252267855;4.072554289504999
-0.9822807608991796;0.011688916637077586;4.072554289504999
0.8153977615185662;0.7514705770155107;3.091277542849201
-0.9659243449591328;0.03740780404500989;3.091277542849201
0.7703916198091111;0.8545521129769361;2.8987654332043413
-0.9541684591912827;0.03614741079222338;2.8987654332043413
0.7502269762189958;0.7694531971221704;3.3161424790481684
-0.974684680214233;0.03658953893763862;3.3161424790481684
0.789259256433536;0.7224557682477436;3.4087932658784945
-0.9749128070387671;0.033871528549591814;3.4087932658784945
0.6682942832510624;0.6624806402636739;4.685103545689868
-0.9957251933427145;0.0037420298733595522;4.685103545689868
0.879477535076409;0.7123696317263163;3.3167287855186443
-0.9556463956564081;0.02600423997439675;3.3167287855186443
0.7907164819067528;0.6601383982726919;3.862759548566628
-0.9802038666984725;0.02035254865408421;3.862759548566628
0.6259126732839454;0.7655240289614026;4.2290783605108295
-0.9860631937586132;0.00850501009780344;4.2290783605108295
0.6615269586712546;0.865187570095597;3.6821630175588353
-0.9636231278850834;0.016575797530199183;3.6821630175588353
0.7166421252603551;0.8471973205361979;3.2709841776845225
-0.9633331755499476;0.030823877653093065;3.2709841776845225
0.758977958511036;0.6226548969642407;4.290692963982955
-0.987189148763769;0.006865906541313624;4.290692963982955
0.6757940352938484;0.7402400225831801;4.052767702478678
-0.9873743805580727;0.021001623430555394;4.052767702478678
0.7342890494464832;0.8595265161629956;3.135778369617917
-0.9582047659421252;0.0321386648508499;3.135778369617917
0.714597431926208;0.7070213853560284;4.003970667066427
-0.987782177000719;0.024061378585289145;4.003970667066427
0.6589482036453526;0.7735883605069008;3.962705882468316
-0.983336493288079;0.019406816044413622;3.962705882468316
0.8101258096756719;0.6754964866370136;3.6682923619139043
-0.9753818070215386;0.024396343138684724;3.6682923619139043
0.6703618649434276;0.6832785284311557;4.516478307462633
-0.9940745723367902;0.009570052013857355;4.516478307462633
0.6139496913886366;0.8480213014320482;3.992899517455038
-0.9696165645359358;0.003079237274388809;3.992899517455038
0.6083344141724714;0.836561863417537;4.039365475609595
-0.972373305748511;0.0019275333528276165;4.039365475609595
