100
2
0.43669812843770445;0.8357493523623573;0.3361739634461675
3.9959816868266818;1.0096847648442458e-6
0.7515755882952639;0.06975408476216856;0.6704963615719965
3.9416374807556585;0.0002144538611375026
0.29586194691031287;0.285239692840155;0.9997247422356561
3.7017283482860366;0.005777882451645226
0.28870241667655056;0.40696520361657906;0.9456299197182182
3.464033996097822;0.019267785022745374
0.9415116498996134;0.23896003728347248;0.2424910980884405
3.9597480618388414;0.00010177639239183803
0.8177517512603667;0.5693218484051918;0.08477305106516175
3.9940553668764514;2.2103091758335352e-6
0.4907110330560453;0.7044645843286882;0.514036831907429
0.04519139566729028;3.1948606772543635
0.8942169707302172;0.4042173992151254;0.21990262802701038
1.7854551480158427;0.44061816563242456
0.6569902052213854;0.10171427444003284;0.8022386708217815
3.0720043178194207;0.06115065474024249
0.6759787871059618;0.13287403753133356;0.739468753145661
1.5571680549157676;0.5657064574823785
0.8856844675491442;0.2738799922111198;0.4005181215302264
0.4846546186320752;1.6999690173274677
0.790022742033848;0.08563103368240294;0.6092412650475488
3.059936013555589;0.06286689735490476
0.3395087788557303;0.2467362654936519;0.9222991898812264
2.6530779364250945;0.1377692727621432
0.6243547278066479;0.7563206889888315;0.1974750276257111
2.3521317531339982;0.21746729204535836
0.5693890833911958;0.7319601279160431;0.3919511635612102
0.16742411426390047;2.5307244386292997
0.4144884636672531;0.5823714732241738;0.7023370230973172
0.07810811341300802;2.960194961773701
0.47696144593547307;0.14053929271195925;0.9397441628068351
3.953984827621205;0.00013310396308289547
0.5092869728982741;0.7197810032884321;0.47174448754318227
0.07383376936430538;2.986938967725763
0.6151655846697704;0.22960418757782272;0.7656867942331059
0.06907678132825147;3.0177782979031
0.8027076476442102;0.5896569280942148;0.0893624438695303
3.7765993144275125;0.0032095113338711677
0.8251544895608519;0.47299321816061957;0.5713868153107753
0.014117341169494648;3.5388516694532277
0.41430370139398376;0.6950229977852904;0.6261211644934848
0.4373833130356998;1.7919848537159706
0.35893514926249853;0.5271713924044674;0.7998841209318804
0.7084124336991124;1.3417228223470652
0.8707940291301152;0.2617787207377954;0.4528379382978125
0.29976871167696845;2.1097231900424305
0.30218034764835267;0.2826408716389739;0.9764143158052149
3.428554877916902;0.022011956508126963
0.5129156113322388;0.8054988897397427;0.32556690211926503
2.285007058124796;0.2385111365188999
0.39125690665276763;0.7899868829148361;0.49053441430879313
2.4004209632950713;0.20310417191501945
0.2910620474090854;0.3415582288055475;0.971498872925503
3.5127057120503298;0.01582026589302062
0.42231176409241356;0.7596679353367021;0.585244572159684
1.0879822624312752;0.9157267334756956
0.7843988292441593;0.6043100921056038;0.164379095535798
2.022309862169153;0.333992202728319
0.5530832209579077;0.20359979416444904;0.8098186452996734
0.5732634286980793;1.544696959364895
0.7855606691657819;0.5619270457412711;0.4269780350826727
0.12924724420558875;2.6912083339916055
0.5968232902799;0.1680451356155917;0.7865963590399607
1.0561606793291554;0.9453735443309825
0.7251354558980289;0.6735778315336406;0.1548013896438887
2.3327061748010043;0.22342644664842368
0.7662572814794774;0.5986634998120433;0.23633103780970074
0.3313526998047909;2.028822961261409
0.7114192602302628;0.6334017768866311;0.46280054298844414
0.017005242467893904;3.495388640463795
0.8608778801751029;0.4947289032627015;0.12258164523620022
3.034764960662606;0.06653424041505551
0.9358444064215885;0.25622061985952893;0.26005637718036256
3.2924875515251446;0.034402347809063004
0.908092807215568;0.2128493768746058;0.47108154748820447
1.6569231740405939;0.5080620587404829
0.636521336537896;0.15506185280804333;0.7557261414417411
1.1306413801685935;0.8773765068392242
0.29265683589817026;0.37376039654770343;0.9465110910885647
3.2988673972126756;0.03375360901893462
0.6866443450901912;0.12095490534928338;0.7236824542397303
1.9158388084581457;0.3792856446810352
0.8763549497573644;0.3647719773170809;0.36029939181745635
0.26784808089030365;2.1976864219262366
0.46121628166282147;0.8220136172130077;0.33424859279768876
2.9671224799513354;0.07698752632224362
0.5881863667550095;0.750050072020658;0.30498971467794905
0.6797945645188502;1.3818083558906813
0.30002528423806923;0.43035045526939747;0.8522842688350709
2.791607551585738;0.10836576145336183
0.844461220031698;0.5196904371371008;0.14467354931230597
2.4820729220899342;0.1802345590851398
0.4280809443293931;0.6259128189268935;0.6656137289618577
0.06611939318126259;3.037571732204776
0.8550624560909592;0.5043777948555619;0.12662309283585255
2.9040595218168432;0.08753897618144615
0.7749361995797001;0.07212593181375969;0.6369178913473065
3.73073989262923;0.004690560527623497
0.9161133474005365;0.34379481884917074;0.2313725071949717
2.3317757877376564;0.22371450744564358
0.6445358572117755;0.16088184932239377;0.7481041065389359
0.929455333324174;1.0731247804297799
0.7021171715059706;0.6837204102686861;0.2468302218650505
1.137145271963327;0.871664718565711
0.3083182692675504;0.376028073520901;0.889124175808866
2.486120338456963;0.1791459913304894
0.4741196769228725;0.6632026891824991;0.5822820920250894
0.0025559034348871215;3.8003321289715615
0.345127610100469;0.285709024865738;0.9088176292321988
1.8346955548804547;0.4166581908447216
0.854338706198985;0.5102993311721619;0.09899548701350658
3.7034317242837496;0.005710789582362702
0.5902933821028806;0.7454610594382495;0.31081479993969624
0.5622568528709417;1.562905315299017
0.34913209251941973;0.7987579935346144;0.49579803754221813
3.9497474309532143;0.00015883183367062983
0.42502903642091205;0.793792412882138;0.43570674482560406
1.9092210461796328;0.3822384391078388
0.7255618276305161;0.11248625427372681;0.6835016287299632
2.0229205789544884;0.3337440776256877
0.379063141755563;0.7753229937739679;0.5221671930656097
2.277554344908914;0.2409270151375437
0.499291775381329;0.16480801936231937;0.8687131101993768
2.2573152676273804;0.24756949246866028
0.4543647920529107;0.1933430148680634;0.876775541157585
1.8402633965653428;0.41401106691410505
0.5422957204418527;0.17570799740242957;0.827651491491636
1.3191055153927431;0.7250127598768197
0.9118630731728449;0.29496170127399146;0.28600583317372846
1.3721801232423312;0.6865764298131377
0.9100873868111176;0.3150319578106411;0.2736308435140467
1.3552452943092308;0.6986451709415723
0.8880036407579605;0.39476275634227453;0.3003879089580471
0.980012897994576;1.0201888655515665
0.5247855811618153;0.19013925372001442;0.8333630076933419
1.0851802089290283;0.9183008798789952
0.6045380146270528;0.17423565071552902;0.7783671271330075
0.8475706515401612;1.1650266362373463
0.6293920186532488;0.2167385429357841;0.7471025941477621
0.126883066864466;2.702057088075668
0.7679855951812166;0.07554951841298159;0.6474248359280221
3.5592062234568997;0.012862766171749383
0.7172459353224026;0.6786735819757301;0.1844459791883151
1.9734482711754722;0.3542692974456307
0.6898623579909611;0.6525707236313713;0.327583794938704
0.01961070012915672;3.459457861997895
0.9268578691262943;0.3084246173412606;0.247432858598452
2.8240515236843553;0.10208571159116342
0.797537231492918;0.548059389015397;0.2521366844081999
0.17642188711257917;2.4963176659997144
0.308289535447412;0.44154719724721697;0.8455418889665376
2.368375064805507;0.21256471710244348
0.8310016487256161;0.5420811731420253;0.13821941805548216
2.530471049683813;0.1674892962178322
0.8651077564932106;0.4667352655474419;0.18531285862517866
1.378876193479083;0.6818538286541797
0.8809128996512426;0.41244759664207514;0.323863278575557
0.8850887292150768;1.1219225533146253
0.4433149501211691;0.7732776042845009;0.5498752660091967
1.1153197635842615;0.8909717408299591
0.5548332518459089;0.7785533432505221;0.3032158230028814
1.3617450227399521;0.6939917769225135
0.40315103264008506;0.5594691089326338;0.7320950162951351
0.12886158586431984;2.6929697466824414
0.6073141201119056;0.7397005400752839;0.2912345635049792
0.6257846559046624;1.4615225785042145
0.6978608802525463;0.6804193734727603;0.26734351982197174
0.7309082906146779;1.3111813059220627
0.736222085713037;0.08138441028105178;0.6853024698072209
3.3855473688829467;0.02560457684120778
0.7412895716932054;0.6150935478953048;0.4533235789875122
0.10803758209443759;2.793274746632847
0.46453810237264836;0.1468973234450468;0.9450050461165285
3.8245039787338087;0.0019683501961579204
0.31388056760605954;0.4482575849127327;0.8382288008427551
2.1094740408948423;0.2998626378561265
0.7536094995407464;0.14638487006144094;0.6448518493668904
0.9525303938600514;1.0486238501834713
0.43136548730972424;0.8299976766235855;0.37005791021637185
3.592991019472735;0.010916348806152856
0.32776413412636207;0.3885561522888259;0.864658645962876
1.6612948558601113;0.5056457508722845
0.6419052742374081;0.09584688831753545;0.8257886395781444
3.6121568595283873;0.009886820095810238
0.6855579931042831;0.6594837529136992;0.5298900382289434
0.038592837197340336;3.252790447815986
0.3704199193691066;0.41638182096425663;0.8454691923394307
0.5198090414439562;1.6358976934474025
0.4114921693001654;0.6173043455107344;0.6749764233090957
0.15103101138249841;2.5965226704206446
0.44386672073137035;0.7662333309751795;0.5543657383971902
0.9581854048696855;1.0427075952128655
0.8545061042206993;0.3576978524346125;0.5323249715452556
0.01926845915516723;3.464024957182676
0.9130731619524803;0.3290939144866641;0.25305625285959493
1.717752838934937;0.47523002802042535
0.7297913750463075;0.6118892455016325;0.575189248581633
0.005808266644406393;3.7009603269916966
