100
2
0.787365260423186;0.06715523627893809;0.6203478240055778
3.9997676115313343;3.3753730734776418e-9
0.42240241201960954;0.833588043904313;0.35597348728541306
3.9183134114038136;0.0004213571723960279
0.9417301935341369;0.23362301262260043;0.24200599824423508
3.9847714962968954;1.4521864277992807e-5
0.28028719070519376;0.4788861447879965;0.8350018253326781
3.99732533876385;4.472628425864976e-7
0.8079367715052861;0.5831598273714172;0.08474193949710505
3.9759241497345292;3.633734947364299e-5
0.3237900294075282;0.2235436094928615;1.07900766439827
3.761539989245563;0.0036640023578499276
0.3415172072888911;0.2076928539012234;1.0174661951244603
3.7165131473056876;0.0052090839911692315
0.29608707527375555;0.2724748163390372;0.951401963762024
3.8568473672608445;0.0013042366954275084
0.34226010088267567;0.20645570193333027;1.0327435908316946
3.74041977659763;0.00435382383054673
0.7980143180671577;0.09745752897385741;0.594794572511301
2.5699102753569525;0.15753439697059263
0.926727463213709;0.3254132520193068;0.18817311624495486
3.2821525423719846;0.035467736341591685
0.4346531188342894;0.19052259993264015;0.925450797987686
2.258373500485439;0.2472192013705823
0.8820076425946511;0.450380723325264;0.14199847738577326
2.7967524767515264;0.10735492330738818
0.40895821412337363;0.7452289003940135;0.5271959501952143
1.0438561980949357;0.9570849579202461
0.7194035545015535;0.1537793673825512;0.6843618981531415
0.817204466952762;1.20122998263402
0.5338808134036949;0.7341566857239223;0.43402604169405756
0.14759195208186499;2.6108840314574415
0.510592513416371;0.7863392810288397;0.37259937348943584
1.248086621817752;0.779374732572258
0.34492633535596123;0.4445458143554088;0.8269582422633257
1.0286834545733872;0.9717221196363391
0.9218366930425552;0.34905283493239464;0.17892492518547384
3.4370139478400867;0.021339793358824213
0.5493980385808841;0.7665738140142668;0.3825958867571308
0.7926754057634788;1.2313825938459217
0.36368779214523855;0.4076790997600974;0.8380911389078982
0.6567981569395476;1.4150747709868285
0.8219339118008133;0.5607156074065776;0.11421785899204268
3.3634704113773273;0.02756374743746795
0.6350020649066924;0.1316428677983158;0.7612160885278306
1.9296552465058967;0.37317399088248304
0.6007013969813065;0.14062093713626336;0.7914155701812174
1.9289489932508141;0.3734846659408974
0.762947006237659;0.5920750190785083;0.37399612456550896
0.13376891193688134;2.670791608288564
0.48591738388591565;0.17204367156419295;0.8778978574917703
2.158411514695729;0.28179818428750286
0.322418765429112;0.2878983530166917;0.9083094816834555
2.5282900544884486;0.16805099673164306
0.4765001636601883;0.6649563478930914;0.5761145412466047
0.001985202594322985;3.823762753084819
0.7150265511520915;0.6375626877011841;0.4661522017066787
0.06490315577313513;3.045859244859497
0.5209938685849196;0.14218091092211335;0.8529694775624409
2.989630114376186;0.07341136205068023
0.5467035253198024;0.7267143566470268;0.4160285219794705
0.08967717291190423;2.8918312869188574
0.8687557485403087;0.4845922376740265;0.1021501581993551
3.7945279193433907;0.002708702402185821
0.7020671349987478;0.07857771513284248;0.7096222290143854
3.840375038097841;0.0016250988814192262
0.41706587329555445;0.6512291656556862;0.7279418191402405
0.19639946589237756;2.4237202917951466
0.8995012875449125;0.3083828713950217;0.3117938092076758
0.804066686666532;1.2172760617952514
0.5278651392760365;0.7828551992735836;0.33746719396715374
1.2177264567852357;0.8037007082690616
0.4519411328077401;0.7301273185953989;0.5149361705866135
0.3714483057922227;1.9335859444855874
0.843298479661343;0.4961180444183008;0.3053858926495797
0.7796153745280693;1.24778214057589
0.6180093075805179;0.1526113424188048;0.7768798316626035
1.3386766571706559;0.7106288489981328
0.7528343735346131;0.08807357228992362;0.6535187664366987
2.969449538530847;0.07661321256941066
0.31506961991428944;0.5375266972734175;0.8048393334065584
2.131959969320983;0.291466881478508
0.5044299391865752;0.798145142300713;0.34478573481776154
1.7475811133046695;0.4597367686898707
0.777471072037466;0.6166834201125115;0.13252655611498662
2.5518317673927124;0.16205021570540934
0.9235404943754969;0.2573787407710419;0.2850256972593316
2.1299806189213335;0.2921993706437539
0.5921896632306576;0.16071672555852135;0.789682792176186
1.3047727222223406;0.7357067831536724
0.8908474681233873;0.41361905348138406;0.2005521200453927
1.7825408779872842;0.4420676735046939
0.7553167327874956;0.6059800295072255;0.3805744520623525
0.20815124299193535;2.3832074389609823
0.5645783209069463;0.7260046777366828;0.39807867175511985
0.09926544013239962;2.839008703543226
0.9328500502219542;0.21770014229278084;0.2930223587993323
3.1163990586825925;0.055068805895835876
0.3033724508702772;0.26476488879520227;0.9400551215894906
3.6326371421556263;0.008845810115509346
0.39296479266137746;0.5237807799629539;0.7669999125861723
0.18835633210631894;2.4523548016631276
0.5002949976026929;0.8090949199151851;0.31755912771655076
2.357065008069475;0.21597063254392052
0.739377114589285;0.6386355645382291;0.2599894715195431
0.6457497223016194;1.431407556814891
0.462157919849804;0.6462944718453842;0.6217604653080695
0.002971572105177175;3.784923059881785
0.43996422089431125;0.681329372232947;0.6090151697659629
0.14475788995833286;2.6228754242819177
0.2945499466003563;0.4347664626006983;0.8510781085331729
3.090466481438947;0.058577424931929564
0.6689817653711352;0.7073385601688265;0.24519747854660384
0.9046905669864929;1.100081642039819
0.5856727279881426;0.13511276560285626;0.8011072128949092
2.3462257418742856;0.2192679429345402
0.42714338610384484;0.6910506987158649;0.5856748522224103
0.28341075520645803;2.1539572846409873
0.4182022956760301;0.6245610225043238;0.6943363274841291
0.11850899061351011;2.7415035985339578
0.7053860841307769;0.6440268302513886;0.4763559339156353
0.04605248101154175;3.187658808979491
0.9139350048300467;0.35134326466377175;0.2092850874857041
2.2828771050570955;0.23919993954655444
0.5662244447844085;0.7604401708478651;0.320279543043641
0.7525704672688663;1.2825376898585634
0.3745029606418237;0.7515731120153631;0.5460936453291307
1.86651769230435;0.4016953642803547
0.297282540828573;0.5067701693633023;0.8128333317765293
2.9634757080787084;0.07757625127138913
0.6179240401586498;0.7314344797812589;0.38954357259849404
0.534037673997241;1.6109224207176418
0.4563045356445659;0.21937885130534407;0.8679010304894531
1.0927108879138971;0.9113983898312251
0.7496470044131497;0.1691745681993647;0.6399919642656202
0.5144515313441831;1.6454404645291856
0.8137285293021629;0.5750179562092471;0.08499565424435326
3.9727775809492654;4.647453483632526e-5
0.3992365180994917;0.7178606092735624;0.6679157945800156
0.8486946330554608;1.1637096766564021
0.8283169171939807;0.28194959942397296;0.5496079075890474
0.004412160538850835;3.738715776254809
0.8027897193792409;0.5669023098744341;0.2033801384021014
0.9708904276305081;1.0295395371250549
0.3833564428869352;0.46839197047664455;0.8002233935925094
0.2842671724636433;2.151598712665381
0.6912560685777602;0.6930000162872757;0.2323719251668734
1.122491149936996;0.8845838362983487
0.9094797847096071;0.38343161804663245;0.1655471726220612
3.0337504292607154;0.06668455701783509
0.5703600599902808;0.15908454064122193;0.8097089999426962
1.568480535048891;0.5589208177900722
0.4400303685051801;0.8180124510640093;0.49459212922114965
2.7874124615494016;0.10919418233821475
0.6740983050268584;0.7228371103784905;0.1521321676054775
2.7775298926856697;0.11116069476610686
0.33298228450276157;0.4734900775451859;0.8189495274820754
1.3730623281235226;0.685952637709145
0.37447575043919157;0.3981440496580144;0.8437132910369366
0.49131280933708066;1.6875644345014766
0.6876281156353939;0.7064602515491546;0.16806023085340427
2.0687775062035207;0.3154793130575813
0.711369228375087;0.07533153053231678;0.7006367895515958
3.9344694593215777;0.0002706119807043558
0.38235821504409623;0.300347370083897;0.8742181784891865
0.8631880038256864;1.1468715397431424
0.41253606788464386;0.24952015680966486;0.8789853891502754
1.0573713736196364;0.9442287821314466
0.9000463835756819;0.3628958655268726;0.2446234100927501
1.2261928205406682;0.7968491751852198
0.6790200781957921;0.691140662074706;0.33556294829098776
0.5304904384799471;1.617099456191584
0.852900157701148;0.36858049582625896;0.39656058795089155
0.015221951718798596;3.521712856057151
0.4429076865618365;0.7997267204295203;0.4460732425207755
1.9138710740231077;0.38016190346040785
0.33143505589207645;0.6204902530095561;0.735031370136569
1.7838637225670881;0.4414092715611266
0.3242580446153831;0.30275956890369354;0.8970672584534205
2.2949007562883845;0.23532881591056992
0.8541793142884497;0.3741583314814958;0.38424873857237857
0.02233342630255622;3.424558534858545
0.39507770181842716;0.25088615096353856;0.8923074806351166
1.3026237891323895;0.7373219780668568
0.4935979490350155;0.22550020031039839;0.8522660303608408
0.6131017969139366;1.4810691102034377
0.6485976155411834;0.1333126075182037;0.7509670234542716
1.7431788573670273;0.4619989022933095
0.7376714602183734;0.6435608837765083;0.23749000384996466
0.793977430801658;1.2297609821517548
0.44603089973099214;0.6750838232458;0.6379889696404525
0.09182899379923841;2.879697028711355
0.6910776076983048;0.11761351000446982;0.7316080985852833
2.015364001370354;0.3368233418412118
0.7706150939273703;0.08469324887369928;0.6330534788508976
3.0930871514490472;0.058217257614140226
0.6330786290297192;0.6802109422647227;0.44948836152629174
9.51684483823739e-5;3.9610734414989253
0.8352800658508586;0.5143232278600376;0.2215921016179287
0.9143529209374738;1.089480800852989
