100
2
0.28013006973864607;0.4525784837645283;0.8486099187755829
3.9982213254351118;1.9777417491772622e-7
0.7947668628619087;0.06754908219023492;0.6107550428126981
3.9879405601260465;9.103108106864947e-6
0.3563797049320403;0.20783065767006742;1.1021852673236319
3.285515639987114;0.035119082570835396
0.7892496354760027;0.6081640309128704;0.08498541236819196
3.99244519707061;3.570563115763363e-6
0.9417584882781741;0.23977365968340572;0.2705913886459463
3.995238023021743;1.4181208043602189e-6
0.44093115689246964;0.8358537172670885;0.32964343648598715
3.9979924579049126;2.5195230854735183e-7
0.3225159881410549;0.29826814057782597;0.9591139227925114
2.4048309883540098;0.20182399064200043
0.5058919546365975;0.173623437052958;0.8801297644699231
1.8139287072093015;0.4266418840163109
0.3764923772091136;0.75069680145095;0.5634869694179642
1.7991603303040158;0.4338490359927292
0.3000171295417799;0.2918900564992402;1.0277079939712386
3.421498355366719;0.022581293669953095
0.5295416019035944;0.2277123896019695;0.8178727801003918
0.349504300593093;1.9847487509665596
0.31503943877571483;0.6565509852418988;0.6861196075825101
2.710260555997142;0.1251129573510591
0.89634694260264;0.40183421520685303;0.20905657281252488
1.9435978473672122;0.36707872179475565
0.3070696345579012;0.2836760142521233;0.9993625403426307
3.1951132250380905;0.04516136501767158
0.9016022001416065;0.3760068027430305;0.2357232545016017
1.6323003878125157;0.5218399188332036
0.7119362841398539;0.14119195047458494;0.7262784230196956
1.1397160462250437;0.8694166726915324
0.42290203820751215;0.7742037366672722;0.47095596709682963
1.385519955326231;0.677195488467591
0.6256120866256987;0.12258437405079202;0.8034083215290034
2.418535027002968;0.1978790783069232
0.45930587193051187;0.713113624220534;0.5744573283118202
0.19271593348932603;2.4367390156942155
0.8355153380183005;0.5189080032547312;0.1807880273516616
1.154525114066567;0.8565719006095996
0.8243103701266918;0.46371690157776596;0.49598606061379835
0.001095770237310909;3.8686860885785497
0.8452086687602077;0.4944982711809765;0.20526012671396093
0.8507172033629338;1.1613439159593753
0.41127732784897353;0.7584386483650791;0.5163315054633574
1.2310930024117224;0.7929077833624364
0.4676140180129433;0.7928786295094294;0.4334465754150638
1.492218978829562;0.6059623685733025
0.39953112743728925;0.7590534707288404;0.5193309772306801
1.4504688457794563;0.6330523667451492
0.47860290364969765;0.3173987924500351;0.8351002811202529
0.016103289521855607;3.5085083404239654
0.866091100855707;0.4345764853161529;0.41131859534205606
0.5228454295520366;1.6305233740346041
0.28870073855864214;0.3192994613995824;1.0518656620818874
3.775780917911997;0.0032334148991043704
0.6936196181673596;0.1936969937168354;0.70711709865085
0.2287902045317147;2.3155094429843053
0.5430784847836543;0.7653532455873627;0.3454055667892113
0.7096722936859735;1.339990305875317
0.3424555940586706;0.323170714972589;0.9063381740384392
1.5331788154545152;0.5803148916956318
0.35083511591841976;0.4509743187743512;0.8232005072219553
0.8728572924485319;1.135784015246637
0.3599579938231673;0.4206040379960642;0.8399274599155535
0.7061679853957507;1.3448159112547495
0.449045857494579;0.6776808753344281;0.5894022950798196
0.086330552725256;2.9110481000339483
0.8309121461973776;0.11513430174273259;0.5483576410791415
2.152460394088078;0.2839540845226491
0.7038534489057673;0.700174807595679;0.13870473554656462
3.456306516401419;0.019848739850630036
0.48487051356290806;0.8094670895547531;0.37995195901655315
2.2519013330947857;0.24936675764113228
0.5611464848113489;0.7054158560637253;0.4818229352697392
0.005097279878716949;3.7195163315304924
0.30566849168732374;0.3375976597033275;0.9164736408838007
2.7805932034041994;0.11054888162738004
0.80543745756343;0.5607342597286683;0.3844150445774387
0.8515575385150501;1.1603625265655593
0.2952839496510296;0.2694473314817855;1.0579881131487991
3.940666758505841;0.0002216742493258493
0.4787177054411939;0.16616232711411352;0.9342799722659295
2.5261414241842686;0.16860551890238834
0.43125086081908987;0.5830852124126505;0.7004624430237489
0.014593300215512011;3.5313823696187465
0.5015567062982959;0.13352693476086397;0.9961988237319483
3.8735058109575413;0.00101618090272231
0.37522102433333576;0.3531761091138931;0.8670360602713488
0.6293095332882981;1.4561482495504592
0.8136316034785219;0.5468246674657946;0.22060405794006824
0.7800022113583425;1.2472928570902222
0.7224575017349115;0.6430781968383237;0.28447874674030704
0.2478910152212044;2.2563448210446118
0.9241759565385307;0.3481731511112028;0.1627674596110705
3.8872810847579258;0.0008054868671409243
0.8121793929632928;0.5301221756679314;0.2581009808373455
0.2558953006629178;2.2324515009475205
0.8848460817745173;0.2488049643801759;0.4271378863733834
0.6040517736060415;1.4952210645296107
0.4452607722024668;0.8264355235987637;0.355731393259133
3.279403461358203;0.03575414752948564
0.5940987759147115;0.17954398984281544;0.789383335350186
0.7932771623498288;1.2306328357860248
0.36116350648044243;0.1982923469853785;1.0997162963394238
3.5272670804723285;0.014859125125570586
0.9105482180870565;0.2889773233213102;0.3049984348223561
1.289380851124841;0.7473445657130372
0.741524366841827;0.6336707887593632;0.25084761428463453
0.5377768407402814;1.6044460629648696
0.7476590733563997;0.09188767469458778;0.6585898131191075
2.8074762286639356;0.10526617088277342
0.6314783628567683;0.24416908839536233;0.7410874019369733
0.006689325762583201;3.679536131981243
0.49025327927585893;0.7371035990314895;0.5027282741733912
0.24267846032667928;2.272182237232895
0.3664687933799071;0.20390278601210882;1.0739502149142448
3.167630168686592;0.048495200238144846
0.33025030212546824;0.26322595413759503;1.0671216744402405
2.621945462590416;0.14497646456003663
0.34550659042212317;0.40727643302438316;0.8485401481682207
1.069769165821628;0.9325833284261108
0.6545586938538527;0.1479218811391911;0.7533793909689542
1.2190895915390405;0.8025939825041297
0.889980779949426;0.33675588278185487;0.36227562045716827
0.5336627549776507;1.6115737625541806
0.5020196397602414;0.1442162352662885;0.9833017340682112
3.2229603448788833;0.041918253506480506
0.6761905602264777;0.6869708088636138;0.27300304724245994
0.3376209695135512;2.013414543178571
0.5714489541969199;0.2678139944799505;0.776006728464248
0.0023403647912196793;3.8088310971591115
0.36646081811033093;0.5980074923787322;0.7574076969689099
0.7037770497994152;1.3481202144256543
0.57808217733574;0.6985566278514269;0.4475613831557946
0.0002742043425273276;3.9340377379479707
0.8291597893798504;0.5370948541837286;0.15531392519524145
1.6717705208027869;0.49989191309701536
0.66484407579648;0.670193912509541;0.3893060645450846
0.01629405230150661;3.505701419350241
0.7580015944410043;0.07585852909013777;0.6533780875697822
3.5719806172768456;0.012106949256358805
0.5505142248032411;0.7453518111805144;0.4077449077745372
0.30045842835524594;2.1078948936580333
0.9322363706201608;0.18941774833335154;0.33083414516760795
3.4579674388309583;0.01972308809231557
0.7311506511441215;0.15639808584730877;0.6659561575565232
0.7463962649910846;1.2906271407790297
0.3996101859222808;0.7892010423719696;0.4664741617517991
2.195933692695846;0.26846044660409024
0.49412968964348336;0.8189521996784226;0.29370536560463084
3.0134418540166155;0.06973465510148213
0.7243869197734031;0.6454416307277253;0.26540015244892584
0.350229812410227;1.9830211189141018
0.43911451453983985;0.2157888650929385;0.8935447089615047
1.3978903869605521;0.6685938016987614
0.6822235999428681;0.10232054714027163;0.7829490859113005
2.761258398736691;0.11444454698884357
0.761060204711517;0.0847464007948389;0.6482644666689944
3.1068694221075837;0.0563438563273036
0.9254064119890606;0.21107462918516665;0.3148381985357115
2.612074911876352;0.14730897721006808
0.6729547528766998;0.7182685858376413;0.19852756854925765
2.023263940118655;0.3336046320494557
0.608478246169107;0.7343193219981454;0.40546915701807335
0.4775251233115872;1.7133974176899032
0.8733536491718177;0.16572416333310738;0.45808365810905843
1.4506204425813098;0.6329522222385103
0.3357816364648836;0.672073355944575;0.6741749208524632
1.9955957562033224;0.3449734808027486
0.3370751269031061;0.6982587213095923;0.6421621106676481
2.2225648442342036;0.2592572462859594
0.4532840741104405;0.2224907696396812;0.8676602040454634
1.0596692338175595;0.9420597645889693
0.5870871103083036;0.2579057421219186;0.7709868156955204
0.006518026081199423;3.683580853709868
0.7749361672031813;0.623225429786338;0.10694973367365584
3.2223627283721354;0.041986439210531426
0.8609556673214664;0.2579269572817958;0.5334399049831933
0.21228404703834922;2.369312329237561
0.8703398790012765;0.48132006051432064;0.11541248405812952
3.7476692639431564;0.004110119525745649
0.6384217434976622;0.6995163023690907;0.4345636879163233
0.11359902126298378;2.765420865302971
0.7740549985688348;0.6217762134874266;0.11960103353528044
2.7093534663707586;0.125307942383843
0.7322407012799695;0.6641538346528237;0.1631369100165323
2.028669259776224;0.3314148195726285
0.8552092056755604;0.4985177480009431;0.1650189451326301
2.2390481760825303;0.25366842060163985
0.7825912128067347;0.6010701008862899;0.16538515178119528
1.4472944892461852;0.635152364584969
0.8577295956836801;0.5055250906414893;0.09583371250827184
3.9576443811164337;0.00011272250124857458
0.6094352641952673;0.7271388498727878;0.3334737417173218
0.31527878640802526;2.0692911233679085
0.765618579450589;0.5858599854911406;0.39513042480150684
0.09917736500334517;2.8394798457339285
0.8190174633824507;0.5419960710993796;0.1905251265009687
0.9432053324744543;1.058454977613634
