100
2
0.8088592229044669;0.5819442102138899;0.08502379151777395
3.996048359315358;9.76448887767188e-7
0.40063433592506087;0.17255309855423356;1.1020560106824324
3.768476283311016;0.0034508143910166374
0.44424495200612985;0.8356754405075227;0.32303346107289427
3.983760688657149;1.6515744643657743e-5
0.9415797136869285;0.24325187486913138;0.2347460204457379
3.9814984543261946;2.1443821239596575e-5
0.8114967254613284;0.069086089757077;0.5960221470662905
3.9704537486386164;5.476375599871901e-5
0.28226708416688756;0.3606627280844045;0.8894420413661556
3.9709102786989625;5.308143445498941e-5
0.8957388433507677;0.31542443242624335;0.31604198286819146
0.6757997781922955;1.3875180914937961
0.4816638954046163;0.13927042832778674;0.9366379200983609
3.932597051842045;0.0002863651963989928
0.727124516540042;0.6783736502400923;0.12434983699506395
3.6895112001797457;0.006271050159968314
0.8448721040280114;0.4127528060310237;0.3482265432505939
0.0113761480945576;3.5847400390825315
0.3063018641740456;0.2572079328917916;0.9182750000023209
3.6354381333437793;0.008708156905615883
0.29061101384562643;0.5099415191829597;0.8714687900326119
3.3577682717454302;0.028082579444096364
0.8292835058096086;0.47781910860673804;0.29071397184305975
0.06021557022422891;3.0786611277261766
0.8280286178777843;0.45319282250340287;0.42182828865983535
0.0007838909583276412;3.8887916799200495
0.7072980210600395;0.21835313393633327;0.6760138218765823
0.04685391003222579;3.1810233489432718
0.9090932272113431;0.16679274550838946;0.38174581659507534
2.530079622444544;0.16759001859349298
0.40937527793691053;0.21611908136731964;0.9680698476930507
1.852454875022142;0.40825814819877426
0.7414819972454217;0.6635485400993076;0.10817992383356911
3.748073489066337;0.004096744198013722
0.8353618727455904;0.5420436483958063;0.17511526592090476
3.792275348533226;0.0027692296235286517
0.8430398127619365;0.5244425860066623;0.15839454215545581
2.802473560799851;0.10623753055139391
0.696044366461771;0.15604383289247914;0.7017081296696394
0.8235398097639491;1.1935760418699517
0.559651820105506;0.797699900899408;0.225504767462993
3.0390859528704124;0.0658962059951276
0.35809960433363414;0.19725852918719397;1.072227803769637
3.653122835435823;0.007865131017144086
0.32568316067383674;0.44215891092067233;0.8379576561303507
1.6387827508296051;0.51818473758216
0.6118058660000515;0.7375746619993931;0.3040348904338856
0.6307532138369815;1.4539542870253233
0.37410615307388906;0.18619173741907327;1.0585447005757636
3.726674754582208;0.004835849676503619
0.47562044148579435;0.6905005271643789;0.5472953479450912
0.037575907977294515;3.262195660849015
0.5825920455881597;0.7794537536044781;0.3338437767631781
2.261994711827299;0.24602302063419765
0.5694457942686301;0.1453600085040922;0.8113663908363891
2.1063660511552165;0.30103601587871515
0.6858391210092494;0.09051489930553816;0.7489665365446506
3.336572598121543;0.03005758958671568
0.46361959474471204;0.7157766721950622;0.526288197132435
0.18747249522913048;2.4555487314144275
0.36171780704520823;0.7128553669760377;0.6075980325340763
1.6095027405906934;0.5348555755701445
0.603670661124822;0.7687799068185888;0.21133197223762448
2.3306087441773427;0.22407618413662161
0.2965856565393679;0.26710764345944504;1.034681915296763
3.9122590926656367;0.0004865047653634367
0.9231555727095992;0.3044455460316307;0.25211315910482557
2.3232830337559287;0.2263552385384998
0.3866822494478532;0.20844141974697758;0.9835110448272103
2.5325933817909054;0.1669438384485697
0.6647092592924023;0.10640740361566962;0.7399025407749009
2.7417821003519225;0.11845109506230618
0.9118486136828633;0.3526091930559373;0.26125851045024834
2.070966301930429;0.3146253781415276
0.5040025449724422;0.8226590486983396;0.27064101004586605
3.579132187588308;0.011694378037909847
0.7594713678788392;0.6394954437878103;0.1373014486980816
2.8003427669400267;0.10665288235167458
0.8835181399911688;0.2814044413166362;0.4058767029595358
0.4136640653411217;1.8409952087919645
0.4294569017867551;0.648160231567688;0.6482578765474524
0.10286209218905559;2.8199772668735132
0.6747489147235477;0.08170212916658026;0.8302840176743499
3.995074960774142;1.516934725211497e-6
0.8560466990686152;0.3891335334474699;0.3425731540537328
0.04536702388368899;3.1933855791684747
0.8871575508425399;0.27821346256338525;0.3912611538088173
0.49873925081251036;1.6738803139804133
0.37828313554474946;0.3822742751416087;0.8498540963095883
0.47492352148933875;1.7183357133777561
0.3386864434983308;0.7605603362511675;0.6209472408955081
3.2194216003114544;0.04232291038226613
0.5506039389852826;0.27262373431289993;0.7905751835180668
0.007587914841314721;3.6591533622191106
0.587346051446292;0.787470951020178;0.1883678890514139
3.5593199339173967;0.012855931308072171
0.8763687833538346;0.1274249611897382;0.46467375416290635
2.5174436753904965;0.17086201230225226
0.8538431966957982;0.40237456976377545;0.44463586235918634
0.04860207441974066;3.1667669477005504
0.3393344061452717;0.3375548302206482;0.8881508385206771
1.5215758888140742;0.5874889194726148
0.5242763037753885;0.6938341373649702;0.49411689196708386
0.0001243264251440235;3.9555236223689927
0.8667068930045615;0.12485097775601363;0.4829455478479494
2.378873775598241;0.20943454584876098
0.7459086683912394;0.06994723755908316;0.6786662434505437
3.9632453756232096;8.482154850517285e-5
0.3719435391437537;0.21369497876290483;1.025040152862374
2.689334358161394;0.12965831962242486
0.39836732544880354;0.1926716418806621;1.0037900651164364
2.8719886240657844;0.09321159682462057
0.4195582740410175;0.655246284427396;0.6322074569249482
0.18968741478218976;2.447562667091877
0.621988312024139;0.7486125251130623;0.24382547775436286
1.496851362124913;0.6030162817407559
0.31510746922614097;0.5523564884279911;0.8020429049076969
2.1665420468686194;0.27887079671394466
0.470864457828401;0.729090457317907;0.5077115112396793
0.24925327285949708;2.2522424151644387
0.6389469829160529;0.7477983870510934;0.19325320535686386
2.513253026681811;0.1719559648096125
0.8193868924792779;0.5662569238522266;0.08970763971403703
3.7991523288595945;0.0025865937584331755
0.42070599763707855;0.24410234333678774;0.8995110310968639
1.039607958357121;0.9611612768723753
0.93867746777588;0.2367146155894495;0.25405558631395314
3.5994071364402096;0.010565710830938546
0.39305550556356006;0.49672773982113794;0.7738229457760196
0.17821507285337554;2.48959398875724
0.7959507299237263;0.5935260806154581;0.16044282786250658
2.6430278038158797;0.14007117924470888
0.42513259902930706;0.4667393383031916;0.7915045809741018
0.010232225302796341;3.6056143749245146
0.7189260928755169;0.08277505870269072;0.6967040432846315
3.4366039024336144;0.021372116512298357
0.48539730063462005;0.7961677677468865;0.36886931079833046
1.5846372671573496;0.549342213784847
0.6334037060195241;0.1491593988948136;0.7752487857079564
1.326505835897944;0.7195444322863287
0.7521948707175773;0.6119564061086472;0.3524835752800572
0.25459377331719646;2.2363023243249693
0.41432519932017037;0.37025031919185736;0.8384012302431868
0.13556292926902389;2.662808072443088
0.3687516612744066;0.5939885281145243;0.7260866498711059
0.645801674277943;1.431330210965959
0.8648970732551173;0.48936385968926155;0.15131960941480738
3.3567600660915615;0.02817486446737732
0.40063433592506087;0.17255309855423356;1.1020560106824324
3.768476283311016;0.0034508143910166374
0.6929316263509684;0.08549885178453334;0.721451413905702
3.5385127016061806;0.014138759164265402
0.431953987185329;0.6318316423720195;0.6442405872201428
0.058353026247754874;3.0920981841051254
0.4569396679676571;0.6229606308373243;0.6409053970672595
5.336822078283279e-5;3.970831945727596
0.6501462126387093;0.11717847214448417;0.7622936321740117
2.389657865114691;0.20625056477978132
0.3211033555367088;0.2869244194679517;0.908377845068182
2.5886953822323924;0.15292611075300866
0.34653290754086713;0.34227438909045577;0.8759808227010197
1.292597223281993;0.7448993911352828
0.7374837234664416;0.6505170754782182;0.1846562909077751
1.2190629318971606;0.802615614159229
0.7713359384335164;0.5788981250238895;0.4353978470896768
0.10290672706047602;2.819743591302744
0.4960766691873559;0.3065463834379215;0.8768523872722467
0.008732024431806224;3.6349508171608953
0.5200558650749783;0.1782894859665965;0.835969569666819
1.4787438007653044;0.6145993937554888
0.509507499116785;0.7857347597655673;0.3613951427282795
1.2199117978847949;0.8019271027826584
0.8043638602286154;0.5870014268519086;0.100955785679962
3.6677557117864508;0.00720146365379934
0.494157659051088;0.8202036211310695;0.30906593015768474
3.120694047920259;0.05449954403599751
0.8136993089153676;0.10212555913659584;0.572264029163274
2.4709736152758106;0.18324128601647977
0.5275421827018135;0.2901817205913447;0.8017309153184741
0.0024345664260777755;3.8050692634540395
0.7843626688584527;0.10980057377294573;0.6137277316092987
2.054339939945011;0.32115242869787103
0.7089929480638701;0.20025202344493903;0.6905853813196883
0.15612852074176733;2.5756044520011874
0.3558946672295419;0.4686764606299772;0.8096363026086943
0.7471506064837644;1.2896356457438647
0.5382533485152029;0.8085210403507641;0.2378686074278674
3.255781973698285;0.03826774931517262
0.5136865799725275;0.2302960134733003;0.8267542874592134
0.4048325870883485;1.859774357221382
0.4689640495832749;0.6863777487820347;0.5729534787221737
0.04326259836718662;3.211276075714935
0.8763754755594896;0.2001509032758303;0.44995369222133463
0.9250361212264095;1.077884195499723
0.468194811696786;0.6875048069660374;0.5623271790790069
0.04811817663842418;3.1706839476418645
0.29909461818146477;0.6087554086256234;0.7814467257556863
3.18519210342227;0.04634950432006539
