100
2
0.28022532233581854;0.4614232080576784;0.8430936209784644
3.993215045032223;2.8796686907518216e-6
0.7716650803753243;0.06844610650839175;0.6323624864688124
3.9400152362781475;0.0002265879292281296
0.9411683829534367;0.21916571372569346;0.2594592048249416
3.9627671842332544;8.704826571257262e-5
0.42657524980472794;0.8348320846756391;0.38927298315974784
3.974711835107918;4.009504697126612e-5
0.3249716724156372;0.2163589016047476;1.0563962499746182
3.9477089246680865;0.0001720235464953571
0.802538051108062;0.5906028848546955;0.08458010656371305
3.987974928705768;9.051256598024406e-6
0.34200436371320825;0.2088772362998744;1.0194861142823455
3.6580523581702873;0.007638138618211522
0.3848029711190333;0.21113628384740424;0.9780232475600866
2.483117418504229;0.1799532372324398
0.9029973658611158;0.36916261372931897;0.22858067646295335
1.5892817257104253;0.5466130263641352
0.7331357463302338;0.16528223891910016;0.6820840700321383
0.5788777153068924;1.5355171640559766
0.9217619319826947;0.3127282976680411;0.23346798367963909
2.299458393551834;0.2338723297959711
0.3646318093173277;0.22682750440341112;0.9265749927610585
2.4691139235282935;0.1837481603882759
0.4182052445528038;0.1914933885990645;0.9480775508923992
2.519404325723582;0.1703517025696904
0.29708879834863094;0.3554589813095913;0.8914737901469749
3.118994883517902;0.05472435243782223
0.3150230068692726;0.48225865438594123;0.8257040312670206
2.0603838377002552;0.3187689600544127
0.674589464428922;0.6696177054131395;0.4060584863500478
0.051554660264791066;3.1433286067755417
0.3631388601280077;0.1890370114205913;1.0455960546956165
3.8807481804765502;0.0009023134798610829
0.8564785869909797;0.3919647674599842;0.5308906464675232
0.05257636887870244;3.1353948699052228
0.2848463672141605;0.4538414192303567;0.8445318001812424
3.680343583165693;0.006654944013652971
0.8530402006738497;0.4187172998690361;0.5063056420703645
0.08043233573639154;2.946008529664664
0.30107261992346124;0.29845103471307094;0.9135506057204241
3.301890761628338;0.03344854984365546
0.9189213322585336;0.29097719645461156;0.2697135342939344
1.8290768820428196;0.4193421276685247
0.41639000591613695;0.6970169110155843;0.5852427868572813
0.42747247215814665;1.812217311656528
0.7846166488272556;0.6032089956349107;0.20112339235343935
1.923094082132424;0.37606737279355656
0.3309061652603551;0.21286812415557074;1.0369392512888886
3.865731456762172;0.0011460698396832567
0.4064507073564482;0.26066862948177716;0.8811441694809957
0.9662008847235276;1.034380167094551
0.6686596429749285;0.1401004317668648;0.7302785451199845
1.368201230745011;0.689395860576235
0.510926397261335;0.7573472663694035;0.46162885042806845
0.46070969167755715;1.745685738405521
0.612568615267067;0.7021852843523375;0.44462482839324424
0.03329691205667455;3.3033992528558844
0.6882791645743276;0.10647603682037322;0.7220040176244061
2.5099735024704493;0.1728151456414842
0.6168127033392152;0.17957614499604163;0.7730941629571734
0.6615846996841984;1.4080704158755082
0.474121513098057;0.24361655135393093;0.8602937062675047
0.4963077181348688;1.6783432949815351
0.6507953297700881;0.10960263717967682;0.7597419350734975
2.7414948113472946;0.11851081759065003
0.9211151068263359;0.32721073777345283;0.2109805812177594
2.516712559537816;0.17105255031851835
0.7653497094984504;0.09041880491317904;0.6408403065816883
2.8308913422641058;0.10079019323033422
0.8847450008053009;0.2553940256842873;0.47646947312298654
0.5594590915867903;1.567579169967501
0.6377563330339361;0.7081135556297807;0.34962297491827143
0.23440823410191752;2.2977792697335024
0.4515114771249395;0.6473540174208654;0.6141276175583406
0.018915209995285644;3.468784898228546
0.8669159641199752;0.43876192264910124;0.2876838389617409
0.6337350596082186;1.4494359289153282
0.4451882322004846;0.6129645062045864;0.6700282544026658
0.004995559135008932;3.7222784811928675
0.7943991443063065;0.0708344291809071;0.6034819826213127
3.8086302584832192;0.00234534594438033
0.7425226844369403;0.6622636890230593;0.10071606626106955
3.701929580811295;0.0057699350541515326
0.375977139680094;0.7418986409275071;0.5611937935051835
1.656127948987473;0.5085025562651581
0.8432041275977236;0.5119381369980851;0.165214416059745
1.5519552323217882;0.5688554222488842
0.7550601323313977;0.1213999312456423;0.6483740553926198
1.6383577411229704;0.5184237710441055
0.5744233917203724;0.15395286849671228;0.8123894177744938
1.7078824173817944;0.4804434002235157
0.5968322595595528;0.13605349323681643;0.7913010733141056
2.163307895923374;0.28003275916714854
0.8740406360491273;0.4269541115961479;0.23888888183366705
0.7777973748847095;1.2500845183506986
0.835624540518801;0.4890959909965785;0.37490149498552416
0.27907086422278005;2.1659845366998174
0.8071683427632655;0.5823330389532922;0.11634616732755837
3.4636032473273626;0.019299924837218273
0.3222544627443357;0.28090055446517526;0.9258776559505344
2.625305142620598;0.14418777893016968
0.5437561987608378;0.20669053868221848;0.8135345475377342
0.577772054040408;1.5373193139626202
0.7213865597592622;0.6721800418601191;0.1858046349930874
1.6962952897783519;0.48661923109162875
0.7060692777669246;0.17742364331851543;0.6856480725129067
0.4135624442690899;1.8412096091577326
0.656987092079326;0.12791470267881144;0.744063507355266
1.8759159669654961;0.39735269988096444
0.5290695459258276;0.8142553216334545;0.2638230482347792
3.5246992428597426;0.015026288212790635
0.8874155634443877;0.3490392301990216;0.3646691625558835
0.49719154192951664;1.6767191221260067
0.5151077257177443;0.6924137795831641;0.5476208703219202
0.0007924363550231476;3.888191451988232
0.5881099611610092;0.7495455794124599;0.3164794351166166
0.6617891050932604;1.40777225180375
0.622594211770188;0.732913184315374;0.27479936078662476
0.6725303609620558;1.3922124228053148
0.814854564127031;0.5703912715647779;0.13811778201877933
3.2195055474103658;0.04231328590825017
0.463604092392731;0.24634143045083515;0.8654108289394332
0.5440928104768322;1.5935869271359235
0.7463400776660921;0.6380143672238219;0.18953335100471616
1.0079016006202477;0.9921294942969863
0.5254379955871308;0.8018447870472855;0.2971822026836132
2.25160334535852;0.24946593225839017
0.6965239875430171;0.6568112331553064;0.2953451167351572
0.09252215361034995;2.8758239750280037
0.7128787865816547;0.07694739279041708;0.6970755832747103
3.822788712158781;0.0020074599730061805
0.8337008218112194;0.471960177923077;0.3846810366710306
0.08077200805971894;2.9439553434407033
0.8640441877612535;0.4086696922319617;0.42417073071194483
0.2075026445344551;2.3854043177278905
0.8975806778946137;0.26948830637833343;0.3879532278884529
0.8054909715133391;1.215525018441719
0.4711723875375029;0.7680229541079759;0.4353670824317858
0.7843060779778488;1.2418638063740361
0.4439804534589316;0.827565096552327;0.4749219466506755
3.3612507051772433;0.027765088989270367
0.6070055408797397;0.1023849552270079;0.8017677793290902
3.7870965920247954;0.0029109909232436643
0.5532706639781761;0.7792716310434269;0.3240589652465864
1.3718404665012136;0.6868167244034835
0.549478620614716;0.19902266722898113;0.8114886865463815
0.6817295431218158;1.3790529483052643
0.7908327887038501;0.5993554931357506;0.12610804028944614
2.4921419993845815;0.17753417386181958
0.4955102886499368;0.6802303338407365;0.6123646625703055
0.0006677198161384269;3.8973066195016832
0.5838195342831239;0.7519321756118383;0.3079843382284763
0.682825281269361;1.3774955699833937
0.6073991090448548;0.1841237134949721;0.7900691596498841
0.6215303276792253;1.4680425374907797
0.42150888828121363;0.7229657706523774;0.5494224440380301
0.5872066712977619;1.522030209694908
0.4520358956691766;0.21515309701179677;0.8689465216757654
1.2431834267888444;0.783257998194605
0.8243649011830055;0.5442678323803471;0.15579405797440612
1.6356029090191562;0.5199752305903889
0.4866964513241754;0.8068785415085973;0.39044506918006444
2.1117095259357375;0.2990206115887982
0.8822003180893389;0.338952413784873;0.4170950830071525
0.3325212566321323;2.025935011525716
0.7729672861187857;0.5764634203043321;0.39351713001411737
0.09968459154695623;2.836769921131215
0.6449905509937645;0.7161890008472694;0.29001266467693887
0.5566704400402869;1.5722564203968008
0.8504248896632856;0.5023121757476352;0.16112873525323532
1.799383820394407;0.43373929934099376
0.5362186619376281;0.2489674192938199;0.8381968244844488
0.12473736820378069;2.7120102568123094
0.39900397216836736;0.7421390919722025;0.5396542186656433
1.1668978689446645;0.8459759877814986
0.5568630479310765;0.7916799899523915;0.2796626663162258
2.308758531411878;0.2309187422606332
0.8214982077572828;0.5322787628334473;0.24737694254913153
0.69954584109563;1.3539915585394375
0.7598720676975392;0.6246266718692453;0.2044280794785816
1.12931626821683;0.8785445392869783
0.30785649201339377;0.5947580230900481;0.7471278360938112
2.658247258829589;0.13659439001838364
0.5014612355033327;0.7607078633861908;0.4279059065025382
0.5333405934032377;1.6121337375897362
0.8569989344257984;0.5055512198133518;0.1549161483483603
3.6863355700157405;0.0064026848759329725
0.3880706023989219;0.7261791558506759;0.5675865865099721
1.152286407384859;0.8585022351007251
0.5599812149980813;0.1490576434627407;0.9014577804852683
2.0723166297028364;0.314099364329344
0.8789363021531474;0.41076468894262874;0.33308201931922954
0.740271981749904;1.2987095883014772
0.8160482189012128;0.5198358461725644;0.5089568768502652
0.19955308972944014;2.4126984689863193
0.38273388647371764;0.2966207973544139;0.8978031050229477
0.8924752824363729;1.1136388849481242
0.4054467065438563;0.5524808969838786;0.7340404403057158
0.10623748338854537;2.8024738030320453
