100
2
0.45422447991084114;0.8353905630092121;0.31011011150650614
3.992848004883176;3.1998008944089804e-6
0.7854008068939958;0.06845983238792527;0.6371519574813196
3.9263157939610114;0.0003424970481216985
0.3083738400714173;0.24508453970124763;1.108146882710823
3.791864838797324;0.002780334135868994
0.9416712199917205;0.232566413704391;0.24718106802103407
3.977547335542976;3.1596374070041754e-5
0.29165685069494973;0.2996175431216383;1.0533809214801448
3.768757812589852;0.003442300555738132
0.8118245843654952;0.5777483939150176;0.08465772527497663
3.9833684141960957;1.7324137640103354e-5
0.5953968751219143;0.7037334949855304;0.548444798718455
0.014916796220630111;3.5263794491016185
0.5313428680171838;0.15813358378159095;0.9624532670405901
2.0756361990122074;0.3128088387492506
0.3826886621351082;0.21731982296387778;1.0822296174557804
2.3336182935645557;0.22314427782462368
0.4228137811017039;0.17223519713915392;1.0208412819025077
3.288848879223805;0.03477539823528664
0.6756650364438763;0.6707617145757507;0.45500103797839436
0.06745352752022908;3.0285808498914135
0.7143435251938874;0.6490021852246425;0.3706345479198598
0.21114781614887593;2.3731148843486825
0.696395688454192;0.6390740590817119;0.6082168396419478
0.00032446326639625156;3.9282730076090675
0.32365399926296995;0.33166795528026316;0.8877693381596541
2.074387937519927;0.3132936837935716
0.9089924610983121;0.3748979673718924;0.18690336597913668
2.488111656015321;0.17861195348381712
0.8801097861837435;0.42039308645146445;0.22948791092585255
1.0144622468560065;0.9856415819844483
0.4960529642391327;0.268970779042901;0.8550384708629301
0.13436629175382364;2.6681259744588797
0.3424548110838117;0.7003604604832527;0.7153178315433817
2.055366693740119;0.32074664531128666
0.6103631374471223;0.7446279730114467;0.2746911659925691
0.8805879405744117;1.1270020484985974
0.5250344660775343;0.7909641571430135;0.3285489205126526
1.5703632128333318;0.5577978611064031
0.7332752918598436;0.6211866400828755;0.4738231678504652
0.08106428001075387;2.9421926980612954
0.3253796316308224;0.22383299351213762;1.0081876700014665
3.6974182412909036;0.005949469940761954
0.5543311573997741;0.1970758709917271;0.8220109701334934
0.6869335225823388;1.3716754087520717
0.6542178858310588;0.10225469487141929;0.7603539763441544
3.078010944438701;0.06030653979046761
0.6287124590587703;0.7281708939124675;0.2870942887891539
0.6268658043949961;1.4598715084860285
0.5660012033198343;0.7549335848477309;0.47559125492956034
0.5821045523760123;1.530273489224548
0.7926926178491428;0.07287795660505209;0.6204952627986143
3.696622069461123;0.005981451711651797
0.6391339815330952;0.12126368716123771;0.8947717499895742
2.324238878491472;0.2260570137170578
0.6175293284000908;0.735994044706144;0.28943676721198075
0.6830661607229378;1.3771534922504318
0.5473555962532597;0.21880495577310174;0.8083095686759538
0.37221289146500425;1.9318427835838108
0.35365741287710367;0.6373838584744784;0.690496161496024
1.1782351758850436;0.8363734998109776
0.6810273908429405;0.11298053514024761;0.7237737522841716
2.28263445145516;0.2392784944323933
0.8915139827861011;0.3970368473968238;0.2209003764948964
1.28694625580728;0.7492001089942523
0.474033153682046;0.7141399929595225;0.5216913871020862
0.1329543234339087;2.674438236809377
0.40834051799876153;0.758088406650924;0.5102697003042039
1.2732170791899458;0.7597402301256756
0.9130188369225835;0.3173552772918668;0.2974736530120259
1.5755364316843723;0.5547214672637598
0.40220644227320496;0.7306503875052442;0.5728659252539287
0.9498337367293151;1.0514571787671367
0.8611150359374254;0.49617707953725504;0.1305397860515287
3.325504222679945;0.03111819211650077
0.4749043533264055;0.7450359907114575;0.48578241619239204
0.39162425342986046;1.8884286847860983
0.5787540996879712;0.17483851666717554;0.7983609091130329
1.0158278503315104;0.9842964284889165
0.8006634511013215;0.5841392305682457;0.16611329173916217
2.192580848930072;0.2696344889770164
0.4427216837908999;0.8199217016189944;0.38163015341335493
2.8784431314611916;0.0920530672680741
0.3521772364326688;0.23916659308394136;0.9403057966276029
2.4680060162871666;0.18405055331683565
0.4120112506621795;0.7696075828388337;0.494621409025139
1.4479296841701006;0.6347316883754532
0.39277146373610844;0.634387910976411;0.72122521956634
0.3943620163415142;1.8824320289684133
0.4646848715443602;0.18068364745718307;0.9256359964977161
2.1417087380072086;0.28787753031806496
0.3514667815526052;0.2808553299253715;0.9176947948653154
1.7301120970505024;0.46876307300657016
0.765025285923002;0.1345587691201591;0.6378041591561414
1.2516103674625487;0.7765946267750615
0.8151567152180896;0.5620354144798101;0.526432422933285
2.0061672319124333;0.3405979127178536
0.3120670902698897;0.2921092697896592;0.995434650736917
2.880334285666224;0.09171523827082727
0.7785870893854525;0.5729625365063409;0.40333460915633434
0.14710548549693472;2.6129321680549467
0.33788864050570183;0.36654535133427174;0.8668807637381756
1.4124228636541165;0.6586069418428959
0.295661644763719;0.4583742794205806;0.8382606010653907
3.0207893983238954;0.06862208350887243
0.4182260970293768;0.7976359424277247;0.4764013762591236
2.1418676944790587;0.287819256716954
0.9013242901076378;0.35925487148736157;0.24298041842049453
1.2584093936653429;0.7712554740136572
0.8484282798557006;0.5186021672296438;0.11480126670796113
3.3384697396260554;0.029877820930848464
0.4871475945757212;0.7670137303577937;0.42276327575398154
0.6932379243409824;1.3628014980665342
0.658302586578413;0.6876955125825627;0.42841285364923604
0.11817853444488124;2.7430943366162173
0.9232363723553592;0.1951302510680121;0.33281364384915424
2.7070484738681992;0.1258042463766235
0.36402326257760365;0.24785728220228273;0.9228394807904804
1.9795424801890253;0.3516938963139754
0.5149563619605584;0.7808691284697132;0.3540800259648365
1.0626278530033555;0.9392741635833359
0.7472484906073278;0.09134863943107648;0.6587232570418886
2.8340729382251157;0.10019092176523037
0.5099464534606436;0.7817089355897208;0.35989463065742794
1.0746062256647844;0.92807760395764
0.7579569004078371;0.5964580299190909;0.4451052469866834
0.11280051036554943;2.7693690212866344
0.7200116069479885;0.6839407190772143;0.13748788104241128
3.2972824034581354;0.03391414518221577
0.36519892330681636;0.7796637649690208;0.5862573817739939
2.7850746553631436;0.10965747845125436
0.371499414702742;0.3108413475616662;0.913898469787421
0.9617266387334266;1.0390201470704543
0.7722127791741537;0.6201631974292756;0.14848532265409753
2.113111847627714;0.29849323915102177
0.4455449202628984;0.8171566535967487;0.39042517642828695
2.703965758665033;0.12646987203458
0.8704060332325454;0.47953639552743876;0.1221909677371997
3.4644118349737116;0.019239616711773676
0.8949511225840469;0.3990946517843166;0.1997355997937241
1.6736632171821693;0.4988577643255396
0.5894351807664684;0.2124069581648313;0.7800969001739634
0.2723175361383583;2.184955426150316
0.4012533288966036;0.19302866105601646;0.9808454658590785
2.796417957021111;0.10742047516048642
0.7445204302443528;0.14648828358418403;0.6513320647586351
0.9512978372470662;1.0499179024095144
0.38372747243144845;0.20708165046580632;0.9765249105355471
2.643707078485951;0.13991485734487152
0.3353256207529708;0.7800327453576537;0.6789308626880385
3.8737918992900053;0.0010115525103439483
0.8325153122781701;0.5460923323659795;0.09685465276691115
3.694528845724465;0.006065960882564433
0.45223326594624413;0.8338703121800266;0.3291935503159139
3.849660325476322;0.0014398133079010277
0.42532209448370467;0.5508446104451693;0.7341436056727383
0.01566506293220191;3.515024466380913
0.6457165381598374;0.14728056460930203;0.7492391612506178
1.2959768902341418;0.7423376594928363
0.7240736096951246;0.08848476253070363;0.6846890275400181
3.096628267982952;0.05773259552642435
0.4312993690420634;0.33951275824356925;0.8563195848967243
0.11469482089884706;2.7600298680852178
0.8866929938251641;0.14831486874784078;0.43841160388783357
2.1860326958566634;0.27193740293935914
0.791335302983127;0.0869944664522502;0.6113935138362129
3.000173141606159;0.07176998750935487
0.877796265396111;0.4509292658142135;0.1900446779680378
2.0713802996814716;0.31446404226521957
0.901297573415773;0.4056956910525582;0.18179324602274735
2.9630146911343114;0.07765086210181919
0.869975268986672;0.4334237371191252;0.25405141218225413
0.6860779546149162;1.3728850423566126
0.6652680214621963;0.09760400123929207;0.7781824665141578
3.1905758509014794;0.0457026109885647
0.8471410700942259;0.5137484652411926;0.17422686692369893
2.324669080760002;0.22592287418934068
0.5834044055122776;0.2015065148415536;0.7895936176461407
0.44244845583621306;1.7817764930833055
0.4687992962355476;0.8081121654829276;0.36892365474832706
2.1450750537078656;0.2866451566001218
0.7376032194746915;0.6152581653125699;0.41507854335590144
0.06815346212198356;3.02390473985715
0.8743352505928205;0.43974325425301863;0.20884284364426667
1.138753764906538;0.8702575146440865
0.6665616615841906;0.13178436100156202;0.7361895555808862
1.6584851346351952;0.5071977077715841
0.3450159629947674;0.7747178044735473;0.6204089855467639
3.3350031968048865;0.03020674865671214
0.3724122722962718;0.2587864344606618;0.8959241095724999
1.5869719446095778;0.5479689565420727
0.5395055762068309;0.13279524041114285;0.9095684290459595
3.177543498244312;0.04727730602476819
0.7166057053884975;0.6623306355636798;0.2615473710432977
0.6829756536158644;1.3772820111477921
0.5379098044638632;0.18216190361621906;0.8306564984709577
1.1746540208182958;0.8393957432651886
0.9128668082077234;0.34443110049388004;0.22402443692944857
1.9778209118533507;0.35242007372158146
