100
2
0.785750778123515;0.06714795776002982;0.6153481966864118
3.999443213900897;1.937702114013713e-8
0.9416131142171658;0.22937576310587954;0.2492341822173621
3.9746025429059726;4.044292232762939e-5
0.4047270333601388;0.17692385931506105;1.0459209701007608
3.4474262702843697;0.02052783792716428
0.2878980138773577;0.4150936470920344;0.8651491571447909
3.503891605336717;0.01641768649149192
0.44120869542573804;0.8357305136356274;0.3291127716470393
3.9876348963215174;9.570785505604948e-6
0.7923197622192433;0.6042095098170004;0.08518718241393353
3.9979438820896607;2.6429423570583663e-7
0.45702356678649725;0.16036805276360214;0.95339262552683
3.2070124552514243;0.0437590544549127
0.4132009525130458;0.1668100469223411;1.0023787507719661
3.790456226001319;0.002818611421329836
0.6873034642936175;0.19973000157388543;0.6983781379596052
0.1780609293170233;2.4901702725882253
0.3180608971438401;0.2420719074054014;0.9746738644782381
3.478057566819977;0.01823712198890642
0.344711878524051;0.4375856681341515;0.8549462716899717
1.0414075017918334;0.959432486107718
0.6281180577568846;0.7615252028213868;0.16246262748452933
3.4770883659757548;0.018307376054407284
0.7394319951476304;0.09734224669314498;0.6689374537561601
2.5915157549620194;0.1522415660962968
0.5919143637471526;0.7277202316057261;0.3589621806448146
0.19922963185157544;2.4138237649335776
0.6154658429022206;0.10983920861234343;0.9132935531365786
3.2050476064226125;0.04398890656811403
0.7692663912013251;0.0807425491495196;0.6359140357393245
3.2889352963017506;0.03476651271062094
0.862202905407998;0.4927039530663978;0.11986968323710985
3.097077389790094;0.05767129007958617
0.39029307298693316;0.8077651588512204;0.5061290891201956
3.0684242965003725;0.061656943147903695
0.7139629811933658;0.1331555044466298;0.690198194034348
1.3618419585891617;0.6939225786698183
0.9051759651010335;0.27441980708469066;0.32533880776059804
1.0574116392082715;0.944190732506038
0.41663615865828396;0.7062866503739457;0.573066628206894
0.49402479824196865;1.6825488919124305
0.9187015453339534;0.3493488028795061;0.18573438106740217
2.8894776849718675;0.0900922010071673
0.7591142400997287;0.0855429847879431;0.6490955001597194
3.072964276495991;0.06101530178604555
0.4802565476236836;0.6856430101245594;0.5844105383188561
0.01902882061644354;3.467248855536978
0.7281540077197619;0.6208083595856927;0.45408881896606
0.035542582882035705;3.28143295815061
0.7028235080491183;0.6369425297979089;0.4167628677876008
0.004458192096133078;3.737379414320494
0.5035862689406527;0.7163160308319417;0.4833994634266657
0.06653578951828347;3.0347544985982866
0.8719007500788251;0.47645134848858167;0.11342824582673572
3.437187938117286;0.021326085987314204
0.4222301266767464;0.791349005545962;0.4422999869621622
1.8691666279947508;0.4004678752825471
0.5707518708708641;0.7398766799679753;0.3650022919194761
0.28366683276420174;2.153251538924236
0.5976245490315132;0.11537408904723083;0.9267424642867432
3.1732298975507987;0.0478051129633718
0.8312957707803231;0.44667818619592176;0.424323947381126
0.001968798070565145;3.824484237815194
0.5439137207544764;0.18170634852941925;0.8196169045582213
1.1305288335607093;0.8774756553167141
0.7987732812349421;0.07677843783115147;0.597089022733481
3.5125817638392696;0.015828585200645548
0.8360123293729708;0.45959240402480966;0.4157589913150113
0.049649567059723954;3.1583622548222037
0.7326231527941225;0.08804176734373158;0.6749174207696762
3.064068871836078;0.062276105024334706
0.3534275651570721;0.19435107104003388;0.996245866267022
3.9086909629317486;0.0005271174548494279
0.8484187051526642;0.5212921829808232;0.10819926295359437
3.9006639383084623;0.0006245072084252652
0.7848183545751464;0.5999742042405583;0.18931000967160225
1.607434972038112;0.5360486179323837
0.6793790172655233;0.6585076351671437;0.4020253647887059
0.01132196031858438;3.585703157753014
0.331559888933818;0.5731451579884697;0.7699430482881483
1.57658045418052;0.5541022544380543
0.6345995970556736;0.15307990201656307;0.7836689576284878
1.200133413760144;0.8181093814022309
0.8887761493451525;0.43108897689401476;0.15867573118231412
2.476242106620547;0.18181014607567567
0.8060640405478336;0.5484890470463414;0.37622161346081606
0.44154302326213835;1.7835948724897774
0.6209576487100634;0.12694716789474897;0.7981956573241514
2.275745452437858;0.24151582149028128
0.4712273182722957;0.7569148530159031;0.4882834390074081
0.5792057439942221;1.5349830346794857
0.605503409718138;0.1185651008115852;0.910745196240105
2.8809954470906822;0.09159730340733244
0.31065957682650736;0.36484347554374863;0.8796173665057523
2.4207101159879256;0.19725754881857258
0.38568512816614225;0.5817831779980399;0.7443230880942152
0.34117564388232596;2.0047659404875606
0.43421726254375553;0.31698684710660485;0.8755314723670381
0.17973005103960615;2.4839468052697646
0.809693361054941;0.5797582377796099;0.09097876960464056
3.7041094218579844;0.005684209535158275
0.8924971763921631;0.425686241634317;0.14978212745690042
2.7604110531286286;0.11461713140204094
0.434194668438101;0.7386591376197401;0.5345375324449099
0.6210332479398567;1.4688067384647354
0.6965421565841293;0.6671791509683159;0.2649615012332185
0.2576924212715969;2.227155856630233
0.37084924571710937;0.7802792025948946;0.5451982086870419
2.6351622089922313;0.14188912495551403
0.39974392320343327;0.7428588947994159;0.5597836957372727
1.1645063832869025;0.8480145053158065
0.8332558405624418;0.5058332753850894;0.39178684687201376
0.5136896284750254;1.6468038519571666
0.3946849352900834;0.5884357435452561;0.7210271334031866
0.24659281891875173;2.260268297925259
0.8269070736078699;0.5246866721833523;0.2429039473678703
0.7513428710215411;1.2841414150422874
0.5165691488651324;0.7880220464606376;0.3437522363569195
1.352022701795711;0.7009622604843562
0.3176161778486211;0.560254724649284;0.7852953643770412
2.079709331327902;0.31123038959235716
0.7702451934668308;0.6139615552605509;0.2305505004988983
1.2474314110437923;0.7798926505291532
0.43050007392676465;0.7323838779046321;0.5479258809908012
0.5861158704933682;1.5237876830036778
0.6911639109648606;0.6479451152748733;0.404698172451896
0.007215781639759071;3.6674327534642113
0.931310260050254;0.2804975751148744;0.23521817228901293
2.937412350785076;0.08186003076291638
0.4502153594614655;0.8323618619155151;0.32683944680545274
3.7181686045458657;0.005147298161845913
0.33566142853486786;0.4580726053884909;0.8359700674942331
1.2894028802558106;0.7473277945606204
0.7271728409571115;0.09470238307514166;0.6926377438379163
2.7729488343536786;0.1120794204063629
0.44032189068908273;0.8089607633943724;0.3905362877180322
2.326846604584378;0.2252447105445803
0.7509383029575121;0.6095556610268301;0.25940482964363154
0.18246451174412534;2.4738299142054925
0.931831461610469;0.26499240224974524;0.26087882633592346
2.876757109290453;0.0923548696935666
0.657835836928998;0.6815688371908779;0.3277614624639459
0.05479541872435903;3.1184585671641183
0.8136956583307845;0.5539994982538671;0.20177322550617863
1.152980351460968;0.8579034460522316
0.7873709715376308;0.07376157389160094;0.6125665676259127
3.642050010714611;0.00838770671964216
0.8668008085209998;0.373266218682968;0.47251716417482936
0.12809333849180415;2.6964881499468385
0.5254787028091067;0.6985009237323865;0.5399493126957542
0.0020568136210291506;3.8206483851055206
0.5831545255863173;0.12976141388572277;0.8780868168249822
2.635089201447886;0.14190606656202512
0.69976016467801;0.1827776778565051;0.7040536853312187
0.3484424662758176;1.987281849034144
0.6450365125163151;0.14296133368018885;0.7589926352625636
1.4368097328089355;0.6421297930274522
0.30031833607673714;0.40415644123227473;0.8640238369511422
2.809701454136741;0.10483581296332103
0.6523514455338321;0.14640242623273184;0.7501768262015559
1.2781478954894265;0.7559397702666583
0.6703369606743163;0.13446845669292054;0.7418541551632186
1.53997512262397;0.5761457579113272
0.5286387853315916;0.8056232288080519;0.2728580375878629
2.6300946881278384;0.14306801868632804
0.35647305745857794;0.538257592614503;0.7672946601829398
0.7779474923370777;1.2498942221336298
0.8735225428239981;0.44972661879044923;0.25565862436619297
1.4560678117777253;0.6293624148797952
0.8496597849816507;0.5151645258314411;0.11931802698274731
3.1057344744372917;0.05649681416531964
0.8656513549210066;0.3887650068372435;0.4113470997826566
0.15069975064618188;2.5978971198077003
0.8010656383273959;0.5681919406821531;0.2894339142784858
0.9084154993067459;1.0959821570818704
0.4150759831071811;0.6410285887123759;0.6569030321377346
0.18125088097756495;2.4783081057672414
0.6739202965170364;0.14335606260157688;0.7293142653042674
1.2397474197765854;0.7859896000893309
0.5363977896078134;0.7883911181346608;0.3086232152672914
1.585843240899156;0.5486325192411374
0.35011389843559987;0.2973312719323404;0.8946642547999645
1.5653734648200635;0.5607780329074084
0.8614085139354404;0.4838630883377556;0.1733719446531584
1.9793629211729626;0.3517695866499889
0.536647356550121;0.16918712516994783;0.8357442932586936
1.5911942583340357;0.5454923117913575
0.6623702177802642;0.12789411441268198;0.7764684559863515
1.832487103663187;0.41771160890710324
0.295042705009339;0.42372288339620956;0.8627542616727618
3.070883751219372;0.06130886970837186
0.33438302899241384;0.23108043498411984;0.9817389764353242
3.1920654411022102;0.04552452555185122
0.5130333613475492;0.7944843726405026;0.3331626777553405
1.6288699295443565;0.5237823815477793
0.931503558203638;0.29567699396511266;0.22993234974148619
3.1954781989201235;0.045117985425842735
0.5570542117276291;0.17347631324733695;0.8139343633555363
1.2409724438159755;0.785014735190858
