100
2
0.4990437300710495;0.13243370595083007;1.1492671865787618
3.9984604870092886;1.4815977864552928e-7
0.9416116007771633;0.23675554044854383;0.2422799951005473
3.9700827362557534;5.6150347017900515e-5
0.29332953932418826;0.3787870569800446;0.8847151678523084
3.2466134116171665;0.03926892242597314
0.8100148752366298;0.5802711683053425;0.08466861536774821
3.977734509894825;3.1071039931091367e-5
0.7942542705516621;0.06743121479795748;0.6045883458822802
3.993393793022394;2.7298778975019023e-6
0.4461837577910676;0.8358090362515702;0.3199859457777244
3.997990676608986;2.523996786586138e-7
0.7684862188276521;0.6282006704024831;0.12263092539115675
2.6604369301785082;0.136098581897042
0.3209881688692013;0.5061259042809731;0.8021176656349163
1.8306322768793324;0.41859786918481756
0.5018484319479098;0.8162469768364609;0.361902108867846
2.9208113743205377;0.08465880221328526
0.8781592023484136;0.4419731166786747;0.18630327130672972
1.6022289651233441;0.5390616321218458
0.5987104820098926;0.11049356608552284;1.0708962265999245
3.4360105948818043;0.021418932618206057
0.6132888176130329;0.7526849003340189;0.3943101573181086
1.4211225561872327;0.6526887568149773
0.7996233387698952;0.5901510838145224;0.15917450829950786
2.922575362418376;0.08435879677101303
0.7423319031066603;0.6500591544213776;0.19413316429336955
1.6297418089529487;0.5232881527207511
0.6638716084774876;0.6848390962104853;0.32865084027150027
0.1296115972302871;2.6895471696144275
0.6682012119993535;0.09448065780502858;0.7455318742899083
3.3260443086725235;0.03106597157237991
0.8603785848808192;0.40207930757217897;0.36526706307551
0.11731987200741949;2.74724032974766
0.5380984892239435;0.12310730417507133;1.1305107751611343
3.784515091475276;0.0029830145893613635
0.5137174766363839;0.8041500179387573;0.3370938349208737
2.20472048910243;0.2654000039257898
0.7761565402522789;0.5988944969238141;0.25917717038766885
0.7741673567375127;1.2546961311412295
0.42476499747044943;0.6223200720122619;0.6599455819288028
0.07643775980860475;2.9705425762863706
0.4054190172970659;0.7235883987100544;0.5607323906623717
0.8130908550802719;1.2062288281537705
0.3020147749806995;0.27459753210267773;1.0208583884340985
3.544127204630974;0.013786224695498079
0.3150436009780394;0.25263562740654766;0.9896837202593611
3.365675692179091;0.0273645053415189
0.589961246914355;0.11487584784799734;0.9695888367760102
3.326782029384021;0.030994719563076385
0.5959527240522051;0.1055537060964497;1.1199624220860993
3.7861327619764187;0.002937775878312522
0.43337958771200014;0.29833424275789316;0.8507759777741283
0.2864648914744977;2.1455682887419036
0.7264122676357674;0.6756807031138888;0.1381772114916055
2.907603770077541;0.08692489468392989
0.39464779461098215;0.7321527548263576;0.584770469049457
1.1035244542594964;0.9015735659039527
0.8441394035168066;0.5013497236892733;0.20456409372506115
1.0471893092403828;0.9538985856481623
0.6403683622766746;0.7300422332338354;0.23872349493995274
1.0428568718958708;0.9580423167007475
0.7153224654258231;0.12886791966904146;0.69912474019232
1.4895369250567114;0.6076734692739318
0.6864845707727282;0.7096495284283538;0.23227810740723442
2.3569534200087503;0.2160044119042208
0.7541367060125724;0.6448944860941463;0.12960643540957786
2.6786212313635214;0.13202366454941777
0.337211832332745;0.26479608851895087;0.9038619410038317
2.3739342892590116;0.21090349036272626
0.30800540292725276;0.32830918062409903;0.9292266035409251
2.7321273770381356;0.12046812745409723
0.4748016839437576;0.1499050842539387;1.1003879764748354
3.4305784767476872;0.02185013593487296
0.34288155328308445;0.4903900791514179;0.8262007478023775
1.074901553917013;0.927803187266879
0.4520546942790034;0.7571403245103632;0.49797392764211723
0.716415777520978;1.3307618613128185
0.9174403326963994;0.31400786777448814;0.24785469775387864
1.897759033205771;0.3873920280696942
0.602481604041129;0.15883479818453186;0.7887420872224397
1.2743148397193433;0.7588926628338317
0.7636246490331733;0.21578133219268839;0.645020342822721
0.0722536887729451;2.9970518377853637
0.5684346470362742;0.14257218603772973;0.8183516398512972
2.2401456569230707;0.2532991989980697
0.7301278391942643;0.07154923960682717;0.6803913100330197
3.984103693669172;1.5824744710319134e-5
0.8190533123920919;0.5276754641495527;0.4369542294456563
0.43890111518865926;1.7889166165512524
0.3512463797180654;0.33457586386286026;0.8744722414835763
1.2205323368047998;0.8014241248601323
0.8831855827816026;0.4158012919972798;0.3124541418027116
1.1212923315702412;0.885648660872261
0.8286709307683845;0.2297095324666519;0.5148672259498225
0.14809890995958466;2.608754062515272
0.7865432479358128;0.5672022491788753;0.35316532144589347
0.22636159990044094;2.3232626538634635
0.4680495238207781;0.7037153274476189;0.5353043874177398
0.10424251077965038;2.812778158784441
0.8185464596661743;0.5601674141883022;0.1273058411233746
2.3973458582558496;0.2039999344361899
0.41333213906449856;0.6838596396987812;0.6355576361386327
0.37753364036710385;1.9197829927476873
0.8343141851687139;0.45323447484033125;0.3866497412078376
0.01986567594136837;3.45608308037647
0.8793708429181478;0.34468306669470344;0.43424481796923026
0.28208918294458896;2.157606439518928
0.4573900753956907;0.2149095450715678;0.9176169118963712
1.183118739030665;0.8322682676296265
0.36559349676840774;0.46626201671183676;0.8352061532615541
0.5527121061384654;1.5789276993235652
0.43425258585307913;0.2865464437489414;0.854185482769903
0.3646687980929507;1.949156270804547
0.8038734541844909;0.5365716738028132;0.443737963692614
0.1550067164563596;2.580171022391181
0.8476996942027454;0.48093859355829865;0.36806488466402265
0.5924410576521647;1.5136333464700202
0.40436733112013706;0.7271836901388745;0.5553304877213777
0.871566850141321;1.13725706086819
0.8956565230858989;0.31732711509301675;0.3128704128197993
0.6757638411493904;1.387569586183567
0.517009466323838;0.79510514151582;0.3760296554842968
1.6998025441718778;0.48474351221931083
0.38841814676615277;0.17737848689350202;1.0875789138936087
3.8073656763347494;0.002376834487761182
0.5569369756903759;0.1140101724045128;1.0324711197417578
3.993730949061506;2.458239210376876e-6
0.32615467449519164;0.5938497329151449;0.741994370517748
1.8529781897728144;0.40801252997614035
0.29450794337547165;0.3657684869553875;0.8958781073343873
3.21999085053967;0.04225767016616716
0.7017304824223866;0.0813086509607591;0.7117988318828
3.6831839337940138;0.006534733739069209
0.4416724709790964;0.7722024718612491;0.5209185983064067
1.1077770487708927;0.8977375263513842
0.5318790835934611;0.1328040439335699;0.8414888965784727
3.3154250841862334;0.032101574484104674
0.38314445296786215;0.5720076661118072;0.7786810988896448
0.35662282781866833;1.967906594127715
0.6970371318491115;0.6961376265629922;0.21311148655351325
1.8257728243826785;0.42092637049309034
0.8532710269332905;0.45860470933325853;0.34531932145931743
0.39541373583116396;1.8801364602015718
0.6341736563384878;0.18027112955008337;0.7641199433322576
0.566843298336355;1.5552834411557477
0.8312293669091154;0.5423362295457773;0.25890717722199724
2.617843324575568;0.145943047747356
0.6213648761390966;0.16379714764734396;0.7679953676368209
0.9951966034965308;1.0048149606026469
0.49618220727634876;0.7380837986835828;0.4572805826461475
0.23443958130770196;2.2976811294290918
0.361557812982647;0.2028717910537923;0.9838521903606255
3.333793635002896;0.030321983791649194
0.36664325533075887;0.21348498713695524;0.9504054737686886
2.8239938968541596;0.10209666841734322
0.5645493639289505;0.7830029207644587;0.28594008448680663
1.8676972197860886;0.40114844413454254
0.33682401423359665;0.23270618538265875;0.9336117691229084
3.0719607446811903;0.06115680255735961
0.5567491738960264;0.11865640147755882;1.0106764872242564
3.6981469124858624;0.005920277773791056
0.4802128436601931;0.14908269594794893;1.092085851235078
3.369476237136654;0.027022982659206243
0.7057660622491738;0.6662138031850816;0.2863447326969395
0.44671189841942904;1.7732515237905353
0.6781827638808535;0.19388631644168686;0.7344947074500628
0.24810802619341646;2.255690294116465
0.9089661018318753;0.34176833389618905;0.2756648561164587
1.5655151904302471;0.5606932108905198
0.3911183037276253;0.6915536616345721;0.6156615498347096
0.7395573350837942;1.2996565572501215
0.7182243440890471;0.6623717723958653;0.4394707031849811
0.7582196105586484;1.2751873441364188
0.3557726560172298;0.6101277375354877;0.727014645605567
0.99025732898973;1.0097903634396226
0.7551604862606557;0.5789989332895109;0.6743093762856199
0.00031028662905124404;3.929850467832663
0.6360081856399274;0.7449869081754115;0.2756538235206265
1.959478813567986;0.3602234151165298
0.8891913287892587;0.35159087009630363;0.30342380330896346
0.5679194995700897;1.553502144073105
0.575980585050719;0.1308500287180947;0.9796086726940592
2.685884700247676;0.13041711936812325
0.923468595619672;0.23862314332982215;0.3005042265184466
2.2093930434090088;0.2637821669267494
0.8677640044462162;0.48649634114497464;0.1808898273162347
3.8003796613051475;0.0025546709067120416
0.5506442970160571;0.7559128529346755;0.36422372358959537
0.5054735812964473;1.6616069703698453
0.8713260649308321;0.1670330673074308;0.4835143769085796
1.3832173916213257;0.6788068795655153
0.7358178526853243;0.08075066169899002;0.675309859144588
3.421917598310897;0.022547248546374507
0.9316080367551617;0.212656528180912;0.2991800743995984
3.0636833253863043;0.062331084127415254
0.886960030035549;0.41331069192912845;0.283155641679699
1.3643160532509282;0.6921584304801756
0.6822458839209098;0.6805616225859226;0.4813457626001493
0.29562223466960175;2.1207760896024093
