100
2
0.9417238603050598;0.22547609910781405;0.2533508661175945
3.999846852305781;1.4659165781451107e-9
0.8147359421848731;0.5735914401606035;0.08484815026655938
3.9752893665937563;3.8281800243618504e-5
0.2892149605027955;0.5176567682002479;0.8057388663820334
3.4558864082610574;0.019880589800657728
0.6533261445214573;0.11687267914962711;1.5771225987439181
2.3702334270380696;0.21200845285848757
0.7198330325212441;0.0766552910983526;0.7309246074799455
3.7735893666316263;0.003297874923865352
0.4431836038663916;0.8357197233130385;0.3242866557077504
3.986732741545991;1.1019541658138492e-5
0.42473878684718874;0.16110938308760206;1.0869449292528865
3.8522032969347553;0.0013910618245508055
0.928257726576297;0.27931127677945056;0.28030380849604963
2.587402293761789;0.15324060009969823
0.38241054853184725;0.3841433686396376;0.8573635329891347
0.41149319656120537;1.845583777860053
0.8423308924365484;0.2972927030523232;0.48775472061877656
0.01265452374160635;3.5626852138262506
0.46026827557361316;0.8264345801762238;0.33698838485739546
3.2815230407955895;0.03553320829310162
0.3265456660499246;0.26456103001195563;0.9334757725297983
2.723718770909495;0.12224163813444304
0.3456760996731946;0.3239401925045931;0.9023447451952338
1.438871861915215;0.6407524604576564
0.8279608175136487;0.46277722314818687;0.4924900837222811
0.00838740397721784;3.6420563192526405
0.3084473518902319;0.3989656427998375;0.8692205692095933
2.4182519214867635;0.19796006790077467
0.9009870981312129;0.25283389512907734;0.4167963969853412
1.0056360618951927;0.9943797761010422
0.6244637777143389;0.7207755215101381;0.3011387631762642
0.34153233298975094;2.0039016248076362
0.5516394653576843;0.7583001176239313;0.3781598811563208
0.5689280780199926;1.5518352308706242
0.47160283212757353;0.14509243565094174;1.013602944020978
3.7835161852186845;0.0030111268372588337
0.3531577931051937;0.2191926519024604;1.00207376556463
2.9885563604632064;0.07357973234570406
0.4340744928581936;0.16313491604442149;1.059567451453701
3.5302761510415808;0.014664504830389523
0.6513536083657564;0.129996741032041;0.7547500797148335
1.844112613322361;0.4121882937871766
0.7932148079728388;0.2416658201798446;0.5818998171424974
0.017773478847568774;3.484504633366136
0.562886381116164;0.743277039867982;0.43844723167647126
0.3072541351627261;2.0900337666373923
0.7062362710571745;0.6297095278443923;0.47614997563330086
3.3308715830574124e-5;3.976947827276424
0.5299342251635697;0.7767975341123684;0.34754933122065995
0.9970374776365292;1.0029669171450815
0.5010103150480014;0.8035517099548717;0.3633378421438723
2.0170740705724186;0.33612475473103376
0.4076401487719974;0.19621093253503993;0.962887028698149
2.541703305652289;0.16461518563727517
0.6894271926898348;0.10275264489618073;0.7170874789557506
2.6733065071437054;0.1332068049756042
0.9170946401999122;0.34220843291429404;0.21014864318595192
2.4097910243752185;0.20039037777465493
0.8718749532990292;0.4529971975579682;0.2003925166525324
1.4331582229782045;0.6445747614886512
0.35991272283277403;0.6352579041285639;0.6996708466750402
1.0063225699003768;0.9936973546072728
0.5350464255593417;0.7314246627636378;0.4423230454159159
0.12404995642981097;2.715220902613495
0.6647293224451927;0.6713603587184763;0.39423208411599464
0.020820108839254985;3.443653112703752
0.4110828507578585;0.6744834064329481;0.6133247046963491
0.3505749232441561;1.9822002122014761
0.3997004249668351;0.19008465625298274;1.0223821205716972
2.9512121466118444;0.07957519856303828
0.48059282037486073;0.8144725405983061;0.3423083905321504
2.5388639841170884;0.1653387628699477
0.7273869589949205;0.1090629946111515;0.6868161329879509
2.1489280227239744;0.285239050448621
0.4201758022689173;0.769958387223974;0.5541135129113626
1.327752008093397;0.7186271313413738
0.5090245251390796;0.7972250026302263;0.4154051734743518
1.7358781282347824;0.46576901629445006
0.44780381992044715;0.19198687097847975;0.9203593652818283
1.9876699439553307;0.3482799855214141
0.44008193642025095;0.4223753416534831;0.8320795776038837
0.0004111434311519574;3.91930445506064
0.39549884655188244;0.6661920001777927;0.634245498653815
0.5013624430075425;1.6690843690676478
0.3034114501107764;0.3320050192250253;0.9159525810817523
2.9211036126485284;0.08460905751455576
0.49597397181892794;0.8165182517157712;0.33238058583635516
2.843565413165574;0.09841555488598315
0.36740796462052516;0.6169487995855388;0.6989673825247136
0.7527345653953279;1.282323487968729
0.39318420662640136;0.20961990674675873;0.9809908258284873
2.357188157196724;0.21593335747154208
0.8935904463322302;0.4285005302332298;0.13486688370142266
3.2655855131524003;0.03721306768181532
0.3146626419077774;0.5300684842565804;0.7891966378090091
2.1345096727867015;0.29052517891719565
0.9126737582025874;0.36431107903257803;0.21944264897455892
2.577759420342187;0.15559851255772125
0.82587398119899;0.49587237098282216;0.4538554366180846
0.13396682797999893;2.669907659886037
0.5761924204367422;0.7042737008831844;0.44471849099650923
0.005785259994840392;3.701541673509527
0.6168457045960486;0.7136787383042583;0.33569220384892345
0.14960599948470518;2.6024486087337566
0.8573508196475432;0.4860237116432338;0.17151837785933743
1.5719508398983164;0.5568522926738391
0.5154260371829732;0.7748505475035072;0.3850659658712522
0.8690937859404255;1.1400857978761993
0.49771372737618536;0.13768484330487823;1.0393016931277632
3.6920219132199104;0.006167984636661143
0.7830630893609484;0.6135750708624931;0.10492775486634033
3.3184485202433063;0.03180482620330604
0.31966361985772607;0.617940427512067;0.7259213748775485
2.2350317048079793;0.2550227351719246
0.5139259643513243;0.7442538112147491;0.42658794673277867
0.26536342222689546;2.204825930301469
0.29827092140301037;0.5444787884309337;0.7839650783427924
2.9816090193429186;0.0746745104969937
0.6056179188085526;0.21199387067601522;0.7946669401572748
0.22455144267127622;2.3290770738811255
0.6778188833058943;0.6589281522696387;0.4046563588089387
0.009083613044062097;3.627851651234728
0.877540740033993;0.4433601699629544;0.18744211300159433
1.5984833630476;0.5412376888923884
0.702694685809825;0.08314906284200083;0.7390841230745124
3.567253207687226;0.012383829399099955
0.6344819352498748;0.19496215644499154;0.7489839104440931
0.33669793888130606;2.0156707908063645
0.5706139768391864;0.719412093848482;0.5121403139259266
0.05981057440025829;3.081562553495471
0.7595842658831903;0.1498517044789138;0.654487214358843
0.8785225723891413;1.129341173973447
0.7270701125225622;0.11808431809393528;0.6771306284009346
1.8100851358323915;0.4285089565594209
0.8401343626049436;0.5210061818716581;0.16290419623112107
1.8483630374936844;0.41018240423967767
0.8544334434616766;0.31338738785981896;0.41522646648612255
0.0344602605006041;3.291921259498188
0.48026363568913044;0.6850632928137605;0.5479238880431266
0.018056628799266044;3.480556804810219
0.8093051049060578;0.12320818348068845;0.5760451477734029
1.7172416793781253;0.4754989472278717
0.5941457938731397;0.7580609961617767;0.2689859596529479
1.1355933867464898;0.8730244209766881
0.8015033060543872;0.08580656193756597;0.6031543719565173
3.089077052255307;0.05876889143583184
0.3350767209351436;0.4726540839849052;0.8325073066469251
1.3050566013994587;0.7354936439174918
0.3283313076148687;0.3485052022106343;0.8794422869537186
1.8060348203173502;0.43048302305247754
0.5877726737006718;0.7651735996664599;0.2663628436680569
1.3650289843817718;0.6916507897447972
0.7183450140137757;0.6760313592470584;0.22981746676945589
1.7909086572076116;0.4379152408729917
0.7483404349455636;0.09400450196749502;0.660630220865849
2.7080839370854326;0.12558114609727222
0.6012846727186378;0.21106973146386412;0.8171149103470952
0.24750352881869284;2.2575144682711015
0.881143235443157;0.3588393789726155;0.31507121805221305
0.35835341720253505;1.9638483169280418
0.7960360060340113;0.1714475890663161;0.6405011825985035
0.5712141156934977;1.5480657814075396
0.4324575588629845;0.22820040749942286;0.8814173565918888
1.1960073646282707;0.8215224996353271
0.300214679145398;0.4058630775290785;0.88651455326093
2.8121804488998405;0.10435761414954817
0.8179428079237769;0.5631035104315654;0.12739241911582116
2.7030893462740333;0.12665949867552548
0.7898267490163199;0.6037542579790152;0.11259114265378667
3.053155264275943;0.06384312155294906
0.29921163801833034;0.40894651247801406;0.945320028610004
2.8601664256476487;0.09535579929879434
0.9091453260481206;0.32071801133513855;0.312116399400491
1.3363035271387966;0.7123597089008689
0.6948021499682308;0.6508632236490952;0.3066682640623754
0.03142898941037246;3.3223000656130424
0.4290468403715752;0.18213254130488257;0.9561151207525179
2.699728276575057;0.12738832605508169
0.49784096200060307;0.1531027669798627;0.9761748012680052
2.8259434538245913;0.10172637960744041
0.8404288700375591;0.0893677163300051;0.5380669446714507
3.2648538455064626;0.03729121844445964
0.49621371099292416;0.17405629669132475;0.851564690704959
1.9294546595029196;0.37326220854815506
0.7356066564059139;0.6595181362213184;0.15480817912927558
1.8875090928933376;0.3920431903248027
0.7536177054201189;0.6496084142956794;0.13621930889097353
3.5816672444123623;0.011549946074258157
0.6333037510894173;0.6952125863161878;0.3474412990365869
0.04949501250429362;3.1595960294344745
0.891749412804421;0.36099258084357666;0.2739625669552888
0.7335439925677406;1.3076566796101399
0.8408869006186019;0.3095425989509911;0.4506897016025786
0.0032059634410155913;3.7767210521196444
0.808666721795756;0.5699384518079006;0.14979316423066058
1.8414373080154536;0.4134545401497286
0.822402028481527;0.5538465297685167;0.1346876197658125
2.325056206613219;0.22580221076983353
