200
4
0.0
60.90677940322596;-15.059839401490834;-2243.8450226832247
73.7320363646011;42906.38881627386;1923.1753066326564
1.999936793161794;449.9883028699795;-194.14325371412772
0.0
60.915109943269165;-15.06722912570542;-2246.063393244431
73.72548867249287;42906.70160033704;1923.291706250876
1.9998135784336408;449.9969381988473;-194.13363151160038
0.0
60.91508399327471;-15.066659630215156;-2246.082500249286
73.72551209191468;42906.43019539185;1923.280530827614
1.9997926065755558;449.9837541089431;-194.13308475848552
0.0
60.91889306012797;-15.064324392154111;-2246.7635600822937
73.72573709717618;42904.53395095384;1923.2245443588527
1.999767109915938;449.9953406621247;-194.1251811598697
0.0
60.91893539447108;-15.064139393379602;-2246.7677965571293
73.72573717782885;42904.44879977942;1923.2209771187675
1.9997663164618187;449.99546642787254;-194.12498176220475
0.0
60.91833079971592;-15.063098569432162;-2246.7303417109333
73.72576627646603;42904.05190865667;1923.2020819849292
1.9997569526415944;449.999181840947;-194.12452411538627
0.0
60.92388089099398;-15.068122467183386;-2247.2203030767473
73.72559330516648;42905.52482591883;1923.2858258177891
1.9997576534244685;449.98423631001526;-194.12428850419695
0.0
60.92357514610635;-15.06721928170904;-2247.1997697925917
73.72562213091713;42905.15580370092;1923.2688000206274
1.99974477320164;449.9878390300897;-194.12379520452592
0.0
60.92322790663944;-15.065920941946748;-2247.1131358647904
73.72565311046539;42904.64634372798;1923.2453211370646
1.9997334273540543;449.99380861059285;-194.12293674280673
0.0
60.9556852395645;-15.070842846511912;-2251.6805507457666
73.72183888055984;42906.0047882922;1923.4970780671315
1.9998434456548395;449.93896884373396;-194.06128516487925
0.0
60.992068244664786;-15.089535390047088;-2257.600616092052
73.71649183010938;42911.02038462111;1923.8772581448352
1.999782152264723;449.97421663541144;-194.02188058379937
0.0
60.988560484566925;-15.067635434772328;-2258.4773111781483
73.72133059934279;42903.45330132464;1923.6349069033686
1.9997296348714568;449.9844622744649;-193.95503265563084
0.0
60.981571780019564;-15.063927095594416;-2257.8545956263106
73.72149361435501;42903.1026623653;1923.6129544206603
1.999748893603483;449.9707646733425;-193.949405787048
0.0
64.2219000904206;-15.148853395422162;-2427.821259677793
73.26176604443198;42759.121530225304;1924.8478796688566
1.9995331795630267;449.96539751023363;-192.34792144406083
0.0
64.22505493344595;-15.1539137676891;-2429.2634548277892
73.26168829054885;42761.12744474145;1924.9840647726844
1.9997350306130206;449.9276098847003;-192.33437861537678
0.0
64.22149172935185;-15.146673228682653;-2430.182678400558
73.26224862706252;42757.2213765939;1924.8327348617538
1.9996365300955987;449.95014159822523;-192.32214793353012
0.0
64.1815731069075;-15.097826828658889;-2425.525894248052
73.26822284677017;42743.07726959363;1924.104191099871
1.999353492135533;449.98897609761383;-192.30718198724003
0.0
64.22764464957459;-15.145311710572352;-2435.073211663808
73.26226611797934;42754.532078100405;1924.901910022228
1.9995404717757193;449.96252086796744;-192.26146322818573
0.0
64.18444394998382;-15.105998071403256;-2431.973705164514
73.26795963891726;42744.703653949815;1924.4372464181563
1.9993881920976553;449.9845394849497;-192.22150043346994
0.0
64.24640469979586;-15.155721236535067;-2439.075353855425
73.26145181724999;42758.20422372343;1925.1814729768873
1.9999584873279606;449.92324857472136;-192.22048589580456
0.0
64.19865108611715;-15.109186091271352;-2432.860602441926
73.26642341234721;42745.096619543714;1924.4757197721515
1.9994259281619142;449.9542709123139;-192.2182472950867
0.0
64.3393580071821;-15.216338172483406;-2448.1484847307424
73.25472213761418;42787.438167027096;1926.8886547103782
1.9996415556958216;449.88312622600904;-192.14742229687147
0.0
64.34185270375832;-15.214163039266012;-2449.46599461243
73.25466358565174;42787.25681292312;1926.9078797342022
1.9996636475374687;449.8204792475564;-192.13373780069517
0.0
64.24099681109571;-15.125825392150723;-2444.220562517296
73.26435799942657;42747.75047528165;1925.0367635439468
1.9996227975033638;449.9069852543098;-192.08854300069723
0.0
64.33450686511054;-15.175296605633406;-2458.022706852077
73.2577824805692;42767.09226480928;1926.4115221791783
1.999540203652347;449.9142936727016;-191.96199547546817
0.0
64.33515311569026;-15.17519046896684;-2458.098208539525
73.25775006914206;42767.19084758938;1926.4186838858102
1.9995419055632846;449.91391513669765;-191.9608306905835
0.0
64.33515147435719;-15.175162398077612;-2458.105308058022
73.25774867562401;42767.21121017536;1926.4194189888228
1.9995462239141335;449.9135962259632;-191.960793399294
0.0
64.33864147926377;-15.176215930407123;-2459.0483535809058
73.25767537061233;42767.36030841274;1926.4639912840494
1.9995265369042183;449.9164617709184;-191.94819643802492
0.0
64.33946919747227;-15.174253189612125;-2459.6875268742524
73.25781400168967;42765.84857046372;1926.4314418750548
1.9993948705472135;449.978966587399;-191.93296947986374
0.0
64.39453354001748;-15.168197684042369;-2463.8551124042992
73.25474067331268;42764.68797086069;1926.5750458884436
1.999595585466706;449.9020147332315;-191.86351518584533
0.0
60.918635135733794;-15.064002081352788;-2246.750862284879
73.72573744661467;42904.42106362984;1923.2191126692096
1.9997698276752933;449.99558148221445;-194.12501797622144
0.0
60.91867746407337;-15.063817076958452;-2246.7550992954057
73.72573752726717;42904.33590878481;1923.2155452872562
1.999769034224805;449.9957072466563;-194.12481856529706
0.0
60.97557562372144;-15.090292029408294;-2256.654329417857
73.71609757922963;42913.18649077915;1923.9362214484108
1.9998754867605377;449.97402571816565;-194.04324666896264
0.0
60.96947443765859;-15.06762859970983;-2255.4773260503152
73.72026596263768;42904.717156539475;1923.563229618107
1.9998590964801064;449.9659409571953;-193.99913794180674
0.0
60.973152909241435;-15.06608971545025;-2255.630261072838
73.72136801998997;42903.26878377871;1923.5195307471647
1.9998438722267762;449.9859678160716;-193.9914162842768
0.0
60.973152909241435;-15.06608971545025;-2255.630261072838
73.72136801998997;42903.26878377871;1923.5195307471647
1.9998438722267762;449.9859678160716;-193.9914162842768
0.0
60.973152909241435;-15.06608971545025;-2255.630261072838
73.72136801998997;42903.26878377871;1923.5195307471647
1.9998438722267762;449.9859678160716;-193.9914162842768
0.0
61.01625119611921;-15.07880703210662;-2260.0956697837883
73.71998934125891;42903.24992705718;1923.6643231823693
1.9999888843239748;449.9599185159967;-193.9800582389474
0.0
61.01625119611921;-15.07880703210662;-2260.0956697837883
73.71998934125891;42903.24992705718;1923.6643231823693
1.9999888843239748;449.9599185159967;-193.9800582389474
0.0
61.01625119611921;-15.07880703210662;-2260.0956697837883
73.71998934125891;42903.24992705718;1923.6643231823693
1.9999888843239748;449.9599185159967;-193.9800582389474
0.0
61.01628734899726;-15.078813788295037;-2260.1013813979093
73.71998913713242;42903.25085382942;1923.6646566422196
1.9999910133764833;449.9593792113736;-193.97995297196567
0.0
64.22435471735164;-15.163291788574236;-2428.617466163736
73.26121871636816;42765.40711530554;1925.1415781865153
1.999758978285043;449.99123052568257;-192.35716329186255
0.0
64.30216772265334;-15.211741321314106;-2431.5369103456896
73.25567661114147;42789.96688198331;1926.469078230286
1.9996631467561976;449.970903878541;-192.32628452694038
0.0
64.22695563649579;-15.15336924645698;-2429.8273402268824
73.26167579269809;42760.82050367947;1925.0025556076146
1.9998116716270722;449.94162120043404;-192.32545268640231
0.0
64.22695563649579;-15.15336924645698;-2429.8273402268824
73.26167579269809;42760.82050367947;1925.0025556076146
1.9998116716270722;449.94162120043404;-192.32545268640231
0.0
64.22695563649579;-15.15336924645698;-2429.8273402268824
73.26167579269809;42760.82050367947;1925.0025556076146
1.9998116716270722;449.94162120043404;-192.32545268640231
0.0
64.22695563649579;-15.15336924645698;-2429.8273402268824
73.26167579269809;42760.82050367947;1925.0025556076146
1.9998116716270722;449.94162120043404;-192.32545268640231
0.0
64.22695563649579;-15.15336924645698;-2429.8273402268824
73.26167579269809;42760.82050367947;1925.0025556076146
1.9998116716270722;449.94162120043404;-192.32545268640231
0.0
64.23359089832603;-15.15499210755241;-2430.748701135738
73.26125028762581;42760.59154110365;1925.0316628325368
1.9996503908176544;449.965350089458;-192.3111019806985
0.0
64.21355478723888;-15.13612882582683;-2432.8929237985712
73.26371454680547;42752.417057979175;1924.7568603802995
1.9996596269864813;449.962530786976;-192.2744332985411
0.0
64.21147037970354;-15.11090042052143;-2437.8235825235806
73.26615584222776;42743.76905869597;1924.5854796076583
1.9994288605076405;449.9567953192601;-192.1652656742843
0.0
64.24842887304412;-15.141611651516508;-2445.4149598799136
73.26249381077572;42752.02134242083;1925.174958388242
1.9999133678357488;449.93652018362394;-192.13781422992793
0.0
64.2478341467305;-15.134698458927666;-2445.167823958105
73.26330598824018;42750.43812013955;1925.1088206244683
1.9998332322655274;449.9109935398643;-192.13195489871924
0.0
64.29260306948396;-15.173577103689052;-2446.8854333716586
73.25891091333055;42765.69174048633;1925.8650386613826
1.99998127768589;449.85162403135064;-192.12251072892917
0.0
64.23814504363622;-15.119671112657992;-2442.7061856965465
73.26462406683939;42744.208410364925;1924.7880429633167
1.999760686113041;449.9474455238083;-192.10430535869452
0.0
64.3100552408914;-15.189542764831247;-2450.7046656690113
73.25774434104584;42773.37314725182;1926.321598076736
1.9999095717589392;449.8580786413514;-192.09852441045692
0.0
64.3537980468763;-15.209654197778933;-2452.428549529423
73.25468015449901;42784.4854930067;1926.9194490831926
1.9998123239504217;449.8999745334634;-192.08611537797717
0.0
64.31859397363476;-15.190627732925842;-2452.209476492619
73.25730659483652;42772.843211042935;1926.3701197514374
1.9998249519550542;449.89578631816835;-192.07504463318298
0.0
64.24408672407502;-15.129788651616236;-2445.5271020872538
73.26425118314954;42749.090190769326;1925.1531516503485
1.9996760337003265;449.8981145412776;-192.0733615027741
0.0
64.35383537108902;-15.211551045782898;-2453.7117530880573
73.25470508303361;42783.95692050875;1926.9464499101866
1.9996470806522975;449.9109743993836;-192.0685713733163
0.0
64.24524210889957;-15.130174349303994;-2445.4384791760704
73.26422486058075;42749.29968273799;1925.1784590591856
1.9997355165356852;449.8850577042291;-192.06835352298808
0.0
64.24524210889957;-15.130174349303994;-2445.4384791760704
73.26422486058075;42749.29968273799;1925.1784590591856
1.9997355165356852;449.8850577042291;-192.06835352298808
0.0
64.24524210889957;-15.130174349303994;-2445.4384791760704
73.26422486058075;42749.29968273799;1925.1784590591856
1.9997355165356852;449.8850577042291;-192.06835352298808
0.0
64.24524210889957;-15.130174349303994;-2445.4384791760704
73.26422486058075;42749.29968273799;1925.1784590591856
1.9997355165356852;449.8850577042291;-192.06835352298808
0.0
64.24524210889957;-15.130174349303994;-2445.4384791760704
73.26422486058075;42749.29968273799;1925.1784590591856
1.9997355165356852;449.8850577042291;-192.06835352298808
0.0
64.35755779837238;-15.212382673330707;-2453.9990479054036
73.25467857923103;42784.14780580443;1926.9616551858262
1.9995525243146424;449.95538253143474;-192.0675056283533
0.0
64.35847377932438;-15.209620905176989;-2455.3345354560274
73.25461456015684;42793.87295324467;1927.4441347137358
1.9999955394431352;449.84596445385085;-192.06422222479404
0.0
64.25296910568903;-15.12995692321284;-2445.5430409831106
73.26406984004682;42750.104058650184;1925.2794556512754
1.9998322002598397;449.86612755346954;-192.04555998774939
0.0
64.34732139072338;-15.188491583477738;-2456.6451039229382
73.25606046118965;42771.76993350332;1926.5005117877167
1.9999421780211735;449.8370620489923;-192.00319299147907
0.0
64.32363255430158;-15.167290156985954;-2457.2255140727307
73.25886611791819;42763.43924019502;1926.2421505857935
1.9995430437860668;449.93437940586233;-191.95825980520627
0.0
64.33969543486506;-15.177527638865344;-2459.4059334421395
73.25763079067539;42768.04304460789;1926.51104614652
1.9995498733576755;449.920750618314;-191.94342021155796
0.0
64.33969543486506;-15.177527638865344;-2459.4059334421395
73.25763079067539;42768.04304460789;1926.51104614652
1.9995498733576755;449.920750618314;-191.94342021155796
0.0
64.33969543486506;-15.177527638865344;-2459.4059334421395
73.25763079067539;42768.04304460789;1926.51104614652
1.9995498733576755;449.920750618314;-191.94342021155796
0.0
64.33969543486506;-15.177527638865344;-2459.4059334421395
73.25763079067539;42768.04304460789;1926.51104614652
1.9995498733576755;449.920750618314;-191.94342021155796
0.0
64.33969543486506;-15.177527638865344;-2459.4059334421395
73.25763079067539;42768.04304460789;1926.51104614652
1.9995498733576755;449.920750618314;-191.94342021155796
0.0
64.34006585267433;-15.174607914511599;-2459.4868991691897
73.25775807668111;42766.774381263436;1926.4586091009883
1.999549423021455;449.9307003372613;-191.93903179136254
0.0
64.3729681297469;-15.1769980129421;-2460.776273207167
73.25515078562292;42767.59830672738;1926.5204953404834
1.9995585921038352;449.9146356238098;-191.9331603975208
0.0
61.00365054885044;-15.098838874084034;-2257.0476627327507
73.7129832527098;42913.53286498677;1923.9770617341555
1.9999023648253158;449.9825232844039;-194.0375161063779
0.0
60.992853789709656;-15.094496661473041;-2259.277186320649
73.71591660733885;42913.44410462796;1924.0448097002231
1.9999082740581673;449.9690136441751;-193.9989181629443
0.0
60.97287583907725;-15.054587673000617;-2255.6106975940334
73.7220907779716;42898.27864439965;1923.3041072767921
1.999874537132742;449.9983404648782;-193.98139444099147
0.0
61.02056883253953;-15.080564600037638;-2260.879280339593
73.71840390044399;42904.16577262317;1923.7450182835062
1.9998987795915184;449.9855711270762;-193.9644339676809
0.0
64.22784802016949;-15.162878141417128;-2429.805919919735
73.2611209866544;42764.44417544135;1925.1457077997138
1.9997684126023543;449.9927636908437;-192.34129501412986
0.0
64.27649050426436;-15.199139831573818;-2437.155744267186
73.25824089762817;42777.64350324284;1926.0223678718135
1.9996818654450825;449.9651009752633;-192.2639659021052
0.0
64.24396756988395;-15.155081132609027;-2437.432383393348
73.26158811601725;42758.30484047717;1925.1316911692452
1.9997304511539211;449.96388069215084;-192.23937169214904
0.0
64.20955299115064;-15.12145618795964;-2436.497159483197
73.26557853837716;42745.69724248666;1924.5795620761812
1.999900359660046;449.943323616147;-192.19649538427709
0.0
64.20955299115064;-15.12145618795964;-2436.497159483197
73.26557853837716;42745.69724248666;1924.5795620761812
1.999900359660046;449.943323616147;-192.19649538427709
0.0
64.20955299115064;-15.12145618795964;-2436.497159483197
73.26557853837716;42745.69724248666;1924.5795620761812
1.999900359660046;449.943323616147;-192.19649538427709
0.0
64.20955299115064;-15.12145618795964;-2436.497159483197
73.26557853837716;42745.69724248666;1924.5795620761812
1.999900359660046;449.943323616147;-192.19649538427709
0.0
64.20955299115064;-15.12145618795964;-2436.497159483197
73.26557853837716;42745.69724248666;1924.5795620761812
1.999900359660046;449.943323616147;-192.19649538427709
0.0
64.23274719820205;-15.116132486144647;-2440.3835324892057
73.26496352693565;42742.733303274974;1924.6251221497885
1.9996318083563938;449.9644427916881;-192.13378705391239
0.0
64.28220721408391;-15.144383279638614;-2445.578671384073
73.25962712047102;42751.085034905016;1925.2045857791686
1.999869714770895;449.9562150942862;-192.1249766337587
0.0
64.3004941539981;-15.175261984274073;-2450.1376498059876
73.25847058665698;42764.144556980245;1925.9062383441446
1.9996287259526473;449.97697164181784;-192.09867529804055
0.0
64.29257309210487;-15.154984610153903;-2449.3400625672257
73.25917540730694;42755.31760733964;1925.5319768828679
1.999883646067426;449.95259290695554;-192.0890000160078
0.0
64.29257309210487;-15.154984610153903;-2449.3400625672257
73.25917540730694;42755.31760733964;1925.5319768828679
1.999883646067426;449.95259290695554;-192.0890000160078
0.0
64.29257309210487;-15.154984610153903;-2449.3400625672257
73.25917540730694;42755.31760733964;1925.5319768828679
1.999883646067426;449.95259290695554;-192.0890000160078
0.0
64.31383620919506;-15.188430614342417;-2451.8678489524204
73.2577853377054;42772.45188961894;1926.3443208452986
1.999926180690225;449.85845864331276;-192.07518307575296
0.0
64.32552570172088;-15.190352337356932;-2453.182182858266
73.2568687973362;42772.152188164626;1926.3765276653596
1.999736279877768;449.9142285041474;-192.06079248764087
0.0
64.36463655627249;-15.20571674724587;-2457.8344281836853
73.25471925093625;42780.34383409417;1926.933783259204
1.999840346651311;449.8934214001235;-192.0118141447327
0.0
64.38039854143946;-15.215551024060716;-2460.113256151493
73.254649457554;42792.23857401931;1927.5377094801436
1.9998804704429762;449.88766335257833;-192.00243159168244
0.0
64.33985838779171;-15.174491843292062;-2459.418229669167
73.257777984059;42766.787645643795;1926.4558153859255
1.999564803474698;449.92912933469887;-191.9393451438205
0.0
61.001289562513584;-15.090511073717275;-2260.0112515420656
73.71641951916858;42911.41034190467;1923.9883729618584
1.9999225997298187;449.9787702632392;-193.98558691661967
0.0
61.001289562513584;-15.090511073717275;-2260.0112515420656
73.71641951916858;42911.41034190467;1923.9883729618584
1.9999225997298187;449.9787702632392;-193.98558691661967
0.0
61.001289562513584;-15.090511073717275;-2260.0112515420656
73.71641951916858;42911.41034190467;1923.9883729618584
1.9999225997298187;449.9787702632392;-193.98558691661967
0.0
61.018821289537;-15.079348430253496;-2260.197822494615
73.71925294172084;42903.29664333257;1923.6764104224844
1.9999492363180296;449.9783747785866;-193.97878783547984
0.0
64.19616982245128;-15.13020450077272;-2425.046177790869
73.26394568471302;42752.88389881837;1924.4953854344462
1.9999101487231328;449.97037837259495;-192.36629698363006
0.0
64.2328683349043;-15.125105613218345;-2440.212840087002
73.2644826726903;42747.24750774496;1924.8309348454923
1.9998221039283839;449.9659160757752;-192.13979787366304
0.0
64.23684004273697;-15.11868265636533;-2442.7783085623014
73.26470378368373;42742.972818017784;1924.7420947749426
1.9996459382438112;449.978508658058;-192.09943032073906
0.0
64.29259338554795;-15.155006340937698;-2449.291466146969
73.25915405109615;42755.34755729324;1925.5303071405515
1.9998834568308423;449.9577468360619;-192.0899055240827
0.0
64.33539089612016;-15.186090698947595;-2455.2845841141057
73.25700082778775;42772.082993730495;1926.4695513995
1.9999868246675903;449.87408331471465;-192.01765696927902
0.0
64.28064182872325;-15.127533919157568;-2450.1854395779355
73.26308277402724;42749.97393906298;1925.3464913367543
1.999742239442692;449.92227678430277;-192.0163256063298
0.0
60.99203697686971;-15.060214977840346;-2259.129449470546
73.72191189869535;42900.26133071475;1923.576726241143
1.9999439972986934;449.9969890446526;-193.92187090976734
0.0
64.29380762046165;-15.153259342923187;-2449.551009052445
73.25927824603956;42754.740919253665;1925.5235881657316
1.9999219287734336;449.9652594834754;-192.0801529567243
0.0
64.29378701583298;-15.153237586942085;-2449.5071731751555
73.25929960627116;42754.71097252743;1925.5252591031283
1.9999221182316809;449.96010634984344;-192.07924708750238
0.0
64.33502012773323;-15.185853787065364;-2455.8154006314135
73.25703683185796;42771.14339990366;1926.445117152556
1.9998168237947795;449.92392062719347;-192.01129509589896
0.0
64.35316160506828;-15.17035135034518;-2462.58087272189
73.2575009385611;42766.12274940179;1926.53180109082
1.9999325661527518;449.9854381510163;-191.89091209721482
0.0
60.90480890534382;-15.059930178658734;-2242.38731468962
73.73210879052709;42908.91070444811;1923.2236455096975
1.9999143402343018;449.99140134160564;-194.15014644398008
0.0
60.899721059274;-15.059809657645662;-2243.515674517458
73.73302374693006;42907.418257483405;1923.1944629532268
1.9999246005368745;449.9752233812967;-194.14093852262116
0.0
60.91271400388004;-15.072142322115301;-2245.8590671623856
73.72550142527653;42909.08990421916;1923.3896584653978
1.9998331136675493;449.96202492494444;-194.13923837396553
0.0
60.9140551463627;-15.0723324837838;-2246.0276358402175
73.7250747844216;42909.071181545834;1923.3952764522257
1.9997841522011228;449.96869628500264;-194.13737519330311
0.0
60.91426556904699;-15.070142795549003;-2246.0317800588077
73.72550990751587;42908.01704593016;1923.3490622588006
1.9997784549516888;449.97623853508884;-194.13609176305914
0.0
60.91462234721672;-15.070255530312851;-2246.042502594928
73.7255081782074;42908.09038989931;1923.3528467962321
1.999774195843322;449.9725333027215;-194.13581291860572
0.0
60.91817769132079;-15.064384524074327;-2246.6881545060396
73.72573791189767;42904.67851257821;1923.2280124416548
1.9997605591188121;449.99604348683795;-194.12578150316452
0.0
60.919642974656796;-15.066949381316215;-2246.8148058498555
73.72570121487655;42905.76181682632;1923.284944294036
1.9997542846862029;449.98205364323985;-194.1255665322113
0.0
60.9217895760441;-15.06721024459362;-2247.0485633652556
73.72570384716292;42905.28408663158;1923.2685609319767
1.9997483062252497;449.9880057444041;-194.12556179269282
0.0
60.9229545594082;-15.065820666484246;-2247.1356617829106
73.72573330297017;42904.72106929349;1923.247147130098
1.9997432743701755;449.9924837134219;-194.12284484696548
0.0
60.94187679911188;-15.071702696122728;-2249.29819750472
73.72218529127883;42907.462989745145;1923.441067150265
1.9994805287745854;449.97504812967435;-194.10552814269272
0.0
60.95553569958846;-15.07169923517382;-2251.0611843460674
73.72277540739819;42906.31380478253;1923.490515826488
1.9996561211225639;449.9581852495091;-194.06797433244697
0.0
60.95841475837192;-15.07111716079022;-2251.7348514160813
73.72196380533113;42906.35844266016;1923.5193751039797
1.9998894814681878;449.9236247131028;-194.05799706546395
0.0
64.2200390023751;-15.153272766785726;-2427.6256819507144
73.2618246355943;42761.226410522155;1924.9345134680475
1.9995068902193842;449.96822772347076;-192.35316352606793
0.0
64.1787261175666;-15.099578347773521;-2425.035801797752
73.26823071384814;42746.01215728694;1924.2547799359982
1.9993546785760403;449.99478000900217;-192.30463501983408
0.0
64.21758079268051;-15.14484596294209;-2433.628082497173
73.26326871988648;42756.00847649212;1924.9440851179875
1.9997505573785173;449.95631713687;-192.27180454185768
0.0
64.21759305306156;-15.14642775918485;-2433.850511358641
73.26324745129547;42757.020963490024;1924.99486118883
1.9997561119413856;449.950348020635;-192.26998782553736
0.0
64.18409721919747;-15.103533654447068;-2430.4395442367
73.26832252662061;42744.2798610586;1924.323642153579
1.9993101868913774;449.9972455155192;-192.25131055789637
0.0
64.19880573452994;-15.10600114242602;-2432.8873931191697
73.26855021987079;42743.15323121806;1924.3701387508145
1.9994500215623157;449.92461976136076;-192.22735312553186
0.0
64.18755606866911;-15.10809772415479;-2431.694566803412
73.26787053256525;42745.63821821934;1924.544890009647
1.9993751738865702;449.98015669432124;-192.20033883118333
0.0
64.18778874288984;-15.10803566840161;-2432.332666998041
73.26786926678243;42745.65228793353;1924.5463922507693
1.999368656691391;449.98071516363467;-192.199852362081
0.0
64.28876746015729;-15.192514929324712;-2438.894525785926
73.25853379925047;42779.050877816764;1926.2213086502861
1.9999706469150298;449.83837790811305;-192.18880637085687
0.0
64.21365457832661;-15.112492219647086;-2438.017676436138
73.26625810233122;42744.5209026124;1924.6315031441477
1.99942162763011;449.9480418575347;-192.1616788153706
0.0
64.2155967351975;-15.115992527057509;-2438.688895189708
73.26588245498307;42746.33278279165;1924.7500973847664
1.9995764696624956;449.91442345832604;-192.1547089126332
0.0
64.29522908427818;-15.185667476515915;-2440.4148202380297
73.25872499376797;42775.55272195711;1926.210814075231
1.9997416739922456;449.9062004956472;-192.14157362554002
0.0
64.23838284279694;-15.127903479421962;-2443.3482679663593
73.26441038873612;42749.38605007529;1925.0731567614332
1.9998500565714024;449.8561661699049;-192.10551034710647
0.0
64.23842906821099;-15.12828909173442;-2443.677913646146
73.26438406320277;42749.59537155049;1925.0984378268993
1.9999095507195475;449.84310721325795;-192.1005081399108
0.0
64.35900533707087;-15.21398107806438;-2454.1382266374335
73.25463244776844;42801.4320402419;1927.723494355552
1.999787063160448;449.8878202820162;-192.09449114974788
0.0
64.23704986509452;-15.116856153420809;-2443.000291560466
73.26564395130312;42746.281761689315;1924.9602488081016
1.9992620422983454;449.98449752619194;-192.08719006682014
0.0
64.35854554671192;-15.212499569206084;-2456.8269123869377
73.25466915367491;42795.111661232775;1927.4822303100884
1.999697159404275;449.900270728995;-192.07175720570729
0.0
64.33462255907726;-15.175670944785725;-2457.9449241140956
73.25777453883691;42767.488903663056;1926.425045116106
1.9995379715311463;449.9155429709118;-191.96334309382675
0.0
64.33657387909003;-15.181111315991126;-2458.9432808276347
73.25770772668464;42769.60074804407;1926.5451460364984
1.9995852067263769;449.8994450912636;-191.95736683491126
0.0
64.36544815175775;-15.174778284175716;-2459.93158692958
73.25662115555107;42767.676074274415;1926.6043526690025
1.9999669699974048;449.8305734474215;-191.904454768105
0.0
60.91524126828627;-15.067809578802224;-2246.09349379171
73.72551320634591;42906.91139688344;1923.3021209681049
1.999794758952728;449.98432569143034;-194.1338883187506
0.0
60.91524126828627;-15.067809578802224;-2246.09349379171
73.72551320634591;42906.91139688344;1923.3021209681049
1.999794758952728;449.98432569143034;-194.1338883187506
0.0
60.91524126828627;-15.067809578802224;-2246.09349379171
73.72551320634591;42906.91139688344;1923.3021209681049
1.999794758952728;449.98432569143034;-194.1338883187506
0.0
60.92157317522564;-15.066703068987662;-2247.040108915084
73.72570427618079;42905.08610032897;1923.25956402597
1.999750229046729;449.988373334776;-194.12519941449915
0.0
60.9565726092025;-15.07202436954815;-2251.419618524725
73.7225231767569;42906.57507455998;1923.5088591875174
1.9996716664199652;449.9722845974383;-194.06554265164965
0.0
60.98222542294914;-15.091024536986017;-2256.7874197275287
73.71590411493493;42914.42629549087;1923.9963400974648
1.9998278080543466;449.96774491175694;-194.03805413129416
0.0
61.01560219639128;-15.079561606474126;-2260.0289839662832
73.71994921154271;42903.74615039484;1923.678304870809
1.9999648697794994;449.9597416851517;-193.9834312030228
0.0
61.01561870332557;-15.079571446578296;-2260.030841451642
73.71994763126965;42903.742027398905;1923.6784336116405
1.9999631675335192;449.9580882286549;-193.98331896082672
0.0
61.01584741151046;-15.079706908381176;-2260.060635477726
73.7199409937972;42903.75415108739;1923.680789342829
1.9999767509945294;449.95408413807195;-193.98285380298034
0.0
61.015904426943194;-15.079716747376878;-2260.062492397858
73.71993940989908;42903.75002929968;1923.6809181701126
1.999975060571097;449.95243284933986;-193.98274155097363
0.0
64.22996238512829;-15.154060864677724;-2430.6458335261595
73.26171220133253;42761.69516124545;1925.0832070248732
1.9997932968290817;449.9647403153793;-192.3117188108801
0.0
64.26475825048257;-15.197705067345101;-2436.5611045849387
73.25924488912787;42777.03119169629;1925.9716840158826
1.9996768161269425;449.9635547357596;-192.2691105303672
0.0
64.20731093604284;-15.127953519346862;-2436.3920666235153
73.26571102187759;42749.48165486975;1924.739448474278
1.9995794651225673;449.96508451066995;-192.2035790043185
0.0
64.2515865649954;-15.158283986694085;-2440.76622967965
73.26125575245652;42759.25395760365;1925.2594389448398
1.9998094091497243;449.93323350930984;-192.20285854980267
0.0
64.2150903002131;-15.131774142422374;-2437.4558560835676
73.26511088440886;42750.31277974851;1924.81813410352
1.9999980387981573;449.9313354925196;-192.19205786049446
0.0
64.2125322358952;-15.111885103890717;-2437.7498677189283
73.26607622524897;42745.009015763266;1924.6317244021286
1.9995436669152755;449.92572964771085;-192.17010893146576
0.0
64.2147213045543;-15.115246751703511;-2439.5671930492977
73.26602260273569;42745.312630235414;1924.726641878978
1.999541650544267;449.9348699606119;-192.14516165230702
0.0
64.34382146716476;-15.214820625607926;-2449.378261568908
73.25474460883316;42786.28038807802;1926.884759269269
1.9996503110638983;449.92395950735425;-192.12976409861403
0.0
64.31971902348735;-15.19068147873419;-2452.2878265743693
73.25727028747593;42773.079268597445;1926.3872494497791
1.9997918053101245;449.89485478912314;-192.0727539251835
0.0
64.35703682146485;-15.207920289474885;-2455.4202142246763
73.25464344839857;42796.167563190385;1927.5320751896106
1.9999756224541303;449.8637187641422;-192.0722559259785
0.0
64.3246327778742;-15.193019240249887;-2452.4723417235305
73.25688913410995;42773.8460695429;1926.4316906246938
1.9998803342325884;449.8775522694898;-192.0687385308332
0.0
64.35568392809763;-15.210783708699411;-2454.1433044569467
73.25471045756655;42784.87228212477;1927.0082072632856
1.9996117385666334;449.9210290475385;-192.06287584661288
0.0
64.34120761948137;-15.186862300638614;-2457.4130703893825
73.25685050009692;42771.424505010014;1926.5209592303881
1.9999380542196898;449.86523144399484;-191.98990761890155
0.0
64.34761326699602;-15.188843431691852;-2459.1205965126514
73.25657605216983;42771.83152284779;1926.605361386091
1.999969591126411;449.8581724557863;-191.96938854253224
0.0
64.32075776645641;-15.16453060394985;-2458.5814882675754
73.25956344077746;42762.762056965235;1926.2487357063
1.9997185561578685;449.9041688905075;-191.9361456332628
0.0
64.39788567636796;-15.171336962212985;-2462.114300130462
73.254751436792;42767.071587399405;1926.6881912707038
1.9996265278659753;449.9097478324108;-191.86548653088914
0.0
61.02285338755619;-15.113304867963278;-2256.3047901416003
73.71290809634682;42920.127082793595;1924.2261912418971
1.999978901849534;449.9795132716142;-194.06095623714114
0.0
60.977800632662614;-15.092245487544346;-2255.6080243141596
73.71741439448466;42915.302611708146;1923.9809563973313
1.9998612441335164;449.99273307155045;-194.05854641418298
0.0
61.0056911027731;-15.102130346732933;-2256.828936413244
73.71374168958728;42915.169837359346;1924.0458100544133
1.9998001975759743;449.9828132119677;-194.04264593200617
0.0
60.99543526551314;-15.096835842875993;-2257.3761610085016
73.7137693477091;42913.97586932305;1924.090403716686
1.9998969002393336;449.9706214443951;-193.99500009776375
0.0
61.0165133618204;-15.078898505196273;-2260.167293600389
73.72001659011954;42903.263698218914;1923.6681613074109
1.9999844757347989;449.9601518914091;-193.97905896654456
0.0
61.0172546319263;-15.079038403586889;-2260.172974356229
73.71996279908716;42903.48075504243;1923.6772234265577
1.9999883435302155;449.9541354943592;-193.97900060604374
0.0
61.0172546319263;-15.079038403586889;-2260.172974356229
73.71996279908716;42903.48075504243;1923.6772234265577
1.9999883435302155;449.9541354943592;-193.97900060604374
0.0
61.0172546319263;-15.079038403586889;-2260.172974356229
73.71996279908716;42903.48075504243;1923.6772234265577
1.9999883435302155;449.9541354943592;-193.97900060604374
0.0
61.016549508109726;-15.078905261320193;-2260.173005267429
73.72001638599158;42903.26462576126;1923.6684948193258
1.9999866048022674;449.9596125859709;-193.97895369454542
0.0
64.22496319986476;-15.167772186481471;-2428.876099948913
73.26111975156499;42767.23063625852;1925.2312614876057
1.99974872855542;449.9890069419117;-192.35760980789718
0.0
64.22598185874872;-15.16729301126521;-2429.6106885985214
73.26117962146179;42766.54713137436;1925.2322772172906
1.9997421281495986;449.9955920621082;-192.34652575442476
0.0
64.22914654166223;-15.16750882764708;-2430.2733570752785
73.26099773902943;42766.644776588146;1925.2540872453658
1.9997591449313334;449.97706613310606;-192.3406232598587
0.0
64.21446401846526;-15.1133639808554;-2439.397944912401
73.2660268966657;42744.71118311307;1924.6829816432114
1.9995967466030464;449.92802136373695;-192.14793930847966
0.0
64.27807576641493;-15.147918316385729;-2444.0515494964743
73.25991673223737;42753.15068382403;1925.2874473576342
1.9999344796645921;449.9260915854997;-192.13160535965528
0.0
64.35595416251674;-15.210189048184716;-2454.2679631108194
73.25472249343356;42783.91480279576;1926.969304431056
1.999551473892317;449.929335719818;-192.060231255035
0.0
64.3320906677606;-15.19535388484795;-2454.8252007843253
73.25661708922472;42774.060781693865;1926.537184355158
1.9998685370616096;449.9086878359321;-192.04006187271045
0.0
64.33384776536076;-15.168490880949882;-2460.4964846016837
73.2592857316279;42764.940116410326;1926.5107206796338
1.9997500607885181;449.91559008509967;-191.88461500419808
0.0
60.96864192419642;-15.066867077833436;-2254.8887932441016
73.72133677793776;42904.996269592055;1923.5635913954702
1.9998074594069508;449.9924890400234;-193.9968181364275
0.0
64.20495450494823;-15.129801139912168;-2435.894048592907
73.2656506412553;42749.828698992;1924.7222906573575
1.9997611452289987;449.98620401115556;-192.21594078411124
0.0
64.23940419906302;-15.141068724406361;-2444.0898880608156
73.26386926089388;42751.81934920531;1925.14134285781
1.9997155256960508;449.9513813693595;-192.12047901589156
0.0
64.29524541149301;-15.184184950227959;-2449.54032242025
73.25883123690961;42768.19692646996;1926.080900491082
1.9996423423885266;449.9784142605631;-192.10312105553686
0.0
64.30530132748832;-15.153230059522228;-2452.6832424036193
73.25971566738572;42756.76891576883;1925.6957015928363
1.9995789188077933;449.96643620186967;-192.01498772655125
0.0
64.37946329432825;-15.171266644803906;-2462.9019386859895
73.25602124123813;42766.391868477585;1926.655705420147
1.9995611773834896;449.9687648236073;-191.86368614367015
0.0
64.32608187157224;-15.189133895543765;-2453.603343024366
73.25698514689704;42772.441164301395;1926.4089003473255
1.999922353220291;449.95809776035964;-192.05345193606766
0.0
61.01820893379674;-15.079722036100565;-2260.181099856877
73.71946008359689;42903.59387357604;1923.6838467364182
1.9999898259878413;449.992606218374;-193.98063051413595
0.0
64.26205491602914;-15.144007077591382;-2446.939365335196
73.26202077680466;42752.86302055529;1925.3353599001885
1.9999229038930728;449.9684537977541;-192.09998085140577
