200
4
0.0
63.73491449535112;-15.273314253043122;-2450.1815016524647
73.24801569703348;42895.95722457345;1925.500179184281
1.999836234131082;449.967796113574;-193.5999263302653
0.0
63.73492851815727;-15.27244560234113;-2450.527578119515
73.2480553770064;42894.90625787829;1925.465270691758
1.9998257740914522;449.9833682196733;-193.59608120863442
0.0
63.745593638255095;-15.283434664045943;-2451.2992329878516
73.24716981270845;42901.08252482608;1925.7766614106267
1.9996498527403879;449.94881441481016;-193.59198220761527
0.0
63.75324865264988;-15.288140042574785;-2452.2843118901133
73.24661360816566;42903.35413654747;1925.92720765002
1.9996700370697447;449.9341962366007;-193.57930378015456
0.0
63.75072446945746;-15.284623688293596;-2453.022164767461
73.24714934246278;42901.93128406769;1925.886840997725
1.9997227262440664;449.90750053077113;-193.5655357845879
0.0
63.7869551783874;-15.330772635645221;-2456.0209463593947
73.24431399071119;42933.427866310594;1927.3659176621134
1.998928099199665;449.95786827568503;-193.535048500851
0.0
63.78719594868126;-15.330870475134544;-2456.0903554897936
73.24430935086176;42933.468249565456;1927.3710448714437
1.9989112407132397;449.9629713596507;-193.5340577671324
0.0
63.78965122987072;-15.332154737493287;-2457.1312884511162
73.24423752361741;42933.4659993097;1927.4066025415639
1.9987978979215753;449.98856139911123;-193.52236839206776
0.0
63.79104639255502;-15.321040638180547;-2457.9858740991494
73.2445395347669;42926.89847606221;1927.1609603472834
1.9989699535018859;449.94457961312185;-193.5037492992592
0.0
63.794222934931796;-15.334084274289456;-2458.641338165067
73.24414215893833;42933.96049761555;1927.4870855039965
1.9988429816157713;449.9813699230366;-193.50324285669166
0.0
63.794222934931796;-15.334084274289456;-2458.641338165067
73.24414215893833;42933.96049761555;1927.4870855039965
1.9988429816157713;449.9813699230366;-193.50324285669166
0.0
63.794222934931796;-15.334084274289456;-2458.641338165067
73.24414215893833;42933.96049761555;1927.4870855039965
1.9988429816157713;449.9813699230366;-193.50324285669166
0.0
63.794222934931796;-15.334084274289456;-2458.641338165067
73.24414215893833;42933.96049761555;1927.4870855039965
1.9988429816157713;449.9813699230366;-193.50324285669166
0.0
63.794222934931796;-15.334084274289456;-2458.641338165067
73.24414215893833;42933.96049761555;1927.4870855039965
1.9988429816157713;449.9813699230366;-193.50324285669166
0.0
63.794463225892585;-15.33418216695462;-2458.710837325574
73.24413550507953;42934.0009156987;1927.4922183093713
1.9988261226954356;449.98647240041925;-193.50225087930704
0.0
63.79266248547101;-15.314002691050534;-2458.1443710300127
73.24465626488345;42923.829725969015;1927.0360890102666
1.998938034656985;449.9549566185728;-193.49494046216452
0.0
63.76436995663007;-15.29081523327755;-2460.0241902811667
73.24708547990593;42901.08018573356;1926.1061263551333
1.9996541933706622;449.9348118849796;-193.48017304555816
0.0
63.775313801062275;-15.296342576039693;-2463.359622210864
73.2467256063437;42902.783959400804;1926.309996965292
1.9998021160609571;449.9060154066753;-193.43986313451998
0.0
63.790372723360484;-15.299740844746339;-2467.9034645807697
73.2464226272489;42904.53793887976;1926.5621030385657
1.9997124715360064;449.91094758522075;-193.37711862805375
0.0
67.0771269999668;-15.403803935904474;-2467.274361563889
73.242612735818;42959.54766978087;1928.7136871175933
1.999164216542071;449.456924015905;-193.36696068979185
0.0
73.8322102990647;-15.565221034691621;-2463.8567789291774
73.24037646667578;43023.20084296117;1931.261104517619
1.999967473352239;447.58715322541235;-193.35048047132062
0.0
67.38420754100845;-15.408885038394095;-2467.981221993173
73.24253604871824;42960.57753858915;1928.8743130789262
1.9993848390317588;449.3065663203097;-193.33958636267786
0.0
74.62424755710352;-15.592014799585126;-2460.900154784663
73.2401368775995;43044.44723889395;1932.2955681264345
1.999401604613141;447.54507263656797;-193.33901472242192
0.0
73.05920826681205;-15.542628996641296;-2467.2113336087027
73.24069678007233;43005.46410280811;1930.4356376307219
1.9992294725908613;448.475873168222;-193.3368472259653
0.0
74.62771381620004;-15.601076364709266;-2461.2125692778613
73.24013677238352;43044.338021602125;1932.3008119948408
1.999381017528405;447.54315051439175;-193.33562782893722
0.0
69.50964302350715;-15.451428411917895;-2473.394724121035
73.24245866585966;42965.304201760955;1929.1398593442584
1.999228965314669;449.19551560208964;-193.28051943702465
0.0
74.81622820892478;-15.573987753691572;-2473.160287082576
73.24047609084903;43016.27221659385;1931.294209937578
1.9997163770677633;447.4104525118375;-193.21522609067537
0.0
75.32610468096573;-15.587779662528357;-2475.3524356352095
73.24014021228653;43027.083523002104;1932.0524830227632
1.9998036391013583;447.29780599938397;-193.12204866933635
0.0
72.68012065959313;-15.528616173404194;-2468.314571635725
73.23943746870353;43051.03736638479;1933.217183221761
1.9997740470366059;447.2058937084797;-193.11478468059832
0.0
72.7837658332574;-15.533847690736282;-2470.0653239544545
73.23939093634533;43051.004924454566;1933.2495534647833
1.9999081787388797;447.1594888552594;-193.1021957551174
0.0
72.7837658332574;-15.533847690736282;-2470.0653239544545
73.23939093634533;43051.004924454566;1933.2495534647833
1.9999081787388797;447.1594888552594;-193.1021957551174
0.0
72.7837658332574;-15.533847690736282;-2470.0653239544545
73.23939093634533;43051.004924454566;1933.2495534647833
1.9999081787388797;447.1594888552594;-193.1021957551174
0.0
72.7837658332574;-15.533847690736282;-2470.0653239544545
73.23939093634533;43051.004924454566;1933.2495534647833
1.9999081787388797;447.1594888552594;-193.1021957551174
0.0
72.7837658332574;-15.533847690736282;-2470.0653239544545
73.23939093634533;43051.004924454566;1933.2495534647833
1.9999081787388797;447.1594888552594;-193.1021957551174
0.0
72.7837658332574;-15.533847690736282;-2470.0653239544545
73.23939093634533;43051.004924454566;1933.2495534647833
1.9999081787388797;447.1594888552594;-193.1021957551174
0.0
72.7837658332574;-15.533847690736282;-2470.0653239544545
73.23939093634533;43051.004924454566;1933.2495534647833
1.9999081787388797;447.1594888552594;-193.1021957551174
0.0
72.7837658332574;-15.533847690736282;-2470.0653239544545
73.23939093634533;43051.004924454566;1933.2495534647833
1.9999081787388797;447.1594888552594;-193.1021957551174
0.0
72.7837658332574;-15.533847690736282;-2470.0653239544545
73.23939093634533;43051.004924454566;1933.2495534647833
1.9999081787388797;447.1594888552594;-193.1021957551174
0.0
72.7837658332574;-15.533847690736282;-2470.0653239544545
73.23939093634533;43051.004924454566;1933.2495534647833
1.9999081787388797;447.1594888552594;-193.1021957551174
0.0
72.7837658332574;-15.533847690736282;-2470.0653239544545
73.23939093634533;43051.004924454566;1933.2495534647833
1.9999081787388797;447.1594888552594;-193.1021957551174
0.0
72.7837658332574;-15.533847690736282;-2470.0653239544545
73.23939093634533;43051.004924454566;1933.2495534647833
1.9999081787388797;447.1594888552594;-193.1021957551174
0.0
72.7837658332574;-15.533847690736282;-2470.0653239544545
73.23939093634533;43051.004924454566;1933.2495534647833
1.9999081787388797;447.1594888552594;-193.1021957551174
0.0
73.14782774974582;-15.53879096951645;-2473.909935193033
73.2393317868953;43055.6003762911;1933.7357591321074
1.9999432139474735;447.0417959225566;-193.020599823293
0.0
73.56687752437031;-15.55647657656723;-2477.8234595000313
73.23979896672844;43047.81153645668;1933.4828115494513
1.9995566037446175;447.16359029902264;-192.97526884313072
0.0
63.75179273633902;-15.307037073156565;-2451.705041511934
73.24639969869098;42916.24741023444;1926.4407305297086
1.9999699570033276;449.98315040529536;-193.59394916173505
0.0
63.736501613361135;-15.274179414132824;-2451.003425683573
73.24795192258723;42895.690227070125;1925.5102914678566
1.9998937657776477;449.9831434559173;-193.59166656135207
0.0
63.74203064236398;-15.278377041724521;-2453.196817920283
73.24785470180538;42897.01532526771;1925.6505731639438
1.9998367167527225;449.9879960056841;-193.56566907235322
0.0
63.743568361512956;-15.278688235902772;-2453.1515504152458
73.2477713713016;42897.35000659558;1925.6798264412298
1.9998816554641556;449.96252631266975;-193.56397614847705
0.0
63.74394878281136;-15.279071724887384;-2453.399217073676
73.24774507213186;42897.3868343144;1925.6854716830537
1.999878274934813;449.94692468998386;-193.5620904846854
0.0
63.74666216379881;-15.280893446303487;-2453.1434023897814
73.24737560733723;42899.01161471029;1925.7596118043548
1.9998450371616983;449.98533300949606;-193.5607443816601
0.0
63.74666216379881;-15.280893446303487;-2453.1434023897814
73.24737560733723;42899.01161471029;1925.7596118043548
1.9998450371616983;449.98533300949606;-193.5607443816601
0.0
63.74666216379881;-15.280893446303487;-2453.1434023897814
73.24737560733723;42899.01161471029;1925.7596118043548
1.9998450371616983;449.98533300949606;-193.5607443816601
0.0
63.74666216379881;-15.280893446303487;-2453.1434023897814
73.24737560733723;42899.01161471029;1925.7596118043548
1.9998450371616983;449.98533300949606;-193.5607443816601
0.0
63.74666216379881;-15.280893446303487;-2453.1434023897814
73.24737560733723;42899.01161471029;1925.7596118043548
1.9998450371616983;449.98533300949606;-193.5607443816601
0.0
63.74666216379881;-15.280893446303487;-2453.1434023897814
73.24737560733723;42899.01161471029;1925.7596118043548
1.9998450371616983;449.98533300949606;-193.5607443816601
0.0
63.74666216379881;-15.280893446303487;-2453.1434023897814
73.24737560733723;42899.01161471029;1925.7596118043548
1.9998450371616983;449.98533300949606;-193.5607443816601
0.0
63.744866739007534;-15.279678212453534;-2453.6457410903217
73.24772203303422;42897.7074973134;1925.7119538996305
1.9998815558198042;449.9459971664724;-193.5584914386535
0.0
63.74535489364435;-15.279708463214554;-2453.775439385653
73.24771216389156;42897.71951112374;1925.7179698771329
1.9998792594598291;449.94671048777514;-193.5566209145289
0.0
63.74536043122781;-15.279910312735733;-2453.8637274222388
73.24771387191542;42897.66602169797;1925.718638737259
1.9998799845537003;449.94434575536627;-193.55604367359507
0.0
63.74661566790296;-15.279874631886344;-2454.2594776668498
73.24769883246108;42897.66860641598;1925.7366814816637
1.9998494277343613;449.9376346506921;-193.5493614225992
0.0
63.747319963328366;-15.281333952869174;-2454.557181064458
73.2476497252322;42898.12800348015;1925.764559068664
1.9999519258377951;449.93342855268037;-193.54783916905737
0.0
63.76435113564498;-15.31603310475362;-2455.328781360901
73.24600849501311;42920.95742599286;1926.7903925972344
1.9997282770699234;449.9854794854927;-193.54713247582785
0.0
63.747807774798005;-15.281364236002565;-2454.686930072292
73.2476398565879;42898.14003782021;1925.7705785737444
1.9999496297933343;449.9341412805141;-193.54596783757333
0.0
63.74517922547617;-15.278979687072585;-2454.8479078380824
73.24794426252639;42895.465874624526;1925.6887057874706
1.9998431942414159;449.97083428020096;-193.54210698048536
0.0
63.74928772804957;-15.28435278890416;-2456.168093137485
73.24762878755988;42898.7010801745;1925.825638690335
1.999663347520326;449.99460584687967;-193.53266366478456
0.0
63.75124453931583;-15.28538622221202;-2456.7136504868295
73.24750503359907;42898.876818057375;1925.848380293036
1.9997018907082291;449.983085980433;-193.5272603650251
0.0
63.75537371516973;-15.290008341324448;-2457.247898536781
73.24724758101713;42900.7894528541;1925.9796437278612
1.9998122784332055;449.9578114821865;-193.52025953505031
0.0
63.75615893020906;-15.290318274583754;-2457.5116399454114
73.2472283111865;42900.85356229015;1925.9929263219478
1.9997974046282299;449.95614672253265;-193.5169074775814
0.0
63.75858185849143;-15.289581366635199;-2458.4470847933144
73.24722082921576;42900.44574207745;1926.0068585098932
1.9997255958200661;449.9385231723841;-193.50393868986524
0.0
63.79680763434491;-15.336444064085203;-2459.427995687695
73.2440975528282;42935.341816631895;1927.5760782115176
1.9989576500841935;449.957569326421;-193.49283349158313
0.0
63.76309564681561;-15.290749977380456;-2459.8313876649863
73.24711563191171;42900.62130429564;1926.0747901398217
1.999779574657068;449.92525546533784;-193.48537352419987
0.0
63.76303668843911;-15.289365695791211;-2459.9708954720404
73.24720970531125;42900.36198360251;1926.060745803928
1.999682908326334;449.94877759686256;-193.48253428419088
0.0
63.8009485870828;-15.335268249853277;-2460.3471808036606
73.24411879362742;42934.39251674558;1927.572552699078
1.9989176096532097;449.9761111503555;-193.4796710983467
0.0
63.76544796968471;-15.292423174413752;-2460.1932411712964
73.24700661458802;42901.75989095414;1926.1441454010894
1.9997807396891818;449.91020355806677;-193.47967031394654
0.0
63.76644619113686;-15.2937269836995;-2460.5291865778036
73.2469466804882;42902.37312432586;1926.1791386552873
1.9997711789945445;449.9356387006683;-193.47630748858464
0.0
63.76497116962786;-15.291065654746946;-2460.232851252895
73.2470671508849;42901.187158321096;1926.1233460558578
1.9996601875875264;449.93551312531116;-193.47616421332285
0.0
63.76834724299804;-15.293855619306143;-2461.1405778297258
73.24690785369275;42902.098343950296;1926.1938757088035
1.9997738848418023;449.90992083576674;-193.46845404782238
0.0
63.768603111390526;-15.291984821258948;-2461.4003601673126
73.24697760333999;42901.2338790191;1926.164683741926
1.9997716239015986;449.92780143178817;-193.46255428549003
0.0
63.76986750209817;-15.29535468925678;-2462.047547975691
73.2468932512924;42902.24344102517;1926.2333070590626
1.9997668407809652;449.9259802532649;-193.4581532093076
0.0
63.77155040262556;-15.295923498711634;-2462.0699668141383
73.24680017218415;42903.089965252904;1926.269081939146
1.999746895673303;449.9168104531949;-193.4576964926421
0.0
63.77477680953405;-15.29645784330728;-2463.2455750897493
73.24674146284492;42902.79312495717;1926.30717512961
1.9997758730083923;449.9087784414679;-193.44155295859142
0.0
63.80927911888022;-15.336305384337361;-2463.9329143830055
73.24401168183431;42933.24228728689;1927.6497741908433
1.998982674910897;449.9493257192522;-193.4353816336654
0.0
63.81085384505888;-15.33552467985614;-2464.466469932848
73.24401979086092;42932.751184697016;1927.6519693798864
1.998996984120129;449.9488201919247;-193.42694131818004
0.0
63.8141497574438;-15.335394842077783;-2465.396686003759
73.24401360483327;42932.50857911258;1927.6759116053888
1.9989779848988047;449.94888275716886;-193.41431710533638
0.0
63.81247228440341;-15.31659217334142;-2466.0407733559446
73.2445858248608;42918.01854684678;1927.1711283814145
1.9996364071544026;449.9450137076704;-193.38962526355746
0.0
63.7878337385801;-15.299636188966263;-2467.4661745623166
73.24653380938666;42904.2202773718;1926.5309820922262
1.999736212489979;449.9304395482195;-193.38433173086258
0.0
66.25139796117935;-15.372087364560588;-2468.0342811470937
73.24317786049228;42938.48386752293;1927.9167262233902
1.9995075431788196;449.9044316611133;-193.34739348271466
0.0
63.82557460374995;-15.318714449044387;-2469.219473314388
73.24437979505552;42920.75688073099;1927.4595251193095
1.999438132633904;449.88065432945916;-193.33522105834473
0.0
73.41350732504179;-15.553409127595105;-2466.523055527653
73.24050096490221;43010.333016584635;1930.7010012879944
1.9997577581475194;448.03991046952075;-193.33320086975033
0.0
73.41722099094922;-15.553536989219186;-2466.605656055163
73.24049826487557;43010.66788138213;1930.723951569701
1.9997643684368742;448.03984828062306;-193.33067583513096
0.0
63.830916449609184;-15.318221218012873;-2470.6313289122468
73.24441065273012;42920.08252045551;1927.488881760618
1.9993610354119804;449.9187076245984;-193.31530453048924
0.0
63.83224538336888;-15.319664743957215;-2471.8890847415105
73.24435196238908;42920.31814476641;1927.5448083110646
1.9992649381123728;449.9407243724127;-193.30016909181873
0.0
74.12200547514638;-15.581611994179184;-2468.4830244037703
73.24032006236028;43027.31101380944;1931.6170808525997
1.9999400724776366;447.593782120293;-193.29164133585977
0.0
74.10096315969746;-15.581145208842003;-2468.515892394435
73.24031463822081;43027.58750962279;1931.6392803753188
1.9999313050467413;447.583754780818;-193.28930398749947
0.0
74.10096315969746;-15.581145208842003;-2468.515892394435
73.24031463822081;43027.58750962279;1931.6392803753188
1.9999313050467413;447.583754780818;-193.28930398749947
0.0
74.10096315969746;-15.581145208842003;-2468.515892394435
73.24031463822081;43027.58750962279;1931.6392803753188
1.9999313050467413;447.583754780818;-193.28930398749947
0.0
63.83828885822729;-15.317529178776985;-2472.287735703922
73.24435654661569;42920.214806565324;1927.5832774293087
1.9993406240538896;449.93141637034495;-193.2866649812796
0.0
71.45493478780072;-15.48223866446655;-2469.698263369533
73.24085693811217;42985.938538840564;1929.8827825642416
1.9995326378737808;448.93383776623784;-193.27918882565376
0.0
71.2891842729787;-15.481726962967535;-2467.0275666357875
73.24068088780211;43002.154989035225;1930.5725805694267
1.9993305478078565;448.4968468885617;-193.27831052087842
0.0
63.84851635237226;-15.301334129234997;-2475.4628978525925
73.24460701096073;42911.46057707752;1927.2857224433033
1.9990847066790336;449.9468055213276;-193.23360055189735
0.0
74.25893416661798;-15.567037364729622;-2470.352800774538
73.24027384141787;43029.23038903248;1931.9902360628453
1.9999183113767647;447.47981110161106;-193.19594283091243
0.0
74.25893416661798;-15.567037364729622;-2470.352800774538
73.24027384141787;43029.23038903248;1931.9902360628453
1.9999183113767647;447.47981110161106;-193.19594283091243
0.0
74.25893416661798;-15.567037364729622;-2470.352800774538
73.24027384141787;43029.23038903248;1931.9902360628453
1.9999183113767647;447.47981110161106;-193.19594283091243
0.0
67.39462355556515;-15.400959132743743;-2482.201224026832
73.24287753832908;42948.66137081808;1928.922118599456
1.9993135529962336;449.7416632363934;-193.15877870725234
0.0
73.50648124166311;-15.541696160813776;-2472.749028308817
73.23980959394096;43035.84353179467;1932.4396871309712
1.9999166485631983;447.45946018342886;-193.1170445802813
0.0
72.71316144159825;-15.53226494248384;-2470.4737385721323
73.23939003705028;43052.38993814146;1933.387259465968
1.9999117280238574;447.16676691783607;-193.08315249823949
0.0
73.37258646652694;-15.529392677769419;-2479.279280059952
73.23983380931705;43034.47093474945;1932.786268026294
1.9998964048507422;447.4461366397293;-193.0050358543478
0.0
73.0943379218631;-15.536260014667047;-2474.31827478779
73.23933089006246;43056.98806020558;1933.873558910084
1.9999467566788312;447.0490721594163;-193.00157006541704
0.0
63.74543100488334;-15.279044957137641;-2453.923516787593
73.24772938490435;42897.09085819615;1925.6946011868788
1.9998934835556046;449.95323613513506;-193.55529159813508
0.0
63.74698701215061;-15.280226521662533;-2454.3062089354926
73.24769020663159;42897.92642321223;1925.7492803482776
1.9998499260778144;449.9399668951459;-193.54920964156352
0.0
63.74370758799707;-15.274552706065453;-2454.0793413215674
73.24813532824422;42894.710879916514;1925.622453277621
1.9998275777452357;449.9943108911127;-193.54662464537415
0.0
63.7569952536732;-15.287112662221483;-2458.494326965071
73.2473380926056;42899.09994972748;1925.9295361964166
1.9996642651497367;449.99970925024434;-193.50448490019036
0.0
63.7569952536732;-15.287112662221483;-2458.494326965071
73.2473380926056;42899.09994972748;1925.9295361964166
1.9996642651497367;449.99970925024434;-193.50448490019036
0.0
63.7569952536732;-15.287112662221483;-2458.494326965071
73.2473380926056;42899.09994972748;1925.9295361964166
1.9996642651497367;449.99970925024434;-193.50448490019036
0.0
63.76222256072;-15.291366698166788;-2459.4353491101456
73.24710220005794;42901.217488878625;1926.08061937056
1.9996368042642545;449.96325411319367;-193.49109542756364
0.0
63.76134501481864;-15.288563929760212;-2459.684960112967
73.24726369408582;42899.60310930269;1926.0146949936131
1.9995163187756;449.97832494683934;-193.4870982415699
0.0
63.7643112865096;-15.28971595798103;-2460.51238726221
73.2471946750365;42900.15695114716;1926.0758115975393
1.9996286237753838;449.9640015606385;-193.47558120898367
0.0
63.768695184320684;-15.296204166414816;-2461.918219053393
73.24687716690723;42902.34507000954;1926.2142904077982
1.9999149509287537;449.9147907799579;-193.46323992167262
0.0
63.767788539132574;-15.290306255115546;-2461.489030901974
73.24708524821298;42900.489750791116;1926.1173947756429
1.9997059040753824;449.9577722579661;-193.462998785397
0.0
63.77011878933386;-15.29367858010766;-2462.0621308765335
73.24696936348423;42901.85404369773;1926.2158914335873
1.999849528810487;449.95148079672026;-193.45566268103906
0.0
63.77086328641561;-15.294756709631647;-2462.34825758912
73.24689747359368;42902.08170293268;1926.234804944578
1.999831494980306;449.92261240758995;-193.45320641772597
0.0
63.77176200376062;-15.295540434005963;-2462.4339642746017
73.24684507513717;42902.608661154016;1926.2667210698623
1.999791467938281;449.9165517883679;-193.45177726022047
0.0
63.77176200376062;-15.295540434005963;-2462.4339642746017
73.24684507513717;42902.608661154016;1926.2667210698623
1.999791467938281;449.9165517883679;-193.45177726022047
0.0
63.77176200376062;-15.295540434005963;-2462.4339642746017
73.24684507513717;42902.608661154016;1926.2667210698623
1.999791467938281;449.9165517883679;-193.45177726022047
0.0
63.77109173288388;-15.294317076118267;-2462.5427082345795
73.24692069986187;42901.60492033552;1926.2233216013096
1.9997571751928982;449.9214568963784;-193.45113332806685
0.0
63.77046089438061;-15.290974401974415;-2462.4702362777607
73.24705877531521;42900.2225602041;1926.157157922644
1.9994960426738793;449.99197855349;-193.44962710734112
0.0
63.77399080302717;-15.294321409118014;-2463.5810693414255
73.24693419877408;42901.33777425908;1926.2631564308015
1.9997369443061843;449.93584795632694;-193.4357270603357
0.0
63.77516122272791;-15.294694711599158;-2463.873836012248
73.24689663916452;42901.587512907565;1926.2844260765532
1.999732877314595;449.93994386813205;-193.43177480876733
0.0
63.77824778569519;-15.29761994394791;-2464.407968401402
73.24666156571995;42903.03342225982;1926.3664047786856
1.9997546396671906;449.93331128259956;-193.42610779842576
0.0
63.77706681559619;-15.295472256849262;-2464.696696896716
73.2468789935547;42901.5341522672;1926.317807733312
1.999730400226074;449.95458599591245;-193.4209536364931
0.0
63.78435398710811;-15.300020023966654;-2465.21300883193
73.2463946004372;42905.68478055566;1926.4959362172997
1.999722813262185;449.95042926154935;-193.41574703998003
0.0
63.78435398710811;-15.300020023966654;-2465.21300883193
73.2463946004372;42905.68478055566;1926.4959362172997
1.999722813262185;449.95042926154935;-193.41574703998003
0.0
63.78435398710811;-15.300020023966654;-2465.21300883193
73.2463946004372;42905.68478055566;1926.4959362172997
1.999722813262185;449.95042926154935;-193.41574703998003
0.0
63.78435398710811;-15.300020023966654;-2465.21300883193
73.2463946004372;42905.68478055566;1926.4959362172997
1.999722813262185;449.95042926154935;-193.41574703998003
0.0
63.78435398710811;-15.300020023966654;-2465.21300883193
73.2463946004372;42905.68478055566;1926.4959362172997
1.999722813262185;449.95042926154935;-193.41574703998003
0.0
63.78435398710811;-15.300020023966654;-2465.21300883193
73.2463946004372;42905.68478055566;1926.4959362172997
1.999722813262185;449.95042926154935;-193.41574703998003
0.0
63.78435398710811;-15.300020023966654;-2465.21300883193
73.2463946004372;42905.68478055566;1926.4959362172997
1.999722813262185;449.95042926154935;-193.41574703998003
0.0
63.78463085052197;-15.30020647632922;-2465.292401956363
73.24638476506155;42905.79090193907;1926.5047940838215
1.999607988927253;449.9748438039624;-193.41438665394955
0.0
63.78547191700445;-15.298333868130593;-2467.2722255353524
73.24666159710588;42902.280648487;1926.455688020868
1.9996822528740466;449.96128508921817;-193.38711965183114
0.0
63.81968901006005;-15.317695071856347;-2467.3622920035573
73.2444960113927;42919.71511527202;1927.3435317600708
1.999148498115359;449.99447505521016;-193.36042090075216
0.0
71.82794130143921;-15.489617461323398;-2470.798193523959
73.24128483265964;42976.59111689356;1929.3392144538211
1.9999490598467256;449.8532672235978;-193.30388682073405
0.0
65.77800000388979;-15.355093577533125;-2471.893619267558
73.24355754209847;42930.67664328122;1927.7565491402777
1.9994588601080368;449.96108601158863;-193.29859803210368
0.0
65.9282042239914;-15.366171300921724;-2471.194751913778
73.24323960668309;42933.100655278155;1927.9244025617108
1.9996832138785128;449.9434257243241;-193.29213721078685
0.0
71.45935424423712;-15.483242641350598;-2469.9143648282866
73.24087403709369;42984.34062931245;1929.812228817206
1.9995410298199876;448.95545382384694;-193.27628695960888
0.0
69.38460055383081;-15.450966120846067;-2476.4389692033
73.24301082701093;42957.82022552658;1928.8541172741263
1.999346270488216;449.3953004116699;-193.27508793062916
0.0
71.16765498212813;-15.47802414551403;-2472.640310322482
73.24075735787187;42987.09539173467;1930.0921377335535
1.9995748122674488;448.93648023256134;-193.2368401158392
0.0
71.45087262532094;-15.48168553713823;-2471.5241422661215
73.24070987509901;42992.600665564285;1930.3641293239841
1.9995850004043696;448.91213953498743;-193.22927843564185
0.0
71.45531460248476;-15.482691868004185;-2472.156647334796
73.24073963068433;42990.99912289556;1930.2933781852064
1.9995810366241136;448.9292852648039;-193.2263871515735
0.0
73.30321624779357;-15.549441411951674;-2471.4134857922186
73.24043418975383;43016.898114521115;1931.3650607397133
1.99978971484196;448.0509502037158;-193.22464131998902
0.0
69.88697835682505;-15.42756142639847;-2480.729520301629
73.24199300197586;42962.49074670507;1929.5072809788044
1.9993390771453605;449.3114171926172;-193.10611312301532
0.0
63.74776423099752;-15.280994296144895;-2454.5639894095557
73.24764683578096;42898.13693661806;1925.7678311151913
1.9998714377278521;449.94104724674565;-193.54665895929747
0.0
63.757758442986166;-15.28746219749674;-2458.6819134493203
73.24732146763277;42899.29913424577;1925.9477060335578
1.9996650067638713;449.99983685594043;-193.50166714633056
0.0
63.764151353722134;-15.28489429459583;-2460.3407131684103
73.24726697213914;42897.76671476449;1925.968578143303
1.9996359111050643;449.9659059225782;-193.47346395181384
0.0
63.77408775049424;-15.305575290197346;-2462.3893996387196
73.24635449497747;42907.7947407031;1926.4811451633152
1.9995918076588213;449.9809879597492;-193.46055452443306
0.0
63.76961981332273;-15.290408605186778;-2462.2404041021578
73.24707335251608;42899.92883423004;1926.1315654571986
1.999573471384859;449.99037683529974;-193.45293888651804
0.0
63.77184041854047;-15.295468012982479;-2462.650007030241
73.24685156899562;42902.160301932665;1926.2538486384235
1.9997664224310945;449.92531912049895;-193.4498394248089
0.0
63.77632483606623;-15.296237736836245;-2463.9798438625817
73.24675231021864;42902.44119481996;1926.3151128271372
1.9997952585599168;449.91975271553474;-193.43209094515197
0.0
63.78123594628392;-15.299064127081559;-2464.417500762644
73.2464719203969;42904.7898417156;1926.428462682476
1.9997165479948502;449.96409767233325;-193.4275066285073
0.0
63.77589670595905;-15.295098903285353;-2464.403806587773
73.2469165473889;42901.284462686024;1926.2965332457193
1.9997344669397954;449.95049015897916;-193.42490820988203
0.0
63.775825739744256;-15.295230743409244;-2464.3772488787117
73.24690870341043;42901.39580974595;1926.301781600497
1.9997218183361223;449.9636649051833;-193.42454407837712
0.0
63.778294492522555;-15.296351072324445;-2464.5827090922626
73.24671062894159;42902.35799264825;1926.3356767650744
1.999794283291041;449.9187876398725;-193.4237690437429
0.0
63.789139362142755;-15.300927631462821;-2466.202006074455
73.24617722577163;42905.85810534885;1926.5486852637698
1.9997027629385211;449.96538994943717;-193.40234326296786
0.0
63.79395619214531;-15.301045975274535;-2469.492626561885
73.24639305379729;42904.528791667566;1926.6320894695423
1.9999864131667973;449.9182395824129;-193.3546244105826
0.0
71.4576417027165;-15.483475970800756;-2465.5376902642925
73.24126013494777;42983.39265777493;1929.7710263181348
1.999555633816961;448.97602075755526;-193.27418737205687
0.0
71.21043357011818;-15.470603929503271;-2479.8213516946994
73.24107863589302;42981.17203474372;1930.2041396404882
1.999714088729361;448.9447055231727;-193.11280815586466
0.0
63.776934424813156;-15.295828760500187;-2464.637457003344
73.24686492430563;42901.80138578441;1926.3278870430938
1.9997497030093143;449.96709560016325;-193.42113713285156
0.0
63.78637157693999;-15.300600316508989;-2465.7298913548107
73.24634373886795;42905.997236168245;1926.531423615832
1.9997834261301968;449.9432879394795;-193.40834459572565
0.0
63.78252289849282;-15.297838530175643;-2465.929833311431
73.24663349982843;42903.022979528694;1926.4188310494185
1.9998218760530206;449.92760205826374;-193.40548504449785
0.0
63.789666829228416;-15.300272453524132;-2466.745595868303
73.24630581203003;42905.822396847376;1926.5626633999093
1.9997831677208544;449.95011248691816;-193.39368039999852
0.0
65.94257560962588;-15.359276494635166;-2472.6713766453977
73.24358087313531;42929.46129904201;1927.744396532292
1.9997454915345436;449.9939303536402;-193.28988783198173
0.0
65.88510185699145;-15.35580754970466;-2472.4602076239757
73.24368171785815;42929.28827887347;1927.7326302614151
1.9996966262479339;449.9853176853073;-193.28942749794436
0.0
69.22262945230564;-15.425012641243729;-2478.448231403918
73.24269816719826;42952.881964613814;1928.9461292988356
1.9998182755352885;449.8872036528667;-193.21113572523976
0.0
63.86454911280826;-15.30666948230132;-2479.3451324233447
73.24413504615153;42918.12512563426;1927.769121227965
1.9996440147250465;449.7825994657036;-193.16850997102588
0.0
70.41163367678536;-15.439976901473099;-2480.7567283112544
73.24143523124262;42963.391609341124;1929.426225777679
1.9997112488084972;449.0672500743625;-193.1249559745502
0.0
63.789897218818766;-15.308243425929186;-2467.2211617520147
73.2460734490567;42910.03168561626;1926.724692688929
1.9999094161494837;449.9864336423231;-193.39552838650982
0.0
63.79351027666306;-15.302911178844587;-2468.191169685279
73.24615668401785;42905.83213042941;1926.6278818820767
1.9998455467313092;449.93480509319113;-193.3773063534011
0.0
63.79699456646919;-15.30244741559768;-2468.9599896539594
73.2460925953718;42905.983575585116;1926.6655802490548
1.999865786432289;449.93217174183127;-193.36475382259587
0.0
63.798424450420946;-15.299045103351801;-2470.9524875994466
73.24650297924244;42903.53227138286;1926.65229953882
1.9997993055230163;449.98536572545294;-193.33293182774236
0.0
63.800879005550605;-15.299732086829232;-2471.2118614204833
73.24639646154694;42904.41854561598;1926.7051751807523
1.9997754683975837;449.9852097760647;-193.32779041660535
0.0
63.808371502609624;-15.300996597718605;-2473.3656223982393
73.24621691944574;42904.857352974206;1926.8104653187995
1.9998382771156513;449.9847772152722;-193.298103477011
0.0
63.88053596823551;-15.308540612809853;-2481.472813955655
73.2442507910018;42913.13746505589;1927.6456149348162
1.9997037896411785;449.9896096124428;-193.1395260158655
0.0
63.81539804716859;-15.303902657796323;-2475.1172682296624
73.24604381267115;42906.828651358075;1926.9739040997138
1.9999897633380603;449.9502536680241;-193.27264666068274
0.0
75.17420547220364;-15.585197860940061;-2474.637672283526
73.24023300222119;43028.408305025616;1932.0745770830993
1.999864387737203;447.29969643034923;-193.1442365761612
0.0
69.69794839231112;-15.455641515538494;-2474.7015915857446
73.2428241502131;42964.231416687784;1929.1247621319758
1.9988176038732517;449.35079982037826;-193.27018242803464
0.0
74.98814547417957;-15.613257379227614;-2458.194613696388
73.23987234734886;43055.423230482906;1932.7998973651693
1.999968498874101;447.0483635670919;-193.34200075953194
0.0
63.73391174546039;-15.268895873429114;-2448.3681345731384
73.2481830383004;42896.247042393865;1925.4867144435982
1.9999856667698384;449.99756652851056;-193.6101333330716
0.0
72.26917052008703;-15.498168154083016;-2475.7011424631746
73.24108932421427;42986.97410936059;1930.1478456614138
1.9993328774069434;449.01808214512766;-193.21368891923444
0.0
63.81487077820007;-15.323253100987715;-2466.402782119975
73.24448372050597;42923.90355156637;1927.490978254482
1.9995721006613496;449.90393716112226;-193.37557741825188
0.0
73.39213920795532;-15.550337501037392;-2468.015257533173
73.23962315239763;43055.0667203235;1933.330217837063
1.999594135079001;447.1585113174187;-193.13018720323353
0.0
63.747530064370416;-15.283277613005529;-2452.2072550174908
73.24727490201022;42901.204599360164;1925.8265723071713
1.9996914587859806;449.9162693393294;-193.57604911232474
0.0
63.80683035202673;-15.33826323393997;-2462.470596989041
73.24405478758133;42935.35154040758;1927.7229499937057
1.9989563124255672;449.9742607104576;-193.44976502814478
0.0
70.58256407736297;-15.472190669923197;-2473.6195716313086
73.24235150843596;42975.83407406444;1929.818271098667
1.9991922159754456;449.10508091953614;-193.22655856548465
0.0
72.62556438896937;-15.527874219686973;-2472.177681946137
73.23945431783115;43052.49084599682;1933.4048863366493
1.9995806283391089;447.2084800903203;-193.06972923466952
0.0
63.774099053563326;-15.296689794297327;-2463.0713082033203
73.24674718858496;42903.6263792413;1926.3133845749564
1.9997640284177778;449.8959883128014;-193.44524880121938
0.0
74.49405015030581;-15.596825672625059;-2459.4584328105125
73.23987632554568;43048.50056484866;1932.4915064636457
1.9996322034729452;447.5452147967473;-193.34091281712523
0.0
74.86783235156364;-15.582901587289465;-2470.044473947212
73.2401454172258;43032.834117811544;1932.0858728424614
1.9998648772392582;447.3739104734168;-193.21167780541433
0.0
74.93143161460848;-15.581224704196265;-2473.6937136408965
73.24016798268569;43030.297910206566;1932.1149933296538
1.9997360085674576;447.349228726369;-193.16041377202737
0.0
63.81453466332639;-15.338095358988644;-2465.776005625523
73.2440267198324;42933.71803378264;1927.7454388336191
1.998993225529624;449.94939532829204;-193.41085307631312
0.0
74.62934559593111;-15.603383961054629;-2461.2769282321283
73.24013693559355;43044.355522210535;1932.3035338049926
1.9993806065866622;447.5428964470605;-193.33484975802756
0.0
74.59657755716019;-15.600693409339868;-2460.0411013718426
73.24014093557396;43042.62155365946;1932.172339785422
1.9993760273028416;447.5460276743358;-193.35357080619548
