200
4
0.0
63.94025573748595;-15.079395484084069;-2412.8835276701266
73.25757935232244;42746.68284720477;1923.0076867840767
1.9992773170031357;449.99579442144045;-192.58803790219648
0.0
63.94174622314021;-15.08308618103196;-2415.4286808918187
73.2573887685808;42745.98763502855;1923.03180181336
1.9992939115373511;449.9940416395151;-192.5673309898076
0.0
63.94195689607539;-15.083175639374424;-2415.5126816821953
73.25738269693085;42745.942063302355;1923.033031033093
1.9992742207879706;449.9970899728875;-192.5661654411164
0.0
63.94196477868895;-15.083175662978721;-2415.51318849937
73.25738262765722;42745.944090398494;1923.0331848178682
1.9992739396619397;449.99714423019134;-192.566146993938
0.0
63.94196477868895;-15.083175662978721;-2415.51318849937
73.25738262765722;42745.944090398494;1923.0331848178682
1.9992739396619397;449.99714423019134;-192.566146993938
0.0
63.94196477868895;-15.083175662978721;-2415.51318849937
73.25738262765722;42745.944090398494;1923.0331848178682
1.9992739396619397;449.99714423019134;-192.566146993938
0.0
63.941978640744956;-15.083160909375795;-2415.513414198042
73.25738269212697;42745.94171895754;1923.03318635279
1.9992725658196184;449.9973698167775;-192.56610753768072
0.0
63.94198652334422;-15.083160932980558;-2415.513921013907
73.25738262285336;42745.94374605412;1923.033340137601
1.999272284693806;449.99742407398315;-192.56608909050033
0.0
63.94199970415523;-15.083168789162395;-2415.5203326805495
73.25738220192096;42745.945985831175;1923.0336998439343
1.999283960046103;449.99539237904196;-192.5660096437762
0.0
63.942083771191925;-15.083180209011362;-2415.519381275043
73.25738144487357;42745.98883717592;1923.0362562396137
1.99928834046637;449.9949198607122;-192.56583956412328
0.0
63.942083771191925;-15.083180209011362;-2415.519381275043
73.25738144487357;42745.98883717592;1923.0362562396137
1.99928834046637;449.9949198607122;-192.56583956412328
0.0
63.94215282139948;-15.083228111569012;-2415.5594912214883
73.2573786812572;42745.97504917899;1923.0366989023264
1.999289512823063;449.99455495242245;-192.56546256278975
0.0
63.94214706382248;-15.08319875647598;-2415.5446863158495
73.2573796905404;42745.967904311176;1923.036349234591
1.9992903433015272;449.9944757077607;-192.56546210256136
0.0
63.94217977245338;-15.083232561201656;-2415.5635407104805
73.25737827927533;42745.98446720824;1923.0373708465538
1.9992895401303572;449.9945456505434;-192.56539103721798
0.0
63.94219881980893;-15.08323247515122;-2415.569087438889
73.2573779016167;42745.983520226226;1923.0375470480085
1.999289272025784;449.9946131792518;-192.56531526172301
0.0
63.9422078254837;-15.083243298515338;-2415.572299138425
73.25737759692183;42745.987641534135;1923.0378516823446
1.9992913406732387;449.9943150552449;-192.5652815943516
0.0
63.942303094689116;-15.083250976961278;-2415.6004004923698
73.25737570059896;42745.97179514761;1923.038391705135
1.9992714494494812;449.9972562731736;-192.5648420557765
0.0
63.94326399308769;-15.085102481549596;-2416.766477148118
73.25730290661369;42745.47437391558;1923.039079192438
1.9995329792007097;449.97229425201294;-192.55693632552214
0.0
63.94424673670978;-15.085654385890665;-2417.3012474018346
73.2572697508768;42745.963500894315;1923.0667415525818
1.9993656960490598;449.9791870258503;-192.55592840273653
0.0
63.94367071335268;-15.085149891720176;-2416.818508216868
73.25729509785592;42745.59213637732;1923.0473392343658
1.999540004666854;449.9707251305331;-192.55587098201184
0.0
63.94367071335268;-15.085149891720176;-2416.818508216868
73.25729509785592;42745.59213637732;1923.0473392343658
1.999540004666854;449.9707251305331;-192.55587098201184
0.0
63.94367071335268;-15.085149891720176;-2416.818508216868
73.25729509785592;42745.59213637732;1923.0473392343658
1.999540004666854;449.9707251305331;-192.55587098201184
0.0
63.94399573470371;-15.08568158725734;-2417.07834434168
73.25727572408678;42745.58755505277;1923.0526004698047
1.9995101507281314;449.9737379716435;-192.55402550429227
0.0
63.94420032910754;-15.08567062932108;-2417.1440133943915
73.25727822487266;42745.5654185884;1923.0556346255194
1.9995077308111358;449.96423033558824;-192.55320552425823
0.0
63.9442819677591;-15.08583161971556;-2417.2101961028075
73.25727056664061;42745.61033214011;1923.058868116898
1.9994987613078925;449.96572063174256;-192.5526745172347
0.0
63.94566963945373;-15.08644260778328;-2417.721406276239
73.25722526867327;42745.647027913816;1923.0759002335155
1.9995649810328096;449.9619378662319;-192.54690036494418
0.0
63.94566963945373;-15.08644260778328;-2417.721406276239
73.25722526867327;42745.647027913816;1923.0759002335155
1.9995649810328096;449.9619378662319;-192.54690036494418
0.0
63.94566963945373;-15.08644260778328;-2417.721406276239
73.25722526867327;42745.647027913816;1923.0759002335155
1.9995649810328096;449.9619378662319;-192.54690036494418
0.0
63.95276128468598;-15.088713605977137;-2421.1726224509625
73.25702282437197;42743.89224483231;1923.106773280912
1.999176625423856;449.9975362837291;-192.50956513456944
0.0
63.955382160965776;-15.090426173077809;-2422.867556787408
73.2569874820665;42743.373875781195;1923.156422348032
1.9994102076763907;449.96138213969556;-192.49132007392907
0.0
63.9547671240902;-15.090073768522402;-2422.8845037587457
73.25701262318161;42742.91600372377;1923.1391210481238
1.9993122521414917;449.9792825622146;-192.49131234971003
0.0
63.95569094646273;-15.090592714382353;-2422.9883339446787
73.2569774304527;42743.39884422819;1923.1610897531489
1.9994470014549475;449.95415218417236;-192.49007507768712
0.0
63.955348318067884;-15.090110251946511;-2423.1727444355092
73.25700728542012;42742.74067612684;1923.1444501143553
1.9993089435666505;449.9751751416354;-192.48771584989782
0.0
63.95582069968301;-15.09231797650501;-2423.4272538966356
73.2569712816651;42743.58694480366;1923.1913037369263
1.9993242214139744;449.96748042388504;-192.48603312327307
0.0
63.95573895484478;-15.091654434035762;-2423.303161681723
73.2569910383674;42743.357903156226;1923.1824433742354
1.9993080280194;449.97502445708085;-192.48585812035893
0.0
63.95586189072434;-15.092247532847956;-2423.5801517516757
73.25698445502908;42743.387548228224;1923.1925168011276
1.999306091634814;449.97236013697983;-192.48416128534885
0.0
63.9559339719684;-15.092210711344842;-2423.609469461335
73.25698454472392;42743.35293329367;1923.1925462860215
1.9993056285625357;449.97309319547884;-192.48371806214286
0.0
63.957655434222026;-15.092477617034037;-2423.840436307599
73.25697545471932;42743.26373438068;1923.1941108103044
1.99927584806276;449.9699640674758;-192.48220799889347
0.0
63.95695676782287;-15.092703827871707;-2423.8151961658277
73.25693852445951;42743.63687328996;1923.2054478961725
1.9993467164313825;449.9585904548786;-192.48170715133338
0.0
63.96344579069605;-15.096757358033207;-2426.440057384052
73.25664641610341;42743.85809794048;1923.2630018231296
1.9992259814139304;449.973411433584;-192.4575841782134
0.0
63.96344579069605;-15.096757358033207;-2426.440057384052
73.25664641610341;42743.85809794048;1923.2630018231296
1.9992259814139304;449.973411433584;-192.4575841782134
0.0
63.96344579069605;-15.096757358033207;-2426.440057384052
73.25664641610341;42743.85809794048;1923.2630018231296
1.9992259814139304;449.973411433584;-192.4575841782134
0.0
63.9639780724681;-15.096881538878876;-2426.711232606698
73.25665774307518;42743.769087828216;1923.2785484930662
1.9992151424141595;449.97224098691015;-192.4534859769302
0.0
63.96606182696886;-15.097201780357334;-2426.6981786617034
73.25658422406946;42744.796142566855;1923.316309264713
1.9993173368317512;449.9546536397662;-192.45233939988958
0.0
63.963952920693835;-15.096219107604826;-2426.6258487931864
73.2567255785679;42743.7173185051;1923.2998102569356
1.9992003352122856;449.98972308878194;-192.450750476112
0.0
63.97535286034908;-15.10228443759223;-2434.252349803713
73.25626273439148;42740.966331745265;1923.3451576579648
1.9992546564236775;449.9695008293126;-192.39171903366338
0.0
63.98643446131026;-15.103025591378323;-2438.528673028709
73.2559898154274;42739.138659331555;1923.4041862033898
1.999588140432074;449.9374733435485;-192.34134624617295
0.0
63.98929955915674;-15.10472895184888;-2439.551865292372
73.25591526250787;42739.83158546317;1923.475744975569
1.9997596863728984;449.8914107349911;-192.32939631368637
0.0
63.9893427158703;-15.104448092452829;-2439.574862022821
73.25591773202142;42739.61195473645;1923.4659367963513
1.999457901637987;449.9397179966832;-192.32913275443985
0.0
63.993731323203995;-15.105603429200753;-2440.450551844141
73.25585470928272;42739.407091144145;1923.4792298823404
1.9997528640803188;449.8890507036271;-192.3210604428816
0.0
63.99200606278857;-15.104758159378646;-2440.3682066490333
73.25585139961566;42739.33286816646;1923.4835555394836
1.9995278107948447;449.9170874243388;-192.31759309179313
0.0
63.99526964115315;-15.115424291668152;-2442.065185934664
73.25562675053484;42743.766675302846;1923.6973471499389
1.998754874056445;449.95669684796536;-192.3162940238124
0.0
63.993626272185004;-15.105442058779062;-2440.8668140478153
73.25580257318079;42739.56041967139;1923.509390561232
1.9995563291479423;449.9153909461467;-192.3117966710135
0.0
63.993626272185004;-15.105442058779062;-2440.8668140478153
73.25580257318079;42739.56041967139;1923.509390561232
1.9995563291479423;449.9153909461467;-192.3117966710135
0.0
63.993626272185004;-15.105442058779062;-2440.8668140478153
73.25580257318079;42739.56041967139;1923.509390561232
1.9995563291479423;449.9153909461467;-192.3117966710135
0.0
63.993479003029;-15.105439459692546;-2440.88900030014
73.25581113661491;42739.47950467322;1923.5087940503915
1.99952742797083;449.9178874886458;-192.31146866107778
0.0
63.993479003029;-15.105439459692546;-2440.88900030014
73.25581113661491;42739.47950467322;1923.5087940503915
1.99952742797083;449.9178874886458;-192.31146866107778
0.0
63.993479003029;-15.105439459692546;-2440.88900030014
73.25581113661491;42739.47950467322;1923.5087940503915
1.99952742797083;449.9178874886458;-192.31146866107778
0.0
63.993479003029;-15.105439459692546;-2440.88900030014
73.25581113661491;42739.47950467322;1923.5087940503915
1.99952742797083;449.9178874886458;-192.31146866107778
0.0
63.993479003029;-15.105439459692546;-2440.88900030014
73.25581113661491;42739.47950467322;1923.5087940503915
1.99952742797083;449.9178874886458;-192.31146866107778
0.0
63.99394217424254;-15.110889685623064;-2441.3463517808445
73.25572961604163;42741.70885891208;1923.6188094403908
1.999413547097768;449.92518869871833;-192.31104027832225
0.0
63.99376869067955;-15.10466446159703;-2440.944166068992
73.2558150504042;42739.119774079656;1923.495539164286
1.9995923818546149;449.90809159296026;-192.31001547001125
0.0
63.99417658137127;-15.110024655989287;-2441.3988793721624
73.25573491780584;42741.287454708974;1923.6024574735968
1.9994597534660663;449.9208456225391;-192.30961691604293
0.0
63.9943253557153;-15.110026822776877;-2441.445507293676
73.25573185446117;42741.2751930735;1923.603661278197
1.9994450354819913;449.9233478980206;-192.3090071761133
0.0
63.99481179024709;-15.107732790428878;-2441.5034189191388
73.2557505270199;42740.22615717602;1923.5608833253912
1.999509998000267;449.91356637337685;-192.30616454601176
0.0
63.99513226880341;-15.107876239936214;-2441.577719205281
73.25574359763844;42740.31813662357;1923.568619973248
1.999518432302847;449.9104512887642;-192.3050665440225
0.0
63.99642960566887;-15.11394929642107;-2442.7568795536163
73.25559813505134;42743.14608628035;1923.7052934627902
1.998947517024296;449.93611380907015;-192.30390050401812
0.0
63.99642960566887;-15.11394929642107;-2442.7568795536163
73.25559813505134;42743.14608628035;1923.7052934627902
1.998947517024296;449.93611380907015;-192.30390050401812
0.0
63.99642960566887;-15.11394929642107;-2442.7568795536163
73.25559813505134;42743.14608628035;1923.7052934627902
1.998947517024296;449.93611380907015;-192.30390050401812
0.0
63.99740163181071;-15.116870235362091;-2444.119229810391
73.25549848998246;42742.49643941521;1923.706601746053
1.998702382075383;449.995790138306;-192.2925894886666
0.0
63.99740163181071;-15.116870235362091;-2444.119229810391
73.25549848998246;42742.49643941521;1923.706601746053
1.998702382075383;449.995790138306;-192.2925894886666
0.0
63.99740163181071;-15.116870235362091;-2444.119229810391
73.25549848998246;42742.49643941521;1923.706601746053
1.998702382075383;449.995790138306;-192.2925894886666
0.0
64.01166305461203;-15.149294738286988;-2459.24211998396
73.2539948889397;42757.74258865195;1924.3682250103534
1.9997062014427696;449.86604629862643;-192.28645956078742
0.0
64.00356785414208;-15.120021000640842;-2445.077886925446
73.25541082700035;42743.42192763001;1923.7705307122224
1.999897326618431;449.8072492769153;-192.28619726872464
0.0
64.00356785414208;-15.120021000640842;-2445.077886925446
73.25541082700035;42743.42192763001;1923.7705307122224
1.999897326618431;449.8072492769153;-192.28619726872464
0.0
64.00356785414208;-15.120021000640842;-2445.077886925446
73.25541082700035;42743.42192763001;1923.7705307122224
1.999897326618431;449.8072492769153;-192.28619726872464
0.0
64.01221811550374;-15.14489106656875;-2459.9948106477577
73.25401108479168;42754.572547535965;1924.2408558940667
1.999830517549334;449.8527298512904;-192.2778669172596
0.0
64.01313297401701;-15.14513333886035;-2459.949076814249
73.2540072198106;42755.19802009818;1924.2770758391302
1.9998326436614902;449.8526862326271;-192.27617826989433
0.0
64.00368524595552;-15.118849075148674;-2445.977032449387
73.25534990235968;42743.20451285828;1923.809615134092
1.9998796562284884;449.8050809225989;-192.2690205606304
0.0
64.00417983052722;-15.118879142112132;-2446.0037090287133
73.25535275863668;42743.12923792225;1923.8073246494264
1.9997039882431655;449.841982895108;-192.26889774925732
0.0
64.00603847276527;-15.11957727828443;-2446.5782172893337
73.25532183672601;42743.321062832576;1923.8406835576027
1.9989215479764029;449.93410762714143;-192.26195024624928
0.0
64.01695057744205;-15.150517415889066;-2461.42691130219
73.25387637280352;42756.91048633658;1924.4180287805918
1.99981369438164;449.82934510300015;-192.25828146435495
0.0
64.02027097030773;-15.1501096068546;-2462.861012754447
73.25373497759043;42756.986218958256;1924.4405313513516
1.9985883505240543;449.9991192925443;-192.2468554536978
0.0
64.02294470249612;-15.151960718043911;-2463.4352697425065
73.25366332233843;42757.64878833984;1924.4889491139827
1.9995683521422152;449.83132559293057;-192.24007541003897
0.0
64.02452706781249;-15.15325679575735;-2464.320349332636
73.25360175292778;42758.03688031829;1924.5401231592014
1.998897449051188;449.9347496585673;-192.229871707686
0.0
64.02521391006573;-15.153541115777442;-2464.6125699051895
73.25356940246449;42758.10341967155;1924.550701813011
1.998876060031335;449.92177623817616;-192.22639524832144
0.0
64.02521391006573;-15.153541115777442;-2464.6125699051895
73.25356940246449;42758.10341967155;1924.550701813011
1.998876060031335;449.92177623817616;-192.22639524832144
0.0
64.02521391006573;-15.153541115777442;-2464.6125699051895
73.25356940246449;42758.10341967155;1924.550701813011
1.998876060031335;449.92177623817616;-192.22639524832144
0.0
64.02652583587805;-15.154596924319724;-2465.131227789215
73.25362407711386;42757.996687831976;1924.5837603936122
1.9994866111653422;449.81867395375855;-192.21800639130888
0.0
64.02659738432871;-15.154759996013809;-2465.5820189706956
73.25370668558439;42757.56027711009;1924.5889951853173
1.9994256668853503;449.8403877145815;-192.2130045141057
0.0
64.02922256795382;-15.161757733249871;-2465.8594348513507
73.25346644208747;42761.3509301786;1924.7659192792257
1.9989224654017945;449.8834371654829;-192.21269381762005
0.0
64.0308786607027;-15.161215388640525;-2466.155178622296
73.25343120119102;42761.413143640886;1924.7810296182663
1.9987426735421672;449.89545454523244;-192.20712979329707
0.0
64.03102847666784;-15.16124806410208;-2466.187723230727
73.25342802154536;42761.44834108515;1924.7841083415076
1.9988153171402894;449.8814035648163;-192.20663390483082
0.0
64.03109534851114;-15.161328245686574;-2466.213197027142
73.25342561984202;42761.477653313;1924.7863232923423
1.9987274007514093;449.89559953824147;-192.2063697152285
0.0
64.0322867685662;-15.162089250870835;-2466.5804127008773
73.25339506801872;42761.67070734556;1924.8076800863719
1.9991719122572458;449.83720909513903;-192.20240100639788
0.0
64.032050795073;-15.161632677953216;-2466.5489006797966
73.25340208549343;42761.54370318455;1924.8023472332218
1.9991809777607463;449.8279309269066;-192.20213477355813
0.0
64.03211764657524;-15.161712863154282;-2466.5743793161705
73.25339968385721;42761.573018398914;1924.8045625320453
1.9990930729435066;449.84212894239135;-192.2018705186704
0.0
64.04339671658221;-15.168125708199861;-2469.9046521504865
73.2529374512305;42765.57885535481;1925.037309271028
1.9989295431285121;449.8441801217685;-192.17389793602217
0.0
64.04067275672006;-15.163843727768864;-2470.127170806809
73.25308565264092;42761.919483203026;1924.9068189662096
1.9997489906139396;449.74566697650954;-192.16660578904265
0.0
64.0414930177539;-15.164019310133071;-2469.988459708077
73.25309908968731;42761.797037164426;1924.9048825674192
1.9996186083938403;449.73355133544527;-192.1658614877077
0.0
64.04403971958567;-15.167353754930533;-2470.49864387514
73.25294234911082;42764.9942913609;1925.03389053059
1.9987795097757093;449.8850499906474;-192.16517884933654
0.0
64.04158587330757;-15.164353230418293;-2470.239676530048
73.25307808512767;42761.917948127935;1924.919804586799
1.9996009749893477;449.7418657884704;-192.1627107946374
0.0
64.04189297822822;-15.164430103316231;-2470.6118078877225
73.25305402745657;42762.004092623254;1924.928479737915
1.9998905421137072;449.71683070991924;-192.16102292227822
0.0
64.0416878507115;-15.164568401338418;-2470.3497415406723
73.25307045530275;42761.938917039166;1924.9270953673808
1.99952917533381;449.74193258508734;-192.16075550907945
0.0
64.04266943375355;-15.164698269097247;-2470.6387750550975
73.25304174619986;42762.05081113411;1924.9396228514913
1.9994910169438385;449.79665936112843;-192.1576062806648
0.0
64.04317789060426;-15.164864214450583;-2470.871402814912
73.25302984925176;42761.992678387396;1924.9457070937726
1.9993720204358265;449.8232284714326;-192.15485536602034
0.0
64.04383852021901;-15.165485647624758;-2471.111112727968
73.25301320076446;42762.27124288935;1924.9697235750873
1.999484833770344;449.7586355133205;-192.15191978454118
0.0
64.04361478462687;-15.165308764543653;-2471.1495438539823
73.25301419229541;42762.06428093744;1924.959551513375
1.999401416785171;449.77051788854743;-192.15190101688256
0.0
64.04533629340727;-15.16571339659679;-2471.4030068375637
73.25296740968751;42762.59109216863;1924.991865264916
1.9996036602415572;449.7348626736927;-192.14785822582226
0.0
64.04578565460676;-15.16493531025411;-2471.4924772321842
73.2531201754487;42761.57348753301;1924.9575188520628
1.9989278006948201;449.84285735672796;-192.14320954110244
0.0
64.0468446627126;-15.165182261655316;-2471.7624476841884
73.25309758236287;42761.75126126478;1924.9760418531484
1.9987752103332892;449.87714028168807;-192.13924646540733
0.0
64.048522970904;-15.167803027171566;-2472.578907693785
73.25286797337803;42763.11472613118;1925.0577525071558
1.9993770359326462;449.8109367988843;-192.13380465227496
0.0
64.04974790092336;-15.168165078131537;-2473.2779750339723
73.25284815648445;42763.62299337082;1925.1028401429123
1.9998374859531836;449.67833040097725;-192.1294263307548
0.0
64.05034993223228;-15.168582442153385;-2473.015573457008
73.25282184233444;42763.92803770586;1925.1110617799118
1.999807419667052;449.69466446363657;-192.12868619859603
0.0
64.05133049112023;-15.169121934242597;-2473.344788831023
73.25279360855862;42764.18498201659;1925.1346107763998
1.9997877894983034;449.7037385225678;-192.12483760629584
0.0
64.05395964271345;-15.169477374916688;-2473.5054427197756
73.25277370667833;42764.618390150914;1925.1607303445073
1.9997242737575474;449.69664149833864;-192.12283649355822
0.0
64.05114841801924;-15.168072788139227;-2473.562394016612
73.25290261137816;42762.91586960564;1925.0947276658285
1.9999097018917609;449.66952187856623;-192.12090212038942
0.0
64.05467191399502;-15.171999860743362;-2475.928091610441
73.252698259873;42765.37843241858;1925.2591814706616
1.9996282548975746;449.703039378029;-192.10920257430058
0.0
64.05578899711671;-15.17199135673541;-2476.035093376314
73.252677359154;42765.24217295416;1925.261501213951
1.9996150627625162;449.69472867454476;-192.10523905417554
0.0
64.05741110498074;-15.172570242878212;-2476.576144690146
73.252649904218;42765.26455831812;1925.2832994082091
1.999526347587106;449.7211960931053;-192.09928344261783
0.0
64.05881213180875;-15.173189444876714;-2476.959056600502
73.25259918913335;42765.45692609382;1925.3108532500253
1.9987886915783901;449.82525397998756;-192.0917659766805
0.0
64.06328844675441;-15.174489637917732;-2477.884684106369
73.25248277397424;42766.074959511774;1925.3775189092137
1.9998361857820928;449.68468273411185;-192.07625270293877
0.0
64.0655339179852;-15.175274064840249;-2478.535935719529
73.25243081702405;42766.82875878231;1925.4381523440395
1.9998635381982748;449.6542073452904;-192.06828900381856
0.0
64.07192320729241;-15.173602413486412;-2480.219453128273
73.25236295600139;42766.00905016244;1925.4998177592734
1.99972584760341;449.59478414422966;-192.03684985710885
0.0
64.07195874854519;-15.17360234160084;-2480.2309414797523
73.25236223203045;42766.00667818582;1925.5001709374535
1.9997230700551827;449.5918379205991;-192.03669324151358
0.0
64.0730486052772;-15.175311817397116;-2480.6849732093087
73.25232066514116;42766.7912092977;1925.5483449206445
1.9992463741305664;449.668728218445;-192.03366293270875
0.0
64.07283176358845;-15.174062209267518;-2480.5113036203697
73.25233750262572;42766.19892568254;1925.5192039338806
1.9997154469254645;449.5859359482807;-192.03328038358745
0.0
64.07283176358845;-15.174062209267518;-2480.5113036203697
73.25233750262572;42766.19892568254;1925.5192039338806
1.9997154469254645;449.5859359482807;-192.03328038358745
0.0
64.07283176358845;-15.174062209267518;-2480.5113036203697
73.25233750262572;42766.19892568254;1925.5192039338806
1.9997154469254645;449.5859359482807;-192.03328038358745
0.0
64.07330646806449;-15.172870274422428;-2480.7248235504976
73.25247774645102;42765.919221305536;1925.5113621091084
1.9989446007063785;449.759021553512;-192.03150330111507
0.0
64.0740460578147;-15.175614839998737;-2480.877676657899
73.25229828345971;42766.66687913619;1925.5576389888508
1.9998189152220922;449.57694254836457;-192.0280587078494
0.0
64.07519491664863;-15.1752984077108;-2481.4605059839214
73.25226666736846;42766.4183864245;1925.5614916689144
1.9997668265322133;449.58021096931316;-192.02260560556277
0.0
64.07679148403922;-15.174842060342714;-2481.745675250204
73.25227416521558;42766.16246386709;1925.579641650247
1.999758643451734;449.5620637259666;-192.01452188470932
0.0
64.07484298015807;-15.174046504100046;-2481.9651789952027
73.25240784661132;42764.93225030429;1925.55815520638
1.9988674925045173;449.733314652093;-192.0126116281574
0.0
64.07959586828909;-15.178346563216492;-2482.7368109506842
73.25214583966444;42767.629884885566;1925.6707996293735
1.9998357009719203;449.54582832686526;-192.00528129109736
0.0
64.08831982649724;-15.179712206712251;-2485.4327798060244
73.25199968128352;42767.88927571671;1925.7989580875615
1.9997515901120888;449.58037122240347;-191.96754366783583
0.0
64.1322722055944;-15.191767619451065;-2480.6480786196644
73.2512464479274;42790.391466306486;1926.8786421201803
1.999982805833377;449.2414674859997;-191.91835132867132
0.0
64.14432437699826;-15.18416038775895;-2490.9842332802664
73.25183521942704;42774.48212002324;1926.4021368677315
1.998844721670261;449.6922602523536;-191.83454652638662
0.0
64.16325841838169;-15.179662540474245;-2491.6954849484205
73.25133649412189;42779.34766887074;1926.7799880507055
1.9994139391677748;449.364820908374;-191.784902432501
0.0
64.30172079480192;-15.21487725199951;-2488.273296220711
73.25074029519925;42877.033029378144;1932.0371861340782
1.9996868773150944;448.7062846714658;-191.62694418597675
0.0
64.33750187583678;-15.223522413309112;-2494.590882220368
73.25076931818806;42850.591138397154;1931.0454100426994
1.9996285727622134;447.85726527000713;-191.5156384195648
0.0
63.940498926695646;-15.080582028612405;-2413.743327237738
73.25751345810588;42746.65376946122;1923.030067547618
1.9992777236794999;449.9965247791365;-192.57974380380546
0.0
63.9452976252885;-15.086348877946921;-2417.6774729998624
73.25723245589968;42745.51919814832;1923.0673832942932
1.9995372250883396;449.97245950454584;-192.5478410058434
0.0
63.946237294449666;-15.086808388079936;-2418.0857790490004
73.25721035799047;42745.45132019523;1923.0794207865772
1.9994428796002774;449.98712533593806;-192.54330399746894
0.0
63.953362993191554;-15.089899175958292;-2422.6528372991706
73.257033424834;42742.56107863433;1923.1086931674295
1.9993397953409586;449.9940794144296;-192.49568779694656
0.0
63.96036273213088;-15.095811094322247;-2425.824572414713
73.25673971343835;42743.10651277986;1923.2104857684737
1.9992789705744025;449.9752970831039;-192.466232662212
0.0
63.96518543797355;-15.097108167682066;-2426.9245457734232
73.2566362645196;42744.06029999454;1923.3036528555713
1.999220006595653;449.9742196367412;-192.44965031880622
0.0
63.974660428093514;-15.101167303996892;-2433.8618820373786
73.2562951842122;42740.77664472947;1923.324707701751
1.9992855843776187;449.97329161363893;-192.39535186349326
0.0
63.993846076762146;-15.105775774883448;-2440.81972218986
73.25579680352463;42739.89616654534;1923.5246282299408
1.9995490154015205;449.9171236989035;-192.31191458604496
0.0
63.994900901708895;-15.10830504216602;-2441.5036962090007
73.25574269661088;42740.542762479396;1923.5752822573345
1.9994538896076632;449.9239681678893;-192.30640650192277
0.0
63.99871813142793;-15.116876452378342;-2444.1350947779747
73.25549613203984;42742.495267526334;1923.706618693936
1.9987912563771166;449.98922405560916;-192.29246187519135
0.0
64.00011680131969;-15.117778533179001;-2445.7993758675148
73.2554497890267;42741.519928435744;1923.725837990853
1.9998930895131697;449.8582912379792;-192.27432150721646
0.0
64.00011680131969;-15.117778533179001;-2445.7993758675148
73.2554497890267;42741.519928435744;1923.725837990853
1.9998930895131697;449.8582912379792;-192.27432150721646
0.0
64.00427441400684;-15.11904948860402;-2446.6861584532603
73.25538851988819;42741.984954150685;1923.7802574200791
1.9998212689578365;449.9091653395548;-192.26492259930842
0.0
64.01706738999597;-15.151065355739448;-2461.4851040060075
73.2537949988816;42757.9127916358;1924.4345801657635
1.9987878029780888;449.99451508076623;-192.26302786979636
0.0
64.01642278059556;-15.150624744211974;-2461.259590165016
73.25388334533521;42756.75421060117;1924.403364762014
1.9999740811544464;449.82217517228514;-192.2603371259874
0.0
64.00651633494344;-15.119913993776562;-2446.919381148231
73.25528584395667;42743.63250843723;1923.8679498358906
1.9989930453372746;449.95069424124017;-192.25718569212708
0.0
64.00651633494344;-15.119913993776562;-2446.919381148231
73.25528584395667;42743.63250843723;1923.8679498358906
1.9989930453372746;449.95069424124017;-192.25718569212708
0.0
64.00651633494344;-15.119913993776562;-2446.919381148231
73.25528584395667;42743.63250843723;1923.8679498358906
1.9989930453372746;449.95069424124017;-192.25718569212708
0.0
64.00658003788944;-15.12004972213971;-2446.9554340336795
73.25528343769001;42743.675733322605;1923.8713763807318
1.9989455711552395;449.96009493911413;-192.25684010588793
0.0
64.0257653413888;-15.154453380229889;-2464.8184998908123
73.2535596962648;42758.23150890445;1924.564660001517
1.9989502004968172;449.92458463264035;-192.2248254501843
0.0
64.03127941322163;-15.163676277517968;-2466.428366488215
73.25338169414539;42762.606249067554;1924.841545830247
1.9988540575410194;449.8993409862177;-192.2056576086908
0.0
64.03784704618424;-15.161715588365608;-2468.4630270117686
73.25326670437038;42761.20816233118;1924.8573709374168
1.9990259496668517;449.8899033604744;-192.17704647724295
0.0
64.042945947181;-15.164718935617922;-2470.7544018416334
73.25303716717099;42761.99154463329;1924.9416858623033
1.9995481317275126;449.79871498105086;-192.15614759576806
0.0
64.04402896653644;-15.165818437757205;-2470.962423690291
73.25300122020455;42762.36111844604;1924.96950088741
1.9995379721174944;449.7419329922466;-192.15220627477476
0.0
64.04415465081375;-15.165559317556875;-2471.218382395727
73.25300591174518;42762.231761106435;1924.9719981474589
1.999618806914687;449.73790455384454;-192.15048733507115
0.0
64.04903497531917;-15.168066484499354;-2472.7435273779283
73.2528499806428;42763.24154589707;1925.0682009296875
1.9993457369002763;449.8442285601771;-192.13189804570973
0.0
64.05091192063496;-15.168833153533154;-2473.0699287052353
73.25282018119391;42764.057509716586;1925.117056149896
1.9994585073410518;449.8014814865677;-192.12902849871415
0.0
64.05090925236324;-15.168606231548745;-2473.0697806501894
73.25281296390573;42764.028679334755;1925.1172810938917
1.9999161882238783;449.6866348539602;-192.1278673501275
0.0
64.0565786741248;-15.171908558070987;-2476.0854960656075
73.25267065582527;42765.18748023298;1925.267308665413
1.9996325442460603;449.70698925564204;-192.1022907825991
0.0
64.05730692001498;-15.172659057039793;-2476.378794659633
73.25264555753297;42765.31970340135;1925.279984078847
1.9995310239308088;449.7458464725968;-192.10011774234619
0.0
64.05987112170963;-15.174969558987886;-2477.338220134681
73.25256147511692;42766.16689497131;1925.3533205658007
1.9996283875625944;449.7194076426633;-192.08929667584428
0.0
64.07347364480079;-15.175536658350318;-2480.7566881035073
73.25230708294151;42766.73131697203;1925.5527425062303
1.9997484097825637;449.6138828606361;-192.03070887717246
0.0
64.07711917021221;-15.17553545510394;-2482.100767630032
73.25222875078639;42766.28924885504;1925.5825212004872
1.9998484747057348;449.5973416004955;-192.01386499992617
0.0
64.07947370932752;-15.178843281068254;-2482.7344167277192
73.2521435844937;42767.80840623726;1925.6788357681833
1.999766828830661;449.60337292216354;-192.0056850389762
0.0
64.08151141251078;-15.177532153700417;-2483.3481839211813
73.2521413136849;42767.300596980414;1925.6892596977505
1.9993346872249844;449.78390507259303;-191.99605200814582
0.0
64.08323905923591;-15.17761503495724;-2484.059662203666
73.25216101157518;42766.84028840051;1925.701920429321
1.999799163512665;449.5621820571572;-191.98573696246976
0.0
64.08608245631356;-15.178925863316998;-2484.7794900235485
73.25205646714764;42767.135824162986;1925.7382656804025
1.9997239673158123;449.61083734095916;-191.9755301949058
0.0
64.1776261874429;-15.193626691258816;-2497.1290238382344
73.25131792060499;42783.709871526924;1927.1957027835738
1.9994898723110557;449.4739598169532;-191.713901946818
0.0
64.27385447532485;-15.211667221176224;-2489.339151217827
73.25082415319294;42834.35850826123;1930.08131797212
1.9997269935825568;448.7441451757029;-191.58323002932093
0.0
63.97475862853707;-15.10173374888789;-2433.8979977393055
73.25628873837803;42741.002454070695;1923.3375741016926
1.9992289690036473;449.97851715068055;-192.39491231037115
0.0
63.97491802661848;-15.101111627253356;-2433.9081294743555
73.25629196843401;42740.69933014952;1923.3249501660407
1.9992865719691795;449.9757166884184;-192.39398481072598
0.0
64.03299062452169;-15.15207043638183;-2466.8175323026317
73.25346940394384;42756.97111056017;1924.5910264270785
1.9990068130276413;449.9257128100013;-192.1943663157525
0.0
64.05716778502422;-15.17223667346584;-2476.3227768997044
73.2526512548933;42765.27748255738;1925.2732176679474
1.9997297320292502;449.72702319388816;-192.10153168801946
0.0
64.08154655007766;-15.177851067278473;-2483.2944255940965
73.25211922435167;42767.37967406412;1925.6845409488476
1.9998315038268033;449.60786873645714;-191.99702566191905
0.0
64.1435638980408;-15.190947111270328;-2489.748452552496
73.25176407122207;42779.46933625522;1926.6152704754018
1.9993554247979706;449.8332038615041;-191.84664073091417
0.0
63.942101723733664;-15.083191853562443;-2415.527865199075
73.25738079931375;42745.988415338084;1923.0364727688889
1.99928310312626;449.99566514093254;-192.56575722083085
0.0
64.05090782314092;-15.171527134880721;-2472.900568782273
73.25281704666452;42764.47507830589;1925.149009930122
1.999762284225059;449.6726040121489;-192.12677134481206
0.0
64.17711437617217;-15.186439507984954;-2493.780889994273
73.25149204864292;42781.15868270135;1927.0728864630905
1.9991095484415107;449.55602266283535;-191.7127056767603
0.0
64.00042447940177;-15.118862948768706;-2444.898257365204
73.25541031717123;42743.660952674865;1923.7859355925118
1.9998225794320104;449.80439893381464;-192.28384017368083
0.0
64.08684192317604;-15.178546755824785;-2485.0658855173024
73.25216942612317;42767.368045893236;1925.765400588798
1.999743603100355;449.5706514288192;-191.97209640067484
0.0
64.02558220075211;-15.153345613787023;-2464.846235059364
73.25379551198431;42757.05579740662;1924.5418814421027
1.9993977961749771;449.8675403189391;-192.22142100943938
0.0
64.02158281845338;-15.156999567377653;-2462.906909265935
73.25365940699933;42760.002546243326;1924.5938012568793
1.9992630307648027;449.8864701004946;-192.2452132164797
0.0
63.96900420678505;-15.100506603452011;-2429.2162062326643
73.25645493557315;42743.7373070352;1923.3394800352314
1.9994946699588938;449.94775460941224;-192.43058176235186
0.0
64.06673194500105;-15.175895034251376;-2479.410762634576
73.2526542531532;42765.87822865518;1925.4332439624784
1.9994740524512231;449.7386845233949;-192.05753812003996
0.0
63.982354093007544;-15.105972445326982;-2436.7552997864577
73.25605150564314;42741.61643627749;1923.4595842173503
1.9995669971737897;449.9329016555956;-192.3624488368814
0.0
63.94750416656657;-15.086944979381572;-2418.263858014557
73.25719183167126;42746.119169567;1923.1179772451628
1.999591158963429;449.95676977875615;-192.54122205506764
0.0
64.08224991308649;-15.179582720672837;-2483.633116342045
73.25217304899911;42768.02260030887;1925.724129532653
1.9997199488059918;449.58583746802844;-191.99395324338158
0.0
63.99665535604871;-15.114102808113705;-2442.842633997306
73.25558657567504;42743.57077999162;1923.7219533463324
1.9987524626632343;449.9565639121297;-192.3048869592142
0.0
63.99052844593553;-15.106424983732047;-2440.1214560340127
73.25586529234342;42739.743007604935;1923.4875032509951
1.9993580872308543;449.9444756840067;-192.32392440870598
