200
4
0.0
60.54820694241083;-15.293263091320522;-2396.272139816556
73.58603791498716;42962.68091596012;1929.4093955879957
1.9998689307017208;449.9632358242584;-194.1101335704331
0.0
60.55224867503311;-15.294681935805063;-2396.4738415504216
73.58403628166685;42963.013130754785;1929.4317882360292
1.9998146184143444;449.9895133082799;-194.1096198580941
0.0
60.552838892183445;-15.294654535794518;-2396.504322991213
73.58469843340315;42962.95345818327;1929.4303866289806
1.9999805306991194;449.9524471473112;-194.10934506482087
0.0
60.55393173664078;-15.294707400024166;-2396.555859840044
73.58527824789608;42962.87828293117;1929.428983629367
1.999744795747225;449.9729490480119;-194.1090820686284
0.0
60.55419275225723;-15.294752657644343;-2396.5722535249115
73.58471807154186;42962.88777328704;1929.4301050540978
1.9999741243706328;449.95539086578145;-194.10888059385437
0.0
60.55487992920895;-15.294707948586916;-2396.607559399146
73.5856461872185;42962.81232145334;1929.428143609845
1.999740880384516;449.9731969719608;-194.10868181358404
0.0
60.55497158785406;-15.294730820340142;-2396.6107856000103
73.58566477893123;42962.80811491586;1929.4281342755457
1.9998046903949118;449.9653672994736;-194.10862539309576
0.0
60.56249213970724;-15.294078119562188;-2397.0177658591015
73.5870734279207;42961.926965905834;1929.4060297720216
1.9996936239288734;449.9904992455268;-194.10469854559796
0.0
63.04195702157124;-15.284271914532537;-2529.6011862509563
73.30008848047099;42839.99995443876;1929.8290076033493
1.9989785162459761;449.62420519010465;-192.55752622840384
0.0
63.58798083606487;-15.419652705246323;-2532.5936287092854
73.25653050099203;42911.12239462395;1933.2139133000721
1.9999465336436415;449.3455194766484;-192.5458874213221
0.0
63.588786662878974;-15.42504705086224;-2537.209214457376
73.25646102091099;42909.36156873175;1933.2889687420336
1.9998256555895502;449.30047273443984;-192.50680741870653
0.0
63.59422650585986;-15.426877060881436;-2538.7394995286545
73.25627638799266;42910.229720322975;1933.3913812219175
1.9998231008012908;449.30334889066927;-192.48624717792748
0.0
63.11857634963836;-15.312879150860635;-2538.744766438774
73.29512885397239;42842.29208126345;1930.2567031920366
1.9988932693503365;449.95325568097905;-192.48157852295785
0.0
63.59798254606163;-15.42815770871296;-2539.4545402681592
73.2562465145934;42911.25244094364;1933.4544332610128
1.9999969825172335;449.24595564702344;-192.4748661479676
0.0
63.611262806632766;-15.426144559438974;-2542.5358729712075
73.25613921872547;42912.447470865016;1933.5288464414357
1.9996991244811224;449.23462451909364;-192.43387164524063
0.0
63.611658738689215;-15.427188555571716;-2542.3158280333
73.25603468843056;42911.941457084366;1933.5639022185383
1.9997001962993366;449.19458797030615;-192.43185899614548
0.0
63.61675494452142;-15.426639804926431;-2545.623669511831
73.25600227428278;42913.70465478305;1933.88920051024
1.9999651604134743;449.11700419081035;-192.37093304000572
0.0
63.61675494452142;-15.426639804926431;-2545.623669511831
73.25600227428278;42913.70465478305;1933.88920051024
1.9999651604134743;449.11700419081035;-192.37093304000572
0.0
63.61675494452142;-15.426639804926431;-2545.623669511831
73.25600227428278;42913.70465478305;1933.88920051024
1.9999651604134743;449.11700419081035;-192.37093304000572
0.0
63.62585880198237;-15.429166908912299;-2549.86385675844
73.2559587347436;42911.801887313355;1933.9727801632373
1.9998923875321446;449.1244292818935;-192.32659210893553
0.0
63.93465757894059;-15.442227578789772;-2548.073326377929
73.25547966297873;42930.969905225946;1934.6634135841387
1.9999457147448905;448.8718245831452;-192.3094642706863
0.0
63.947574705727384;-15.442404037959916;-2548.2158389000115
73.25529811469843;42930.9265889919;1934.6678447686515
1.9998876171535631;448.77055566854335;-192.30646275990844
0.0
63.629496613485806;-15.424097156591644;-2554.5812164473027
73.25627731593299;42904.11014546541;1933.8059301452276
1.9996316221690547;449.3521261770166;-192.28001748360322
0.0
63.949394409469974;-15.440942289309492;-2551.5592404909976
73.25549710898372;42927.74705325736;1934.7067850973742
1.9999615855628885;448.7539364769496;-192.26700527860876
0.0
63.61042170332023;-15.40920093623101;-2558.157986617581
73.25648692335156;42892.1874539012;1933.3992951235296
1.9994678903626188;449.38707637519093;-192.24776365333233
0.0
63.73425864712992;-15.436936887732799;-2552.6185974318632
73.25510333576463;42936.76721595983;1935.0277657408403
1.9999888476704655;448.5661589364053;-192.24549598066926
0.0
63.77845864095755;-15.438071619912057;-2551.688785084398
73.25542482892469;42929.90748057349;1934.6919889105043
1.9997979680684865;448.83516493375373;-192.24022242197034
0.0
63.65308866367402;-15.424275514707158;-2559.4369673361084
73.25599911023538;42907.4676791569;1934.084728071724
1.9996310596199602;449.17340978233057;-192.21422803924878
0.0
63.65308866367402;-15.424275514707158;-2559.4369673361084
73.25599911023538;42907.4676791569;1934.084728071724
1.9996310596199602;449.17340978233057;-192.21422803924878
0.0
63.65308866367402;-15.424275514707158;-2559.4369673361084
73.25599911023538;42907.4676791569;1934.084728071724
1.9996310596199602;449.17340978233057;-192.21422803924878
0.0
63.65308866367402;-15.424275514707158;-2559.4369673361084
73.25599911023538;42907.4676791569;1934.084728071724
1.9996310596199602;449.17340978233057;-192.21422803924878
0.0
63.65308866367402;-15.424275514707158;-2559.4369673361084
73.25599911023538;42907.4676791569;1934.084728071724
1.9996310596199602;449.17340978233057;-192.21422803924878
0.0
63.85266681016799;-15.4299880725227;-2559.8579989706204
73.25582758149918;42910.83041336107;1934.1636959801995
1.999689767188655;448.9455554113305;-192.18576158853875
0.0
65.01302940818277;-15.457006919012564;-2546.7207640019815
73.25473211839937;42969.40701739703;1936.7062044735635
1.999721215389035;447.9877275641058;-192.17948123233526
0.0
63.837556346870166;-15.429760092477562;-2561.0255342656587
73.25575464265945;42913.47094740574;1934.2921036021166
1.9996877734253582;448.9166212038997;-192.15891342606037
0.0
65.0128049123297;-15.455975205202352;-2547.504975873059
73.2545711580234;42970.415316395905;1936.7839489248236
1.9997281499385284;447.90391110498354;-192.15887033977944
0.0
63.672223549760496;-15.425130309753117;-2562.9747469995114
73.25614238919849;42905.385386903414;1934.1563611010583
1.999602024992447;449.24316512898235;-192.15495227688155
0.0
64.9083084123357;-15.453382199615714;-2549.505581995679
73.25438289762754;42975.80804538459;1937.145781531717
1.9999175877891768;447.8850995004334;-192.1151015078534
0.0
64.11943342650218;-15.440519345658718;-2559.138378734497
73.2550853510076;42954.59581800085;1936.6681742946598
1.999535119989291;447.699065121699;-191.99510922056288
0.0
60.55153255957178;-15.29460723108904;-2396.438460637778
73.58339233967877;42963.03560666137;1929.4313740627458
1.999874734107106;449.98029988007477;-194.10984248532878
0.0
60.55195610572851;-15.294654053635401;-2396.458916966655
73.58422165324549;42963.02377470262;1929.431666389986
1.9998887567466224;449.96875767010357;-194.10972028133705
0.0
60.555179187760146;-15.29460182099645;-2396.632769750128
73.58575913031439;42962.74056740092;1929.426223711997
1.9998149475979488;449.9693364069894;-194.10822221377535
0.0
60.55784023346013;-15.295017523721512;-2396.75903443299
73.58593148715163;42962.70451619168;1929.4293530684183
1.9997888707613474;449.97730152626974;-194.10757630996252
0.0
60.564781625713245;-15.294446514013257;-2397.1304338289005
73.58783956253492;42961.86172972046;1929.4068949365876
1.9997440189890918;449.9821348382953;-194.10416717915305
0.0
63.31725647607289;-15.327711007262492;-2536.5246987471687
73.27681077344891;42843.36709511726;1930.2788702899018
1.9999066249506492;449.80646629946096;-192.5504025391093
0.0
63.17479083931332;-15.3150322577266;-2541.128489400053
73.29013391375604;42841.096325299826;1930.3074890574062
1.9990613746870058;449.9462321376369;-192.45780190305476
0.0
63.22169289606871;-15.318449963491451;-2541.8647681581388
73.2860264101547;42841.12723841535;1930.345977262591
1.9992024295555209;449.9128728640012;-192.4542680347509
0.0
63.548521754909245;-15.405822560217533;-2549.4035134566448
73.2575830752968;42879.020230657705;1932.3154896470878
1.999696125652131;449.90029876993896;-192.43276938740422
0.0
63.121062481998976;-15.296842098885111;-2541.7876047375994
73.29560209098388;42837.33808340562;1930.163349296849
1.9994302666634491;449.86050103371207;-192.4189427224313
0.0
63.55961353599846;-15.40676371884329;-2549.917763412097
73.25699215246466;42880.47893533632;1932.4314202577646
1.9997453575309814;449.66302333339013;-192.4170015862564
0.0
63.516469748650096;-15.38347086543803;-2550.3550872025257
73.2606630026711;42866.39425743779;1931.7941592916284
1.9993850933388102;449.76853896080485;-192.40341838506373
0.0
63.575183774259244;-15.407449483320402;-2551.8089326138142
73.25691297435435;42882.36149710505;1932.5598506370336
1.9995421506753426;449.62898836471754;-192.38176946304134
0.0
63.578939522690774;-15.408988638188841;-2554.1504021094656
73.25683995077158;42881.94279016206;1932.6175045614284
1.9995860393406215;449.6242806294207;-192.35612405985975
0.0
63.61213161999699;-15.422363061208838;-2549.8740712826066
73.2563076068843;42903.69483148246;1933.6269495503893
1.9997360701276785;449.36807573722825;-192.34456088669398
0.0
63.62549530334318;-15.428980285382732;-2549.702594570399
73.25613306227251;42911.85053236291;1933.968801546516
1.999962542161256;449.22605800060063;-192.32953221913522
0.0
63.654904807666014;-15.434861858342854;-2550.978520076149
73.25577255464951;42917.63628011732;1934.1826345883085
1.9999393499923364;449.0891158258402;-192.2945294748575
0.0
63.92947515430171;-15.44218060687896;-2550.3550486340505
73.25549044643907;42929.78497327985;1934.7093889084574
1.9999592786031188;448.8839771640836;-192.29267164863882
0.0
64.03763753571185;-15.443957466005447;-2550.585529368404
73.25550077207797;42927.20100879135;1934.598406992314
1.9999442112588595;448.89482362737004;-192.29071544737297
0.0
63.630811904042325;-15.42616262647663;-2556.4056656983757
73.25630047661473;42903.846389434046;1933.8628170767165
1.9996339520949846;449.3688873948124;-192.26247514958067
0.0
63.86653434886844;-15.440186621653291;-2554.147540645767
73.25557570866594;42919.73464455378;1934.3445368454652
1.9998882927130066;448.9065618712692;-192.25968778561065
0.0
65.01829084658027;-15.457521636500312;-2546.961664779426
73.25475567546754;42969.226660582266;1936.705087887658
1.9998026366090491;448.02748948405167;-192.17677990489955
0.0
63.51380279545217;-15.372520412627669;-2568.8189002034783
73.26141346889504;42857.30701492206;1932.1837742985617
1.9994052878258295;449.7440370337566;-192.16995847988895
0.0
65.05519069028533;-15.457277957993918;-2549.4598453139565
73.25452228275114;42970.11644154364;1936.8549191112095
1.9999314192743582;447.9296735470275;-192.14149778128896
0.0
65.05807616303132;-15.457296922539332;-2549.9314892269767
73.2544971215063;42972.39510217819;1937.0233305462393
1.999924528824183;447.94008633683455;-192.12169577237674
0.0
63.555776178230055;-15.419532839105889;-2549.2021793785025
73.25695273575737;42885.31294410043;1932.559141205667
1.9998913433089966;449.9754780388765;-192.4485188021178
0.0
63.1089716260656;-15.29458720542774;-2540.9175855090807
73.29746999264171;42832.51794981176;1929.9161054293224
1.9995902043941216;449.9555693318696;-192.44469431745003
0.0
63.52168160042564;-15.395157104844932;-2550.6534406051164
73.25923190220652;42872.49171556361;1932.0567350453928
1.9993445039665214;449.9644113875309;-192.416383155153
0.0
63.16622022759362;-15.303813096620319;-2541.8841863946373
73.29250165912073;42840.32608866951;1930.3238714884976
1.9992318042516821;449.9330501158385;-192.4144590919857
0.0
63.16622022759362;-15.303813096620319;-2541.8841863946373
73.29250165912073;42840.32608866951;1930.3238714884976
1.9992318042516821;449.9330501158385;-192.4144590919857
0.0
63.16622022759362;-15.303813096620319;-2541.8841863946373
73.29250165912073;42840.32608866951;1930.3238714884976
1.9992318042516821;449.9330501158385;-192.4144590919857
0.0
63.19340350590923;-15.298786063205517;-2544.090448754332
73.29025001842516;42839.072813807;1930.3986988318568
1.9995731462003565;449.77523707072277;-192.37391999915926
0.0
63.577140712627866;-15.408859725506256;-2552.7877174156893
73.25691209531082;42882.707469975176;1932.612013102372
1.9995697542505522;449.650726351202;-192.37058661462157
0.0
63.57772729174005;-15.408647437121367;-2552.8582308002256
73.25691171677462;42882.668705721015;1932.6126268404735
1.9995610040139316;449.6446981993363;-192.36899728499802
0.0
63.20281011700295;-15.299084681339586;-2545.8605184817325
73.28983724071499;42838.98461860495;1930.4691745123102
1.9996732965278787;449.6401313373798;-192.3494525938817
0.0
63.55468040788624;-15.398259333017958;-2553.9671954374917
73.25862793397056;42878.90461732637;1932.5141502559193
1.9996464626020665;449.6442744404548;-192.3406271521589
0.0
63.612793998240925;-15.421262120632669;-2550.5848332147443
73.25636389279623;42902.700688669094;1933.602428357212
1.9997573318924342;449.40038238804755;-192.33649632907228
0.0
63.628806857910355;-15.429300101100731;-2554.2156925296445
73.25601242986596;42908.2620540719;1933.9895656381843
1.9999512834418574;449.16107116968027;-192.2825445036193
0.0
63.649583857238305;-15.432449685201611;-2551.5705491861254
73.25554937897834;42920.76849228884;1934.3330988410191
1.9999903082841026;448.968447264919;-192.28236193012324
0.0
63.65453109675798;-15.433411978983393;-2552.485516240778
73.2557524402846;42917.75905360642;1934.2346907551673
1.9999799064562596;449.083687612143;-192.2815638640752
0.0
63.666242275536156;-15.43679564238123;-2553.457672404547
73.2555271386434;42920.72393713038;1934.3950920425305
1.9999177516316495;448.91196124529324;-192.25694542974358
0.0
63.666242275536156;-15.43679564238123;-2553.457672404547
73.2555271386434;42920.72393713038;1934.3950920425305
1.9999177516316495;448.91196124529324;-192.25694542974358
0.0
63.666242275536156;-15.43679564238123;-2553.457672404547
73.2555271386434;42920.72393713038;1934.3950920425305
1.9999177516316495;448.91196124529324;-192.25694542974358
0.0
63.88245478549461;-15.4392571535974;-2556.0836466910455
73.2555148117204;42920.17693173629;1934.457162053792
1.9999639093127564;448.88474991605943;-192.2253510921946
0.0
63.64474429655501;-15.421897602738266;-2561.4437946779112
73.25647758035491;42898.61392391059;1933.7123945407934
1.9996618676188527;449.3753663563549;-192.21078106089962
0.0
65.0372775226604;-15.45717440400885;-2549.13455054323
73.25483939735142;42966.20836705536;1936.5971833930346
1.9999802527451258;448.1130486080196;-192.16599004256213
0.0
65.03552101357725;-15.456877912355068;-2549.453854559946
73.25481337477676;42968.036578272215;1936.7185667770389
1.9999055949161286;448.14732138031457;-192.15565409811185
0.0
65.03552101357725;-15.456877912355068;-2549.453854559946
73.25481337477676;42968.036578272215;1936.7185667770389
1.9999055949161286;448.14732138031457;-192.15565409811185
0.0
65.03552101357725;-15.456877912355068;-2549.453854559946
73.25481337477676;42968.036578272215;1936.7185667770389
1.9999055949161286;448.14732138031457;-192.15565409811185
0.0
63.48755688400784;-15.326920706874743;-2568.5520167900554
73.26353954926083;42835.71466894655;1931.2112373009697
1.9995044588151638;449.7581725645304;-192.13917010466315
0.0
63.58263972211882;-15.413318976851176;-2554.275949547295
73.25675646401108;42883.80123474758;1932.7195338374706
1.9997612888965959;449.676664812242;-192.35552395832224
0.0
63.583851933785695;-15.413660396531142;-2555.5694401068463
73.25669939761063;42883.07597904038;1932.7244841426714
1.9997863090064774;449.65638043795195;-192.34263770910542
0.0
63.3882671548539;-15.340680628411148;-2554.1554924296533
73.27019442202635;42846.69015189239;1931.125464586901
1.999680039935955;449.85314900240553;-192.33420650238065
0.0
63.38694438280862;-15.322561871287471;-2553.2014094229503
73.27037052308707;42838.72152110323;1930.751971198367
1.999580541480169;449.93558538746214;-192.3294677210525
0.0
63.38694438280862;-15.322561871287471;-2553.2014094229503
73.27037052308707;42838.72152110323;1930.751971198367
1.999580541480169;449.93558538746214;-192.3294677210525
0.0
63.38694438280862;-15.322561871287471;-2553.2014094229503
73.27037052308707;42838.72152110323;1930.751971198367
1.999580541480169;449.93558538746214;-192.3294677210525
0.0
63.60820289820971;-15.420706665824426;-2551.7711747574176
73.2564589777733;42900.98320742306;1933.5784850160364
1.999919577527318;449.43910926380033;-192.32781159436374
0.0
63.6986930519048;-15.436122819310558;-2556.2054689425486
73.25560944181166;42917.68869004005;1934.397790559808
1.9999481301567423;448.97092491448456;-192.220886810408
0.0
63.64720952964917;-15.425057822814082;-2559.343789487186
73.2560672337388;42905.88358829747;1934.0167663055447
1.9999266532965572;449.1765821674272;-192.21289988395054
0.0
63.39092830157715;-15.321016413027936;-2564.439125231254
73.27108614823047;42835.0781366883;1930.9802826752566
1.9995446270243853;449.9493233504102;-192.18932902951164
0.0
63.502892453596694;-15.32873689255068;-2571.68211984196
73.26414497468036;42833.950134142855;1931.2198964268316
1.999745418497376;449.82042041939536;-192.1078762841273
0.0
63.331259671111766;-15.312658061342105;-2551.91693658094
73.274404427787;42837.1508871489;1930.6359567344891
1.9997443458690645;449.93935018414265;-192.33318780760732
0.0
63.50940776603884;-15.32855367477873;-2572.3784887855777
73.26578446729641;42833.28296488948;1931.2130782944928
1.9999851196073817;449.90405214987544;-192.10012343053262
0.0
63.512833457169975;-15.329301940845275;-2576.128518806578
73.26309650313614;42836.56514945078;1931.5226402649394
1.9999506189465062;449.8766059880993;-192.03138404202537
0.0
63.32121910421283;-15.307814849962828;-2551.601601850502
73.27579093077976;42833.98602602671;1930.4863681310383
1.9997708907043927;449.9592705200577;-192.3284445343571
0.0
63.348237899138006;-15.314630720036723;-2561.4127906636663
73.27498649585786;42835.763920091464;1930.9109091619664
1.9998488306734066;449.9982021395308;-192.20836634966102
0.0
60.54749665755272;-15.294096054137682;-2396.2289095262863
73.58601208219895;42963.11926795519;1929.4266454722185
1.9998382985529009;449.96761373018336;-194.11119656433257
0.0
60.54809222375719;-15.29415095056523;-2396.2594817610425
73.58613736064297;42963.097583704475;1929.4269536491167
1.9998562157632707;449.9665528853726;-194.1109711218953
0.0
60.55406763484302;-15.29475405311152;-2396.5638392903807
73.5847879428774;42962.90472469378;1929.4304855552775
1.9999438694330678;449.961026833384;-194.10894459797277
0.0
60.555558160141196;-15.294966243452727;-2396.6386858316114
73.58566848741424;42962.86276389034;1929.4314777943607
1.9998060593598646;449.96485867354517;-194.10862985599778
0.0
60.56308072585073;-15.294313558621656;-2397.0456370457664
73.58731448772967;42961.981645777276;1929.409374094251
1.999694965069266;449.98998591279303;-194.1047031834282
0.0
60.56372046236956;-15.294440839171628;-2397.0764130616476
73.58872167710446;42961.951121901424;1929.4087055681232
1.9997203867045188;449.98515284806774;-194.10461297878376
0.0
60.56368044371499;-15.294368455679246;-2397.0761451874655
73.58743982420492;42961.9600100165;1929.4096833972749
1.9997128778247801;449.9889241643357;-194.1044779980189
0.0
62.99788754682013;-15.287972742970865;-2527.122453515749
73.30427992018174;42843.96241571316;1929.8950498143831
1.9990960587034405;449.88559860306344;-192.58394741591582
0.0
63.05319562350489;-15.290122090635174;-2529.4997014272403
73.2992677101373;42842.75335804927;1929.9451597347997
1.999265011541193;449.8776691851604;-192.5602606264822
0.0
63.28408971542724;-15.32832535354673;-2535.7114240438
73.27854232190371;42845.0288294323;1930.314475955725
1.9999282335547488;449.80343923486504;-192.55781262289628
0.0
63.58984891914359;-15.426523235413173;-2536.6752092533575
73.25646300323496;42911.32423036536;1933.3776413877433
1.9998874294007072;449.3122410083983;-192.50895553506766
0.0
63.54212820219415;-15.408242492876205;-2546.8677711054156
73.25758580994949;42881.98043434751;1932.3217756565514
1.999420321425691;449.8190466457629;-192.461638597384
0.0
63.22398103917103;-15.32554854296114;-2541.8256492700984
73.28609633200296;42843.71116251896;1930.4599092719848
1.9989882948727151;449.96474238878085;-192.45889032617322
0.0
63.48249228765022;-15.390102998377571;-2549.711893240115
73.26297773779886;42870.7625719268;1931.9566332604272
1.9995200381439866;449.7443629868208;-192.4200153140602
0.0
63.56032528333085;-15.407453386086635;-2549.8756591595043
73.25699306187525;42881.513124159785;1932.48193918776
1.9996100513726458;449.7053455296509;-192.41518126221254
0.0
63.563949345315116;-15.412811689104243;-2551.784912360129
73.25709032398453;42881.44092594414;1932.4953617565088
1.9995616804804266;449.67215493253144;-192.40824868486771
0.0
63.58215373757951;-15.411667919469616;-2554.010019179677
73.25689456008382;42883.17203929259;1932.6494521624609
1.9996177895324865;449.67043118405604;-192.35861205382776
0.0
63.58361087265832;-15.410260425994782;-2555.060472795431
73.25692158832443;42882.6622648021;1932.7123069156337
1.9995852636971232;449.63992451441857;-192.3425907421851
0.0
63.560303677396114;-15.39949323725913;-2553.977313070066
73.25838257707736;42879.9295408238;1932.5940380316463
1.9995745358223895;449.4628521056552;-192.33795568810152
0.0
63.614733541384076;-15.424983080316194;-2550.727553840317
73.25636228628149;42904.90273609018;1933.700745166052
1.9996722298772807;449.37617384383077;-192.3351498566344
0.0
63.626511303595954;-15.42940842294033;-2550.7066601975434
73.25596750298457;42913.8978267186;1934.134461603101
1.9997985205350957;449.1361994123925;-192.30909013027153
0.0
63.913490698574186;-15.442018477747204;-2550.848539667025
73.25561479431352;42923.55304443214;1934.3751625587013
1.9998841222031332;448.9033815018363;-192.3073425953712
0.0
64.03219269393796;-15.443994268755791;-2550.383213321364
73.25550419589847;42928.39043367301;1934.6408816084238
1.9999637253741473;448.89534462611164;-192.2909218906549
0.0
63.93354964090624;-15.442045017839078;-2550.9243675613448
73.25549725235017;42931.0525113446;1934.7808201447888
1.9999405745654708;448.8886675278592;-192.28963411436996
0.0
63.89893072318825;-15.441345033741587;-2551.2817346815846
73.25548463269344;42931.33943508957;1934.802481350159
1.99993024848336;448.9008008650262;-192.28189771386738
0.0
63.6557714858456;-15.436135459688602;-2552.6747375238574
73.25575482204492;42917.959584378514;1934.244590559381
1.9998392511754843;449.03000333830585;-192.27753762582228
0.0
63.82749502003176;-15.439095207496676;-2555.4847536541865
73.25558133505638;42920.315388265335;1934.4272853094328
1.9998610197252071;448.8741471594777;-192.24154472280048
0.0
63.61766855240157;-15.415387133682794;-2560.536752595863
73.25649076589953;42895.09168004855;1933.6195714863704
1.9995068731388028;449.39990330554633;-192.21959751202587
0.0
63.652121540727215;-15.423888679660642;-2560.281837541201
73.25611271880436;42906.79238465545;1934.0694702708931
1.9996967711324884;449.24437956735846;-192.21184568191828
0.0
64.77874554138224;-15.452561944513414;-2549.3251610793873
73.25532461678223;42958.080699847334;1936.3107105882718
1.9993678092405651;448.02159687965974;-192.20572816247153
0.0
64.86713265590994;-15.451863372502114;-2554.1578861457633
73.25535029089224;42950.37329713596;1936.008421039756
1.9992391902733195;448.03070403955456;-192.16030909378892
0.0
64.86713265590994;-15.451863372502114;-2554.1578861457633
73.25535029089224;42950.37329713596;1936.008421039756
1.9992391902733195;448.03070403955456;-192.16030909378892
0.0
64.86713265590994;-15.451863372502114;-2554.1578861457633
73.25535029089224;42950.37329713596;1936.008421039756
1.9992391902733195;448.03070403955456;-192.16030909378892
0.0
64.86713265590994;-15.451863372502114;-2554.1578861457633
73.25535029089224;42950.37329713596;1936.008421039756
1.9992391902733195;448.03070403955456;-192.16030909378892
0.0
64.86713265590994;-15.451863372502114;-2554.1578861457633
73.25535029089224;42950.37329713596;1936.008421039756
1.9992391902733195;448.03070403955456;-192.16030909378892
0.0
64.86713265590994;-15.451863372502114;-2554.1578861457633
73.25535029089224;42950.37329713596;1936.008421039756
1.9992391902733195;448.03070403955456;-192.16030909378892
0.0
64.86713265590994;-15.451863372502114;-2554.1578861457633
73.25535029089224;42950.37329713596;1936.008421039756
1.9992391902733195;448.03070403955456;-192.16030909378892
0.0
65.058247510122;-15.457306078106301;-2549.7076914735057
73.25454670179698;42970.79657410894;1936.907613919231
1.9999280701369446;447.9517711800267;-192.13483285746742
0.0
65.05810203780806;-15.457297247922572;-2549.52538069629
73.25453587540616;42972.95413479114;1937.0492055589864
1.9999249221920474;447.9559956947977;-192.12195507461524
0.0
64.48422363213443;-15.447575132933121;-2553.740779183245
73.25519505668358;42959.025957278296;1936.520539291651
1.9994858592060245;447.99778635738704;-192.11842114472194
0.0
64.56234530224752;-15.450269659802382;-2554.2519654867715
73.25518115469617;42959.77926685678;1936.5692334277396
1.999672870949901;447.9098315829657;-192.10937958948958
0.0
64.48836427199733;-15.44834812145337;-2556.3647355371454
73.25513836292745;42960.06342067633;1936.7262812109614
1.999606750713517;447.575392981248;-192.0652645909064
0.0
60.55034731596251;-15.294652134308558;-2396.3750320246327
73.58444417728688;42963.155506542724;1929.4341568727766
1.999859119470292;449.9756716803392;-194.110397687699
0.0
60.55138547977832;-15.294675554206206;-2396.429984868235
73.58459343172059;42963.08531880242;1929.433307068975
1.9999188863254462;449.96807806854076;-194.10994090831
0.0
60.555013681806386;-15.2946599068495;-2396.620962810897
73.58578441123917;42962.774873381815;1929.4271468908282
1.9998204203353882;449.96906306743017;-194.108414122477
0.0
60.555013681806386;-15.2946599068495;-2396.620962810897
73.58578441123917;42962.774873381815;1929.4271468908282
1.9998204203353882;449.96906306743017;-194.108414122477
0.0
60.555013681806386;-15.2946599068495;-2396.620962810897
73.58578441123917;42962.774873381815;1929.4271468908282
1.9998204203353882;449.96906306743017;-194.108414122477
0.0
60.565241759360404;-15.294448785485857;-2397.1563246141804
73.58865600845589;42961.869243769965;1929.4089578247429
1.9996998127974344;449.99046546466536;-194.10387043964235
0.0
63.5442389566802;-15.40635640245576;-2549.3622155208745
73.25774350817703;42880.7233768809;1932.3888287698176
1.9996195464218247;449.877042640024;-192.42654019860768
0.0
63.16429158377455;-15.303695959184576;-2541.6864066662956
73.29250418070367;42840.5831680363;1930.3272379505734
1.9992171979831346;449.94250260177387;-192.41750839645533
0.0
63.52594118041731;-15.398405308159564;-2552.0045350231608
73.2612979289529;42879.47513613722;1932.4448040632994
1.999607219876949;449.71535655288227;-192.36253624116696
0.0
63.584353691783065;-15.414353874049084;-2555.720000599624
73.25670249213327;42883.75574316152;1932.7733401368932
1.99986293846661;449.6785295805545;-192.33948657292535
0.0
63.61395761006696;-15.42174076236819;-2550.882334939541
73.25637975012472;42902.84613038637;1933.6185415822697
1.9997277206666197;449.39534234435524;-192.33297119670522
0.0
63.58636206636913;-15.412143245511837;-2557.2506560827383
73.25689453826348;42882.23223024643;1932.751672362135
1.9997179829110712;449.7065488073567;-192.3205910977962
0.0
63.636514453311094;-15.431357864845578;-2554.932431091715
73.25602582915292;42909.789874846094;1934.0602740933575
1.999995108103929;449.21282393248066;-192.26995263942132
0.0
63.66636668147897;-15.436828850697909;-2553.596501626938
73.25553260060343;42920.7449305941;1934.4027382384404
1.9999216967335738;448.9158804104553;-192.2553409314884
0.0
63.88653603254104;-15.439121335018024;-2556.6543693056205
73.25552160544684;42921.44758867501;1934.5287759822072
1.9999452471297368;448.88944819188424;-192.2223056872368
0.0
63.84023306547295;-15.43213415838515;-2559.8190833836866
73.25587416386867;42911.62894831487;1934.1869102642133
1.9996154074635584;448.92317545242526;-192.19282814896064
0.0
63.53481212900497;-15.392994877387169;-2567.2503116904054
73.26059219548561;42877.21715461043;1933.1248677526296
1.9991049303378576;449.9852791787831;-192.18168934058326
0.0
65.03747807082607;-15.457232960541688;-2549.06493114393
73.25484231363818;42966.331240842745;1936.6027999515732
1.999985875350409;448.11337342547046;-192.16611290161967
0.0
65.03869435845623;-15.457088636112182;-2549.298601758512
73.25485071447547;42966.22107658128;1936.6010440460468
1.9999706620631665;448.11387463489376;-192.1648407316537
0.0
65.03236110995148;-15.456669705449302;-2549.617193003061
73.25482817826651;42969.13797952019;1936.7710453385744
1.9998661209225188;448.22545431212706;-192.15575136803213
0.0
65.03861175708302;-15.456906573278184;-2549.7018415996654
73.2548374841896;42968.71639742091;1936.7712459566674
1.9999042921535934;448.1690230130837;-192.14898939111328
0.0
63.53263622298968;-15.377759177237909;-2571.462119006379
73.26234681521153;42869.357636637884;1932.8456086268923
1.9995338291012352;449.69702699935294;-192.08714158790536
0.0
64.280131142703;-15.442393408653246;-2556.257150903066
73.25520449711527;42958.705178432094;1936.7068350283175
1.9997691985054453;447.72082272232564;-192.0492498366754
0.0
63.283344308343224;-15.319421765565826;-2549.7631541326728
73.27896302151457;42841.7828825259;1930.739332258173
1.9998409058245037;449.8900210229354;-192.3626719613164
0.0
63.33981648891875;-15.326083489995385;-2551.627219195019
73.2742224078811;42842.16418485623;1930.8260450813193
1.9997618471184826;449.8080188269372;-192.35033184504547
0.0
63.499627728691046;-15.347812649182497;-2567.1011834067226
73.26333385919358;42852.926864032;1931.9805668320091
1.999700675696507;449.9897817909124;-192.13997676657615
0.0
63.523431263214285;-15.367602039414257;-2572.910844257231
73.26264351966553;42866.105283718905;1932.7781497245535
1.9995844978350625;449.74072640350136;-192.05180424204863
0.0
60.54589728732233;-15.293998061234703;-2396.146071197738
73.58612443153994;42963.2039893174;1929.4270824555365
1.9998381872090503;449.96623685297413;-194.1117950694407
0.0
60.55398211185986;-15.29480464766639;-2396.555102439021
73.58479212464808;42962.96501309322;1929.4333971578737
1.9999769619395562;449.95764794301505;-194.10891256764438
0.0
60.555392621018726;-15.295024326976383;-2396.626879242189
73.58569272656261;42962.89706823677;1929.4324009166583
1.9998115334898336;449.9645857097355;-194.1088217572283
0.0
60.55412754159575;-15.294659443102892;-2396.575735471227
73.58606743553953;42962.844751666176;1929.4284148415602
1.9997399741526112;449.98255506467365;-194.10879036239817
0.0
60.564240402700506;-15.294454792840858;-2397.103977027699
73.58868296086199;42961.951520232746;1929.4104609724425
1.999706287866453;449.98895394376626;-194.10430399986083
0.0
63.176928644356096;-15.328548873445227;-2532.185519686732
73.28770896037692;42849.90616176039;1930.3731201617813
1.9995009205134158;449.80526452477545;-192.5894058603142
0.0
63.012133977080346;-15.289509193465419;-2529.019018672167
73.30307031418211;42843.684146809566;1929.9587703839425
1.9990480757424027;449.88525624429025;-192.56490458223004
0.0
63.014905195063776;-15.290170573927119;-2529.1617479131096
73.30309730533355;42843.411138213145;1929.9538528242683
1.9989808412887773;449.8900738529667;-192.5623636429666
0.0
63.222257254037935;-15.324148925677486;-2540.953101021692
73.29421058198061;42843.99292987999;1930.4235537778154
1.9989970983527514;449.8599597884231;-192.4768058662706
0.0
63.46049771269462;-15.35026410734609;-2546.0086601642292
73.26934831818063;42875.57112947029;1932.1034193696428
1.9993604816820807;449.83282939946366;-192.42946584268296
0.0
63.61095969428155;-15.422972667182007;-2544.922389129753
73.25641853629554;42908.44080290582;1933.6477762425075
1.9997591561336718;449.4110537763724;-192.3969153081168
0.0
63.58065686513294;-15.411148419224816;-2553.8171523394844
73.25689896082007;42883.69182791579;1932.6917838632523
1.9996461874844347;449.6668340880911;-192.35785779489612
0.0
63.58167275637321;-15.410625276986298;-2553.958536560715
73.25691208413178;42883.54086025358;1932.6899905377823
1.9995647124299747;449.6730734611434;-192.35477977084986
0.0
63.58858538633684;-15.412175698354856;-2556.591656740395
73.25691252962851;42883.22024040969;1932.7906054688815
1.9996355639625445;449.6576236762601;-192.32342625803958
0.0
63.89175864804729;-15.441425236092869;-2550.705183954926
73.25561844341729;42923.76172668389;1934.3762813423164
1.9998010307987717;448.88972845746366;-192.30606970253507
0.0
63.898256140402594;-15.441323567669306;-2551.104036146946
73.25550149033148;42931.46223730175;1934.8104337541042
1.9999176720641463;448.8816171033794;-192.28219544452463
0.0
63.8317143187926;-15.43060804597938;-2559.281846162752
73.255966245055;42912.846353534915;1934.2704106385272
1.9997231205077701;449.0405875901822;-192.18967051222998
0.0
65.03332590482125;-15.457121922958851;-2548.6623253825355
73.2548807030941;42966.88139920021;1936.6141192360603
1.9999476188208487;448.1849683545767;-192.17201947318705
0.0
64.78256037917515;-15.452458991756286;-2552.3349121434844
73.25532797431329;42959.768939323585;1936.493803401118
1.9993465887027582;448.06100670446415;-192.16613720816775
0.0
65.09512874009866;-15.459178361936464;-2550.2953106545833
73.25459012305257;42971.68872560403;1936.9699207644744
1.9999502481530436;447.9702631433399;-192.1264318417542
0.0
64.68997969929258;-15.450128139712248;-2558.333253047263
73.25544140872209;42952.989288573066;1936.3357781944014
1.999318292845159;447.978670769266;-192.09440909196175
0.0
64.09403635602462;-15.437433592771702;-2557.5599481140653
73.25535325277697;42957.70695745577;1936.5369402897634
1.9996691914554092;447.67795386586283;-192.08002478470848
0.0
64.63741543625893;-15.451727182577828;-2556.8231809613144
73.25517924777046;42962.87728711429;1936.858053052924
1.9996606772778815;447.7478421381612;-192.06021141538773
0.0
63.504805644062685;-15.41603631874893;-2546.6607495956046
73.26339650037646;42890.808962926065;1932.7361783675703
1.9994868734803326;449.7314800655972;-192.44867590635624
0.0
63.81473348774427;-15.440059870781335;-2553.51867255009
73.25573267531335;42924.96067890652;1934.5580884672715
1.9999703525081665;448.95178764821145;-192.2827305815113
0.0
63.65816350427679;-15.429004084653874;-2562.152249294224
73.25597702890123;42918.60953868645;1934.7106111658052
1.9999472850110505;449.0857981765538;-192.1751188490244
