200
4
0.0
62.40973421676075;-15.259606206834718;-2468.245306763151
73.38420627657923;42859.72381921938;1927.016111111917
1.9996118069470579;449.9067893227605;-193.16855249471413
0.0
62.420754710991844;-15.263086793461978;-2471.1947768615773
73.3836086168655;42860.38486345671;1927.1658423557917
1.9996807109464652;449.89150562414864;-193.12953920360684
0.0
62.43450576181992;-15.263802435251467;-2472.0695516088786
73.38259952905892;42859.853257064504;1927.1732486276414
1.9996557021395365;449.9025048647909;-193.12133367233616
0.0
62.49339584022974;-15.267618096160897;-2476.5499589099472
73.3803243088047;42858.23285968873;1927.2791501827555
1.9995739533576147;449.96207335479835;-193.07061176652212
0.0
62.69484580117106;-15.292194819765752;-2477.585640284539
73.3556617408047;42874.29412770956;1928.0694843463298
1.9995841511477983;449.7630698372461;-193.06825303420268
0.0
62.69484580117106;-15.292194819765752;-2477.585640284539
73.3556617408047;42874.29412770956;1928.0694843463298
1.9995841511477983;449.7630698372461;-193.06825303420268
0.0
62.69484580117106;-15.292194819765752;-2477.585640284539
73.3556617408047;42874.29412770956;1928.0694843463298
1.9995841511477983;449.7630698372461;-193.06825303420268
0.0
62.6203257999061;-15.28131533350965;-2482.7875925341027
73.36305580075089;42868.353706956754;1928.0642705593852
1.9979092516863552;449.9602311618988;-192.99017670708162
0.0
74.44748990521146;-15.566066730431984;-2510.8250204650635
73.24900687891412;42944.05877733924;1931.9298836696476
1.9984317324671508;447.3487489151981;-192.63199852497723
0.0
74.43082576978821;-15.56586078523936;-2511.1048448177717
73.24908272614945;42943.82491775745;1931.9286355291813
1.9979859816153933;447.39584397592773;-192.62896715543624
0.0
72.28455004401113;-15.511340288235518;-2515.6801912405576
73.24924546656607;42927.32877418436;1931.4554518408931
1.9999067150887564;447.2741267584506;-192.58270047954514
0.0
73.97741831950529;-15.565016258852213;-2519.4949350471143
73.2488153287881;42945.963235750576;1932.384648887037
1.9997752227415135;447.171006715916;-192.51809942423162
0.0
74.01688603408006;-15.565560420641502;-2519.356358857489
73.24875504839807;42946.388594281794;1932.4121177986847
1.9998386177540388;447.1195795359516;-192.5167905752108
0.0
73.03532281648594;-15.516299894900651;-2526.093443289346
73.24912573204409;42924.61580380102;1931.8086515403393
1.9995881564699993;447.32435383260804;-192.41719934237634
0.0
73.03532281648594;-15.516299894900651;-2526.093443289346
73.24912573204409;42924.61580380102;1931.8086515403393
1.9995881564699993;447.32435383260804;-192.41719934237634
0.0
73.03532281648594;-15.516299894900651;-2526.093443289346
73.24912573204409;42924.61580380102;1931.8086515403393
1.9995881564699993;447.32435383260804;-192.41719934237634
0.0
73.03532281648594;-15.516299894900651;-2526.093443289346
73.24912573204409;42924.61580380102;1931.8086515403393
1.9995881564699993;447.32435383260804;-192.41719934237634
0.0
73.03532281648594;-15.516299894900651;-2526.093443289346
73.24912573204409;42924.61580380102;1931.8086515403393
1.9995881564699993;447.32435383260804;-192.41719934237634
0.0
77.65495668462893;-15.697605963200965;-2536.285217784164
73.24811518864608;42982.21304407168;1934.570751039712
1.9999853812426913;446.3913508110142;-192.29378423809118
0.0
77.54885292321308;-15.696637967168288;-2536.2665136476444
73.24811533516272;42982.1869656053;1934.5724116226004
1.9999840289340716;446.3915178226171;-192.29366581604495
0.0
77.54863836955779;-15.696271746539532;-2536.339864846652
73.24812248248779;42981.81334097332;1934.553158101208
1.9999813574155956;446.39252620346787;-192.29358209155052
0.0
77.46499702156602;-15.694426197705523;-2536.3426030258393
73.24811899180288;42981.91943716547;1934.5780484828426
1.9999904901190317;446.3912680940854;-192.2905389845428
0.0
77.42903198474892;-15.69345643239892;-2536.3236504791457
73.24811913831697;42981.89372520727;1934.579740773874
1.9999642363783319;446.3914351053074;-192.29041578139976
0.0
77.75990476752612;-15.702233597583337;-2536.4343129021013
73.24811478245505;42982.750996244366;1934.598737019702
1.999976460431928;446.3660759964651;-192.29000838564528
0.0
77.55503165272732;-15.697536203356117;-2536.6373065948046
73.24808284415727;42984.08421554468;1934.7207648916376
1.9999396950916153;446.4106414036429;-192.28205115624783
0.0
77.31218669778147;-15.691205425858781;-2536.700287517807
73.2481007734933;42982.36877355882;1934.6669747417743
1.9999329796388918;446.43841074019923;-192.27794048286887
0.0
77.31414907402817;-15.690773817741384;-2536.8210011812457
73.24810691957649;42981.756346883725;1934.6388082109133
1.9999300550838441;446.4398728698515;-192.2769375650001
0.0
77.31414907402817;-15.690773817741384;-2536.8210011812457
73.24810691957649;42981.756346883725;1934.6388082109133
1.9999300550838441;446.4398728698515;-192.2769375650001
0.0
77.31414907402817;-15.690773817741384;-2536.8210011812457
73.24810691957649;42981.756346883725;1934.6388082109133
1.9999300550838441;446.4398728698515;-192.2769375650001
0.0
77.34357797820485;-15.691231998844765;-2536.8220776213657
73.24811320982016;42981.01348151911;1934.6066872663405
1.9999275683831514;446.44443958484084;-192.27517434883183
0.0
77.3625575543379;-15.691710229193951;-2536.8632684875897
73.24812402669087;42980.86233483143;1934.5982246051851
1.9999101522770928;446.43859959627645;-192.27489757836693
0.0
77.9197330174859;-15.705674562723594;-2536.7554056358713
73.24804341332532;42987.45199911158;1934.9067005711156
1.9999876507606056;446.2403029578595;-192.26261973261933
0.0
62.43692879055056;-15.26426418549601;-2472.6312675377194
73.38242233002265;42859.87590867288;1927.2024861622529
1.9996377819746387;449.9118696902213;-193.11367331744043
0.0
63.033925414051694;-15.305004631227744;-2494.424653387489
73.34301211358725;42859.2541028455;1928.073101476881
1.999785226450383;449.8643954385147;-192.91220864948835
0.0
72.33695523273683;-15.504212223311871;-2528.004199059701
73.25237811995659;42869.71840590954;1929.4112347664243
1.999341446861405;449.1170458756424;-192.5846838068507
0.0
72.33695523273683;-15.504212223311871;-2528.004199059701
73.25237811995659;42869.71840590954;1929.4112347664243
1.999341446861405;449.1170458756424;-192.5846838068507
0.0
72.33695523273683;-15.504212223311871;-2528.004199059701
73.25237811995659;42869.71840590954;1929.4112347664243
1.999341446861405;449.1170458756424;-192.5846838068507
0.0
72.23198016229003;-15.502228835368898;-2529.012057971579
73.25253971403833;42868.29366616983;1929.4199785300937
1.9994035696496069;449.07990201893585;-192.57508878061776
0.0
69.26483726839503;-15.418543557151663;-2513.7513910836724
73.24947009421201;42910.736522058585;1930.7916979311112
1.9995893026371356;447.7000901322879;-192.5529091234516
0.0
69.27155978326633;-15.417193515378438;-2516.19099714805
73.24980065081114;42898.59500584301;1930.4558611531263
1.999585156429121;447.8894176914057;-192.54379167344987
0.0
69.2194406941483;-15.412529180608583;-2517.881283433745
73.24998051225512;42895.81087413261;1930.3142393574283
1.9992592284937625;447.9190947745344;-192.5396709819632
0.0
70.34347742032693;-15.454093303320745;-2515.621082020615
73.24944756168713;42919.01017775824;1931.134805008812
1.9996236626170532;447.6576332834228;-192.5390096996131
0.0
69.08140223199824;-15.409071669450134;-2518.708649484748
73.24993058253908;42897.8287527787;1930.4320293654505
1.9992868451157995;447.89844175304984;-192.51766241445392
0.0
69.50952987174809;-15.428891006782255;-2521.9742347548427
73.24974793529275;42900.09823218955;1930.7421306389938
1.999556016988262;447.8813783570737;-192.47235196819912
0.0
72.12890995103196;-15.48285258684114;-2522.4782752719343
73.24967905959494;42909.47315772741;1931.0191302139144
1.999370158381061;447.6863288465559;-192.47223530404443
0.0
73.21844404986635;-15.538483364490629;-2526.025324051101
73.24911203875106;42930.753923213786;1931.9983359429937
1.9999612836473535;447.4452769706309;-192.4498342545654
0.0
73.86493389394538;-15.52556478333941;-2543.540782572858
73.2525451605328;42852.255064722776;1929.2956227170835
1.99923947293791;449.3826283570527;-192.41526094743452
0.0
75.58943556468908;-15.592370117684775;-2536.6839537692604
73.2488423489753;42935.68628520338;1932.5590613763916
1.9999009769229767;447.5201993753031;-192.29898706515877
0.0
77.14454860137221;-15.684416093978141;-2536.9702063365626
73.2482256240804;42976.8148164505;1934.406985629438
1.9999990903683083;446.566044458732;-192.28133717413115
0.0
77.55051053790865;-15.697146183536052;-2536.6980388571865
73.24808444905783;42983.327941110336;1934.691399047347
1.9999422246934306;446.41439503092107;-192.27972320189957
0.0
77.55051053790865;-15.697146183536052;-2536.6980388571865
73.24808444905783;42983.327941110336;1934.691399047347
1.9999422246934306;446.41439503092107;-192.27972320189957
0.0
77.55051053790865;-15.697146183536052;-2536.6980388571865
73.24808444905783;42983.327941110336;1934.691399047347
1.9999422246934306;446.41439503092107;-192.27972320189957
0.0
77.2702969789916;-15.689246352126444;-2536.8961995876916
73.2481527758814;42979.31867593217;1934.5341153686732
1.9999405717895897;446.46341413526466;-192.27515804461135
0.0
77.35049993345471;-15.69143917286854;-2536.840843810813
73.24811607853954;42980.99739053175;1934.6027792432506
1.9999364608345316;446.44281461012343;-192.27479863303782
0.0
77.26795894807806;-15.688937626835125;-2536.9413057346883
73.2481697979408;42979.157084364386;1934.5251525006618
1.9999300131958253;446.46208203825773;-192.2747663244491
0.0
77.2845034143735;-15.689366196653381;-2536.7695989177464
73.24812749638902;42980.83422426846;1934.6046949898364
1.9999289959593114;446.4626120407208;-192.27378074203693
0.0
77.97053800116159;-15.70721893967456;-2536.597269886143
73.24804445260469;42986.83692144532;1934.8828590795968
1.9999926028548978;446.2426262817115;-192.26096815880956
0.0
62.475731186323856;-15.267779901955366;-2476.0088026964554
73.37859882986;42859.378154074184;1927.3092946857375
1.9996502423568516;449.94306276939534;-193.07339081726468
0.0
62.561808031067436;-15.270449095989562;-2480.7201741480426
73.3751707056216;42856.031664497954;1927.356062824375
1.9996477644273876;449.98623980346883;-193.02636794264353
0.0
63.278022817040394;-15.297666116516208;-2524.41837949759
73.30064034659277;42836.76116179419;1928.5331597366715
1.99997522937286;449.9396936682235;-192.55188359910184
0.0
69.25517010314496;-15.41832194055859;-2514.742551368623
73.24949679744395;42910.54443815799;1930.8286110959584
1.9995943065954593;447.71737426776735;-192.54188723256257
0.0
69.3689126030957;-15.41229209430445;-2520.818172079727
73.25007537831867;42891.74329905894;1930.2094925326514
1.9992905488817123;447.98755334492756;-192.51045133958468
0.0
69.44313232287739;-15.428675662240298;-2522.9627687892935
73.24979646128396;42899.93316663215;1930.7800254602164
1.9995616460185661;447.8986511201987;-192.4614290679019
0.0
73.32714918871947;-15.516321559344705;-2544.053451578346
73.25290252930706;42850.30874753275;1929.2919029128207
1.9992680838587347;449.6162473827664;-192.4128833105662
0.0
73.26265015643035;-15.510607867271988;-2544.210126262638
73.25295340892491;42849.32688466182;1929.2672609914646
1.9992586250729463;449.65081085133835;-192.41238756358172
0.0
75.03655144278397;-15.556888644306062;-2533.284977168427
73.24887080553185;42929.76012465472;1932.2469864872949
1.9999927085417584;447.5793366395558;-192.31669556510013
0.0
77.45254530633015;-15.694368284067108;-2536.717977697054
73.24809632645432;42982.47596596075;1934.658509822627
1.9999476592503254;446.42880621204813;-192.2785143997691
0.0
77.32594351850112;-15.689984758882165;-2536.8457766564034
73.24813442524913;42980.20376706751;1934.5637142199118
1.9999425097938095;446.4501650405273;-192.2771709808445
0.0
62.526155542568475;-15.267988891002615;-2478.2105322713815
73.37321893572454;42856.98855103758;1927.3095122835625
1.999905937303557;449.9938308043123;-193.0510309381623
0.0
63.41990815131869;-15.29882670445356;-2527.931285446248
73.30108419091408;42830.011378962685;1928.4134685867775
1.9997777115587096;449.9771667589782;-192.5311319670727
0.0
68.64651230796676;-15.387171011328157;-2519.786287179734
73.24998157964218;42891.157320335595;1930.3500078357652
1.9998241138226698;447.93010693947406;-192.4817893279047
0.0
68.5391189599234;-15.383116238580685;-2520.138398980965
73.24999112856808;42888.90822147785;1930.2484521434305
1.9998121721486246;447.92688626313753;-192.48032094980118
0.0
68.85888661220211;-15.391487090783766;-2519.9095887909534
73.24989330960868;42893.391117523395;1930.4581301196856
1.9997205497412909;447.98807265923637;-192.47438133417526
0.0
63.663246912444265;-15.302161571451714;-2535.1914250362456
73.26739083739638;42828.05071518368;1928.7511492917997
1.999598462545133;449.9902972480681;-192.42505903288972
0.0
73.91557274575757;-15.527692918514866;-2544.1934370155886
73.25275888175359;42850.495631428406;1929.2234762588075
1.9994214820755882;449.49834931146995;-192.41446788033466
0.0
72.37375866858224;-15.483424965241289;-2541.3547589225327
73.25200735793744;42858.39889042599;1929.4721742517702
1.9994315274395769;449.08381283460415;-192.37932338127266
0.0
72.37453271305027;-15.483054629642652;-2542.027767807791
73.25207931147251;42858.03879822458;1929.481479815093
1.9993530852057515;449.0986686504236;-192.3700634906659
0.0
72.37453271305027;-15.483054629642652;-2542.027767807791
73.25207931147251;42858.03879822458;1929.481479815093
1.9993530852057515;449.0986686504236;-192.3700634906659
0.0
72.37453271305027;-15.483054629642652;-2542.027767807791
73.25207931147251;42858.03879822458;1929.481479815093
1.9993530852057515;449.0986686504236;-192.3700634906659
0.0
69.83479103585664;-15.43604789064152;-2529.937719911358
73.24966706190608;42902.61521827243;1931.1117952819611
1.9998051705872282;447.8814196323576;-192.36798559989336
0.0
69.80420188376628;-15.439239008859415;-2529.9371730368352
73.24957260234218;42905.42767802537;1931.3265677982333
1.9997834841373114;447.87723372059804;-192.33788957410653
0.0
77.12160607310204;-15.683314319579967;-2536.64566308183
73.24817910941505;42978.45344720743;1934.49305228696
1.999981653726316;446.4984438410455;-192.27814839911056
0.0
77.16659801638092;-15.686592228425651;-2536.7483064601784
73.24817854203121;42978.93131209006;1934.5132187720353
1.999983793611919;446.4703419855889;-192.27674710920786
0.0
77.27126558325902;-15.689321440469653;-2536.8042133183253
73.2481466605921;42979.5377633305;1934.5371319135616
1.9999427674472987;446.4612153512278;-192.27665173082576
0.0
64.91365787825566;-15.32413561228286;-2534.370157662342
73.26333058838405;42834.274629476575;1928.895063033687
1.9998757991532972;449.7806183601267;-192.42548696496385
0.0
70.64512178703643;-15.436569931494828;-2530.4264349548353
73.25121397959059;42877.92805952276;1930.22077854255
1.9997908111459743;448.42308768891905;-192.3966967610843
0.0
72.12417404657359;-15.478459228278366;-2543.272467339758
73.25258669633276;42851.056092417835;1929.2327636256086
1.9995858958696366;449.333440154228;-192.37865656954952
0.0
70.30748265951166;-15.4322300584066;-2541.472139230155
73.25602733435912;42842.3506637952;1929.0964831616868
1.9995809905738409;449.5879235924513;-192.37303958404888
0.0
71.62193580937495;-15.46819455868856;-2533.47866905455
73.250807960938;42887.89088896895;1930.62349769892
1.9999736394585788;448.26760778883477;-192.3681014013387
0.0
71.41268683707362;-15.459897675659827;-2533.273424164122
73.25106734295727;42886.555558014814;1930.5645458131592
1.999803045935095;448.41204348352875;-192.36232303071387
0.0
71.60364396961005;-15.461804672316932;-2537.5143953059787
73.25111821767348;42883.73316589788;1930.619994254963
1.9997607710299203;448.38560605312506;-192.30599305171035
0.0
70.25273057580742;-15.43190722821517;-2545.0915089426385
73.25350095379946;42844.582034843304;1929.4426825016535
1.9995606310716136;449.6662630106787;-192.30281743532154
0.0
77.2611870874847;-15.68897483675056;-2536.886488267196
73.24814541648735;42979.45365965842;1934.5386738830384
1.9999604067340682;446.4684532583575;-192.2750568694015
0.0
76.54522285149066;-15.629234721009382;-2537.2181425042336
73.24825709960149;42957.01043971676;1933.6622395536015
1.999956129805156;446.64033623356113;-192.22232276402352
0.0
71.09489103002566;-15.454302890193677;-2542.471542205389
73.25350494114188;42845.444805347026;1929.2707704714912
1.9996033315199981;449.5529006941305;-192.36619455564832
0.0
70.15220684789712;-15.42676514372702;-2541.311331007893
73.25444141856337;42843.72918255152;1929.228888093147
1.9995957162397324;449.60553824420214;-192.35591924604313
0.0
70.76447233032744;-15.444787624832689;-2548.1000205304044
73.25344442925562;42845.10481489081;1929.550273749358
1.9997125287372888;449.547535467512;-192.2788951610465
0.0
77.27179597255247;-15.688951916594457;-2536.916520933391
73.24817808504726;42979.00899186496;1934.5186432987707
1.9999861679431845;446.47346043418753;-192.27460221269806
0.0
77.27179597255247;-15.688951916594457;-2536.916520933391
73.24817808504726;42979.00899186496;1934.5186432987707
1.9999861679431845;446.47346043418753;-192.27460221269806
0.0
77.27179597255247;-15.688951916594457;-2536.916520933391
73.24817808504726;42979.00899186496;1934.5186432987707
1.9999861679431845;446.47346043418753;-192.27460221269806
0.0
77.27728747692794;-15.689438313625857;-2536.6074605998847
73.24817082595123;42979.10367720948;1934.533952532103
1.9999763377424347;446.4792564646547;-192.27101910639226
0.0
77.27858212672888;-15.689489390208433;-2536.6752024389148
73.24817437405783;42979.10092463754;1934.5345417186477
1.9999732725144215;446.4733687102713;-192.2707806457102
0.0
76.08416318507695;-15.618525642844844;-2544.0830474330933
73.24876439229283;42941.36980120193;1933.070919479254
1.9999629969591395;447.57906182398733;-192.21039791696407
0.0
70.23050000093376;-15.428439870370765;-2541.3262232296365
73.2544370296356;42843.89429415185;1929.2319489328388
1.9996418044093651;449.60209872079963;-192.3563641371499
0.0
70.24923533809327;-15.428792989777847;-2541.3510188215905
73.25436974130487;42843.93451843641;1929.2355972633318
1.9996445503874443;449.60099741807534;-192.3559596668022
0.0
70.09386466603466;-15.423445007047746;-2541.346989230345
73.25446788184072;42843.34810911676;1929.2238269993761
1.999677204462029;449.5806124358705;-192.3556672794624
0.0
62.40157924193613;-15.262892711018646;-2467.7753091088643
73.38529716764721;42862.78894487494;1927.1484325940753
1.999581407646967;449.8940454589851;-193.16830716418025
0.0
62.66306541481199;-15.28872600047131;-2479.58704209308
73.35957839311347;42874.07575408198;1928.1383220201124
1.9992295543199476;449.88643686595174;-193.02639961814472
0.0
63.04584317914379;-15.309276281662145;-2494.8877083298903
73.34597123898763;42861.35279521543;1928.192574758896
1.9999945782401367;449.8651277731511;-192.90823010036084
0.0
62.80863950690756;-15.283218934167728;-2494.750432837166
73.36373368021826;42860.7069342229;1928.123354377356
1.998762821622499;449.96337599089475;-192.85192197762726
0.0
62.912827698199656;-15.279832533553554;-2496.2021896782458
73.33676923273543;42867.753458122184;1928.7320601934
1.9981240229913972;449.78502111070065;-192.78876078471907
0.0
72.33613531665385;-15.510792994075079;-2527.3370965514605
73.25229200332727;42872.92068561176;1929.5245711302748
1.9994573985708173;449.11720768316803;-192.59919188594043
0.0
72.33613531665385;-15.510792994075079;-2527.3370965514605
73.25229200332727;42872.92068561176;1929.5245711302748
1.9994573985708173;449.11720768316803;-192.59919188594043
0.0
72.33613531665385;-15.510792994075079;-2527.3370965514605
73.25229200332727;42872.92068561176;1929.5245711302748
1.9994573985708173;449.11720768316803;-192.59919188594043
0.0
69.3248998344831;-15.420255333694923;-2517.534857660321
73.24995116568147;42899.69696043825;1930.486692336455
1.999270930734038;447.922418816271;-192.5440614627287
0.0
69.44352667764635;-15.431400844423644;-2515.8407921748235
73.24955290072073;42913.840369678925;1930.9808135576152
1.9995618793680145;447.7603361252593;-192.5370630011592
0.0
69.28668438147474;-15.421670828628669;-2515.2180362767303
73.24969799541984;42911.92740434595;1930.8961785158008
1.9995986746033108;447.7288490286622;-192.53675281351505
0.0
69.28234357327302;-15.415899010101104;-2519.996807788972
73.25013609609609;42893.40681015312;1930.2439628991121
1.9991348014754506;448.00824366248736;-192.52492494574372
0.0
73.89145580674408;-15.56393967918594;-2519.369214068376
73.2487687309097;42946.74985551787;1932.427788970307
1.9998358457664558;447.1444724857835;-192.51742194326926
0.0
74.41596736483561;-15.561186810864614;-2522.057937666855
73.24942199514251;42931.408027353886;1931.7971256961184
1.999749055636351;447.56930282999235;-192.50613027564273
0.0
69.47675468924564;-15.43161592082778;-2518.193324760131
73.24947953367185;42912.89104132479;1931.0468183993482
1.999585987703314;447.72544078045036;-192.50586323318075
0.0
72.02226924701863;-15.468456035849933;-2521.0047790476992
73.24974546418038;42911.12461902404;1931.0472558921579
1.9992650904909883;447.64113873145857;-192.480821737995
0.0
73.47890308173929;-15.518046141647186;-2540.594900655056
73.25261416763398;42853.97491839331;1929.281265209495
1.9991148681108284;449.5026145495732;-192.44445515642875
0.0
73.02351209334766;-15.525250645249754;-2525.3774411740424
73.24912657631023;42930.56439814333;1932.0505504186576
1.9996153623588255;447.3374085584058;-192.42816967140288
0.0
73.02351209334766;-15.525250645249754;-2525.3774411740424
73.24912657631023;42930.56439814333;1932.0505504186576
1.9996153623588255;447.3374085584058;-192.42816967140288
0.0
73.02351209334766;-15.525250645249754;-2525.3774411740424
73.24912657631023;42930.56439814333;1932.0505504186576
1.9996153623588255;447.3374085584058;-192.42816967140288
0.0
73.02351209334766;-15.525250645249754;-2525.3774411740424
73.24912657631023;42930.56439814333;1932.0505504186576
1.9996153623588255;447.3374085584058;-192.42816967140288
0.0
73.02351209334766;-15.525250645249754;-2525.3774411740424
73.24912657631023;42930.56439814333;1932.0505504186576
1.9996153623588255;447.3374085584058;-192.42816967140288
0.0
75.86228458985184;-15.594590643173452;-2531.1608098603024
73.24889544937987;42935.910709857104;1932.3129204805298
1.9995271264244345;447.4066420615071;-192.36620315061367
0.0
77.50323254042316;-15.696318198566903;-2536.129479716291
73.24812117396135;42983.787939947215;1934.6227126348583
1.9999728509353456;446.39665911219595;-192.29857420551943
0.0
77.77167160632894;-15.703155310509471;-2536.9431129234727
73.24812925174022;42982.19400359565;1934.5918922220571
1.9999981116911805;446.38908425475336;-192.28693543182663
0.0
77.77167160632894;-15.703155310509471;-2536.9431129234727
73.24812925174022;42982.19400359565;1934.5918922220571
1.9999981116911805;446.38908425475336;-192.28693543182663
0.0
77.77167160632894;-15.703155310509471;-2536.9431129234727
73.24812925174022;42982.19400359565;1934.5918922220571
1.9999981116911805;446.38908425475336;-192.28693543182663
0.0
77.77167160632894;-15.703155310509471;-2536.9431129234727
73.24812925174022;42982.19400359565;1934.5918922220571
1.9999981116911805;446.38908425475336;-192.28693543182663
0.0
77.77167160632894;-15.703155310509471;-2536.9431129234727
73.24812925174022;42982.19400359565;1934.5918922220571
1.9999981116911805;446.38908425475336;-192.28693543182663
0.0
76.98275494828323;-15.680575796495194;-2537.3260340760708
73.24835708139244;42977.05820600285;1934.4489331054217
1.9999509923338175;446.61338314951354;-192.28367847425673
0.0
77.53926692889867;-15.696169449977917;-2536.713077292843
73.24810056322785;42982.69983468221;1934.6652924604555
1.9999396834795695;446.43085555027193;-192.27813741535155
0.0
77.31197271415564;-15.6908395159494;-2536.7879829236153
73.24810793999184;42981.9949641935;1934.6477166219386
1.9999301263284388;446.43936897128657;-192.27785556979083
0.0
77.3170036609075;-15.690945556420715;-2536.801047712618
73.24811325536758;42981.637592729334;1934.630576937198
1.9999299426888009;446.44236551528314;-192.2778260612693
0.0
77.30370449331889;-15.69036641468168;-2536.8106932087703
73.2481144771501;42981.435877638265;1934.6244613275392
1.9999231934163277;446.4380237925981;-192.27674968885879
0.0
77.30753761875967;-15.6903807914577;-2536.812554541244
73.24812275161437;42981.28746185465;1934.6179341479415
1.9999116749269468;446.4494259612425;-192.27658654861227
0.0
77.43991628057705;-15.69422684882034;-2536.628216638128
73.24812781457251;42981.31586424702;1934.6017179633025
1.9998764539016736;446.448205027161;-192.27620895352354
0.0
77.38763522502221;-15.692193589962763;-2536.843638972442
73.24812977239087;42981.001269683875;1934.6056786566694
1.999913193066567;446.4456276178744;-192.27428042049362
0.0
77.91332811745019;-15.705578654820577;-2536.7804235947515
73.24805038696307;42987.24039655744;1934.8952262989117
1.999991106175458;446.25136462906727;-192.26340414944875
0.0
78.03308498262842;-15.707747262893415;-2536.74903890817
73.24804520188793;42987.81154844278;1934.9216462853235
1.9999900173113982;446.22683068521513;-192.26278680655724
0.0
78.00310458373632;-15.707391936072078;-2536.751796387034
73.2480461118588;42987.71140658856;1934.9185935681928
1.9999880150257277;446.22703300508044;-192.26278222284853
0.0
78.03434658848197;-15.70784135478227;-2536.7449062167425
73.24804502840604;42987.83582404548;1934.9231397457759
1.9999903123395202;446.2268288107183;-192.26265736267734
0.0
77.95884449591834;-15.706624920586638;-2536.7462753069854
73.24804622318939;42987.629801000534;1934.9186350170455
1.9999869303904472;446.2271897960109;-192.26233239274524
0.0
77.9601111715288;-15.70664135851964;-2536.7421478432607
73.24804604988037;42987.65406930926;1934.920127806117
1.9999872254396633;446.2271877553566;-192.26220305362105
0.0
77.95766255329565;-15.706565347947576;-2536.7308234189927
73.24804500911641;42987.72329837151;1934.9238915717049
1.9999871238901787;446.22688180969834;-192.2621162792279
0.0
77.93421870266394;-15.705895476206962;-2536.764209149383
73.24804885010629;42987.37983653344;1934.9099186537997
1.9999753032379797;446.2305186371773;-192.26169119291018
0.0
62.432358204051155;-15.263218025093282;-2471.5995538777934
73.38443663775259;42859.8149904047;1927.1530025248073
1.9996276817420784;449.9056462638563;-193.12703957328802
0.0
62.4913865409583;-15.267621730522574;-2476.454453510023
73.38034853710586;42858.44604220827;1927.2835150981398
1.999593101335796;449.9559970595836;-193.07125246408975
0.0
71.2636366541822;-15.477680798610516;-2519.1869765318042
73.24969124161333;42911.75721631215;1931.0748545360123
1.9997511360042874;447.81239038907734;-192.52569190050312
0.0
71.67715487002853;-15.483234125951066;-2519.0230630251
73.24967614116242;42911.39764083662;1931.0853372412078
1.9996446985783425;447.770982513376;-192.52218814651948
0.0
71.67715487002853;-15.483234125951066;-2519.0230630251
73.24967614116242;42911.39764083662;1931.0853372412078
1.9996446985783425;447.770982513376;-192.52218814651948
0.0
71.67715487002853;-15.483234125951066;-2519.0230630251
73.24967614116242;42911.39764083662;1931.0853372412078
1.9996446985783425;447.770982513376;-192.52218814651948
0.0
73.64554165426145;-15.555341298883478;-2521.168065436793
73.24905735931317;42942.30356358956;1932.2641695957218
1.9999310310245053;447.17660750318237;-192.51149724323702
0.0
73.64554165426145;-15.555341298883478;-2521.168065436793
73.24905735931317;42942.30356358956;1932.2641695957218
1.9999310310245053;447.17660750318237;-192.51149724323702
0.0
73.64554165426145;-15.555341298883478;-2521.168065436793
73.24905735931317;42942.30356358956;1932.2641695957218
1.9999310310245053;447.17660750318237;-192.51149724323702
0.0
69.08268365094862;-15.406068877300738;-2519.7636172890334
73.2500214125278;42894.239937715836;1930.3339104094132
1.999347077047743;447.95383313338687;-192.50703633606105
0.0
73.89737601601365;-15.529524164937792;-2544.1549366543936
73.25277077238957;42851.51868377739;1929.2656602171464
1.9992417475622701;449.5304418833426;-192.41960082170544
0.0
72.42175928105758;-15.490464979495504;-2539.700023076668
73.25206261756865;42861.553534261286;1929.5412628098193
1.9993284777394866;449.0673070377167;-192.40709419992982
0.0
75.12890302213417;-15.573181909389701;-2533.4213365841597
73.24894918520579;42933.22039758656;1932.327344948555
1.999724933733043;447.5727469305757;-192.34597219541402
0.0
76.88899504109236;-15.680606109220689;-2536.8615564784227
73.24822763124392;42978.50903149918;1934.4804482676905
1.9999851336943326;446.57352662423864;-192.28757350293006
0.0
76.96800365700676;-15.682273978295182;-2537.2085680092387
73.24821315391415;42978.95087676728;1934.5049420191128
1.9999890678310592;446.5512015854281;-192.28600024878472
0.0
77.67281512515004;-15.700529814578655;-2536.960895186088
73.24813230469408;42981.97713428447;1934.5912971717833
1.999973738568137;446.40273813032906;-192.28537704823228
0.0
77.163460730034;-15.686474015315229;-2536.8384916089285
73.24820696723842;42978.629651408235;1934.5060913568989
1.999969528737548;446.50503029317775;-192.27554822036348
0.0
77.25232760184018;-15.688908632722027;-2536.4384971653376
73.24811469427652;42981.38414937571;1934.6285641631744
1.999932613785836;446.4410989432784;-192.2752612342437
0.0
77.26789806497807;-15.688940680898174;-2536.934466693438
73.24817172670714;42979.17444536263;1934.5258957170893
1.9999206585190885;446.46214757070356;-192.27479337290205
0.0
77.25042560921534;-15.688833535900814;-2536.530819972547
73.24812081470262;42981.16532021993;1934.6255602722827
1.999930412619728;446.4432992943921;-192.27376738590073
0.0
77.95917823811489;-15.706280899381536;-2536.8058966984404
73.24805180592561;42986.89289378548;1934.8901908386279
1.999986529115905;446.23156645450524;-192.25993188687784
0.0
62.43494415291153;-15.26426780118299;-2472.53561473022
73.38244817576934;42860.08929573464;1927.2068606889063
1.9996569917103928;449.9057039867461;-193.11431199611093
0.0
68.9741370071016;-15.392974263355095;-2519.563615195994
73.24990530365675;42894.63938849638;1930.5019983741022
1.9997942998977314;448.0121200919969;-192.47284783830378
0.0
73.2780891336063;-15.530477975352492;-2526.76514044277
73.24915259484075;42928.86821016794;1931.962184593802
1.9999987379137447;447.3813136931329;-192.43643158164417
0.0
69.6910293267027;-15.432835884580522;-2527.0958422684025
73.24977054720047;42904.5128981508;1931.1146375283097
1.9996488297027861;447.91195373266635;-192.39598376323082
0.0
70.22887951495126;-15.428399528459023;-2541.323957812665
73.25443726696463;42843.90557801196;1929.2327915288463
1.9996396282359676;449.6008079064818;-192.35630621029904
0.0
70.24761573799827;-15.42875265460063;-2541.348754171048
73.2543699785783;42843.945801635185;1929.2364397648587
1.999642370776846;449.59970865415795;-192.355901759039
0.0
70.49634285691664;-15.433158163407589;-2539.9856187437185
73.25384226731121;42850.98883057436;1929.4883166293077
1.9993974804378032;449.3685474457294;-192.34726786105284
0.0
69.7170345664685;-15.437684441294687;-2529.816258564511
73.2497197832274;42905.37303461466;1931.318958701515
1.9997817677733118;447.88096531121323;-192.34238423551324
0.0
69.87555956390499;-15.444200814002585;-2529.2481467406074
73.24959985818425;42905.95890926585;1931.3847355732016
1.9997325070305334;447.8366391384382;-192.33561166118676
0.0
75.54614565571653;-15.583671975750788;-2535.8429730186804
73.24887435249072;42932.986007203086;1932.4045715707423
1.9998153787230417;447.58002857873;-192.31159815644494
0.0
77.06916834386146;-15.682714995595948;-2536.961670721537
73.24822804616193;42977.090527242595;1934.4095744196084
1.999975710024183;446.5660032683079;-192.28372535217528
0.0
77.43812832855703;-15.693922522209855;-2536.694398229812
73.24815510833164;42981.162594237096;1934.5964712758944
1.9999775425518733;446.4768945887633;-192.28035106539323
0.0
77.2635786340158;-15.68879281388313;-2537.063704539136
73.24819016342286;42978.7751520921;1934.5070509617185
1.9999891170237498;446.47051971194986;-192.2745002091428
0.0
77.27309103124244;-15.689002995470908;-2536.984151445864
73.2481816324948;42979.00623101439;1934.519231951102
1.9999831386390494;446.4675723611971;-192.27436379697428
0.0
77.28513454016317;-15.689470262333536;-2536.933109242222
73.24818031411453;42979.165364251814;1934.5344691794967
1.9999654402004166;446.480281376428;-192.271694003006
0.0
62.5570356260571;-15.270533228527857;-2480.381132889993
73.37459700479965;42857.03814008889;1927.4008549354128
1.9998262005695508;449.97707025606246;-193.02669187415074
0.0
72.12792934386086;-15.480217991611292;-2544.7912833368805
73.25262861655038;42851.05879307406;1929.2921692559166
1.9997124684281413;449.42266220771563;-192.36148710776973
0.0
70.71143391352851;-15.44220195031608;-2534.2418364389964
73.25123060631589;42879.71676206413;1930.4433268559612
1.999782247864543;448.4452385927804;-192.34953724715425
0.0
77.21752776815323;-15.68708004790546;-2537.039993989429
73.24818224319;42978.91925548584;1934.5227167290188
1.9999777013150737;446.48058444165315;-192.2727001568588
0.0
71.61923160585262;-15.467445883728473;-2541.3334761138344
73.25113450284647;42885.540344615736;1930.8439332422276
1.99975165936025;448.4081772450706;-192.25866959088876
0.0
77.0088155149238;-15.682717417733738;-2536.7450234536454
73.24823889872341;42978.8667895534;1934.4703080161496
1.9999643173203983;446.58592572877853;-192.29342976246843
0.0
77.51293038527211;-15.696229864322117;-2536.6633529985656
73.24810060892253;42983.32451601322;1934.6892061035553
1.999942057219294;446.4287813398556;-192.28078958878243
0.0
78.01305151439348;-15.707774090917855;-2536.6775885882926
73.24804501197588;42988.653445724645;1934.955357875724
1.9999903994909698;446.2297773903966;-192.26551653818964
0.0
62.40140198114552;-15.266533441709933;-2467.31852990502
73.38509959862836;42864.358134002425;1927.1929424173584
1.9995717787929916;449.8921427261725;-193.17874236234496
0.0
77.49470330399377;-15.695857321344034;-2537.1112718946724
73.24823414297886;42979.459380589804;1934.505677584895
1.9999336791003264;446.540519299341;-192.27947275934616
0.0
63.006689505529174;-15.31210856801044;-2491.5496308418333
73.34902209864474;42865.15229103207;1928.2197035923512
1.9994333348069968;449.9065615060271;-192.9554451357387
0.0
69.18818325134144;-15.417019601601504;-2517.098954203161
73.25004678684509;42903.32408541765;1930.6119544731696
1.9991847657130402;447.99824961801914;-192.53814506113042
0.0
70.30448497842578;-15.454530585714851;-2512.3441393535845
73.2494796927328;42920.90863639726;1931.1131271913307
1.9998492852378456;447.74233802128964;-192.5866773553687
