200
4
0.0
63.67969307206866;-15.303151473473044;-2499.749906582575
73.25499377419374;42833.970407437526;1927.15095710184
1.999954560186256;449.89412142910345;-192.87764887781836
0.0
63.68188302530977;-15.304172981055512;-2500.8590625846346
73.25491318596772;42834.85271299567;1927.2525376124938
1.9995116807208244;449.99188380487004;-192.85842412235374
0.0
63.68397971980795;-15.30455902240443;-2501.1543271071478
73.25491325562353;42834.70778889753;1927.2480480790969
1.9997170003480154;449.9498142718157;-192.85741523183532
0.0
63.680360538958645;-15.285648221981681;-2499.83684526843
73.25548040678385;42826.90437317355;1926.8841912959747
1.9998316744537803;449.88014360674373;-192.855809164396
0.0
63.685343799700405;-15.288280956784929;-2501.3133548535106
73.255229293701;42827.077828443194;1926.9245146645212
1.9998463275943155;449.87698219751525;-192.84267561980968
0.0
63.68743208167503;-15.306633834443993;-2502.4663499513313
73.25480804918746;42835.53392646149;1927.3391776196174
1.99960288650871;449.97089852064624;-192.84017559983172
0.0
63.689370233167324;-15.303093115045188;-2503.0169032170343
73.25492182386459;42833.46666772089;1927.2694835177008
1.9996849581755525;449.94083603009716;-192.83206891928614
0.0
63.69100954427369;-15.302744473722818;-2503.6961103605504
73.25489844123136;42832.911465680496;1927.2705684599819
1.9996218862317583;449.94553154247296;-192.82384147665562
0.0
63.691421521581965;-15.290830578459783;-2503.7024572930504
73.2550302724346;42827.310293602655;1927.0346262423693
1.9997884601538083;449.8965291362973;-192.81343049575008
0.0
63.69473175751349;-15.30172734595742;-2504.5110328405003
73.2548180297983;42832.63368724727;1927.2961544995685
1.999750232138457;449.91008568728046;-192.8098555307778
0.0
63.70098477372862;-15.31420409619147;-2506.3352612532262
73.25447920093912;42836.72555703944;1927.499781904513
1.9995230537371869;449.9315410539034;-192.80553495334743
0.0
63.7049415039499;-15.323662853553735;-2508.0526840777384
73.25417110897095;42840.33913983385;1927.7279028455778
1.9991744763296397;449.9443961813346;-192.79035857839074
0.0
63.70451829917866;-15.31472469173744;-2507.669935570371
73.25440286641155;42836.8692628266;1927.5608955398911
1.9994970653727033;449.916674300881;-192.78652878826085
0.0
63.705862271994654;-15.315315696702298;-2508.3286579305486
73.2543941992322;42837.38878288551;1927.6103989225296
1.999421913785672;449.9291785235283;-192.77583264531188
0.0
63.70620103696718;-15.315497206392598;-2508.9926865063426
73.25439366998661;42836.82361873078;1927.612803360971
1.9995784698893773;449.8932855848823;-192.76909410732992
0.0
63.70627444902775;-15.31666906406427;-2509.3678222567983
73.25435977230063;42836.78913125144;1927.613614379835
1.9994849778047827;449.9126319395035;-192.7676958437342
0.0
63.70604232282019;-15.3112985855799;-2509.5196313881916
73.25441268566168;42834.017655766234;1927.5116596509283
1.9996353336275323;449.8321238864307;-192.7603664374918
0.0
63.709318914033155;-15.317851265954294;-2510.184750619132
73.25428884505813;42837.77367881925;1927.7029482596167
1.9995296786518792;449.90285056840725;-192.7537956270335
0.0
63.709217049921484;-15.31732558625222;-2510.3195709637466
73.25431172455383;42837.23553123421;1927.686333165288
1.9995266599461716;449.90399183235115;-192.7527815291342
0.0
63.71051413267154;-15.317447580612175;-2510.5606963031887
73.25427719580084;42837.4305921014;1927.7029576146274
1.999511610705676;449.8948035417656;-192.7488924358442
0.0
63.716383614813246;-15.32207147927317;-2513.117582905156
73.25410653895811;42838.48809462897;1927.8465373555646
1.9993391834633945;449.9404226488357;-192.72047049605075
0.0
63.73598518952389;-15.331080649659892;-2519.1181410819754
73.25357978711025;42841.02265073206;1928.1869898333377
1.999619343097326;449.8673786358851;-192.64644914901544
0.0
66.95804639049895;-15.463790115057934;-2512.437011440528
73.2514885649668;42920.643459401486;1931.6619127080335
1.999825726816758;448.99410060114167;-192.6073918768851
0.0
63.74564406446984;-15.336707124504946;-2523.24106124998
73.25327333359662;42842.97720542699;1928.435689541403
1.9996909199272768;449.8081243661026;-192.59497779392777
0.0
63.75146142647145;-15.336329616363829;-2524.045518825005
73.25301905409816;42842.5812336258;1928.451304409005
1.9997372500497188;449.8020144714332;-192.58413560943623
0.0
63.79179103531147;-15.378357307021055;-2527.5473241474124
73.25289479958396;42875.019208646416;1930.3644164799437
1.9994412858767685;449.92865929397897;-192.49674099993743
0.0
63.786301510211715;-15.372241569183085;-2528.9424314962357
73.25300851006475;42867.00380105646;1929.8818113882498
1.9997512197734966;449.79063527247536;-192.4960496267577
0.0
64.66712315169134;-15.402001338803966;-2520.863781393283
73.25183091201873;42896.33134774113;1931.119000209072
1.999651225820093;449.57884203129726;-192.49263919872217
0.0
64.95531066542108;-15.400623755116497;-2522.183281297513
73.25211474375412;42891.56861830702;1930.934960472221
1.9995306254477339;449.76330544215045;-192.4857989523893
0.0
64.96018946719418;-15.402658463859241;-2522.559190158368
73.25212260025566;42891.13735747241;1930.9309337454672
1.999437599349715;449.77511060964787;-192.479795536741
0.0
67.14848307499707;-15.4683763957539;-2518.5625694674477
73.25083993767846;42940.71761348441;1933.13161681908
1.9996589022244546;448.7613804535729;-192.42127587612868
0.0
65.24122828173702;-15.398435571127482;-2533.039635706001
73.25172355037101;42899.87362458768;1931.5843297834595
1.9993722542173582;449.5602733459476;-192.29623850548094
0.0
65.14295006268357;-15.395654896812319;-2536.0691505219083
73.25162736933561;42900.57254128488;1931.6884898461315
1.9991935495697102;449.55134453983527;-192.27647897477686
0.0
66.86445859954028;-15.46275266377425;-2528.2441294844743
73.25056874385835;42948.75318835574;1933.9501416980079
1.9999470299142708;448.6730249103868;-192.255237624247
0.0
66.72150106722245;-15.458982478305627;-2526.9160301981897
73.25041132649119;42954.1620782852;1934.1184236362235
1.9998511057023096;448.62559577996944;-192.25043575911113
0.0
66.82873499345534;-15.460823269095464;-2528.037595964751
73.25043645269012;42952.09283066579;1934.0808957360682
1.9998183757972594;448.7218069031497;-192.2379096150295
0.0
66.82873499345534;-15.460823269095464;-2528.037595964751
73.25043645269012;42952.09283066579;1934.0808957360682
1.9998183757972594;448.7218069031497;-192.2379096150295
0.0
66.82873499345534;-15.460823269095464;-2528.037595964751
73.25043645269012;42952.09283066579;1934.0808957360682
1.9998183757972594;448.7218069031497;-192.2379096150295
0.0
66.82768154403782;-15.46081273620485;-2528.109972061068
73.2504391447328;42952.08768084439;1934.08415340211
1.9998072201527306;448.72187659521484;-192.2371257853071
0.0
66.84014681045196;-15.460779850950468;-2528.706521898803
73.2504707328431;42948.94283036142;1933.9899273467474
1.999781431534877;448.74604284543136;-192.23192373364418
0.0
63.696638781103026;-15.310234671764734;-2504.9885893583582
73.2546634231669;42836.641614401706;1927.4890798565268
1.9998388743764466;449.9076586248759;-192.80941405491703
0.0
63.6955649881601;-15.300381630756146;-2504.5986745848504
73.25487886378932;42832.464095337295;1927.305417854408
1.9996097578388081;449.960741336433;-192.80517395347275
0.0
63.69279515872302;-15.285576427219985;-2504.268376986159
73.25507880101611;42824.49124383918;1926.941816201744
1.999810774553287;449.8985112618008;-192.8018154042099
0.0
63.69755609936336;-15.303858835674442;-2505.593243356067
73.25473169649385;42833.14790394481;1927.354860490646
1.9998097443812868;449.90374158636956;-192.79840448962216
0.0
63.704088165841256;-15.31471743739146;-2507.674298602443
73.25440121168288;42836.95410113373;1927.5676341057165
1.9994973563186809;449.919258090378;-192.78555483149466
0.0
63.70783965306474;-15.314701936841326;-2509.588164706855
73.25434983019854;42836.35637135327;1927.621160628267
1.9995599556052315;449.9154617323378;-192.75960035919007
0.0
63.70928325813888;-15.317511594176883;-2510.3494390979918
73.25432496002954;42837.20077602175;1927.6805669782316
1.9995024352469253;449.91557109524086;-192.753427461326
0.0
63.71067042811769;-15.318984529219827;-2510.6460575433894
73.25424142069183;42837.843432011614;1927.7105610378248
1.9995445165396823;449.9040564149089;-192.751196533396
0.0
63.709958436472746;-15.310144977191884;-2510.616657648132
73.25451649495733;42833.992179129375;1927.5582583596295
1.9993833620972563;449.95190452944667;-192.74236451018166
0.0
63.71593445889294;-15.319910200002292;-2511.6091187288553
73.25408162605072;42838.62236327175;1927.7730666833227
1.9992758688875025;449.97753537501666;-192.73727672142954
0.0
63.717236318121515;-15.323771563512123;-2513.5589125446527
73.25401905459618;42838.673542244185;1927.8657514899664
1.9996567030399837;449.85411307397646;-192.71728377287957
0.0
63.72096454934741;-15.327469902292636;-2514.926195849941
73.2539218247736;42839.990210295546;1927.9691285847928
1.9995242822336896;449.9111983312682;-192.70221442435255
0.0
63.72414358461146;-15.33273046478703;-2515.229704969684
73.25365062700307;42842.60403943128;1928.097674650776
1.9996476324915644;449.8838423739527;-192.70217481736182
0.0
63.72745217716456;-15.326480656795951;-2516.458055534149
73.25376843880248;42839.093618745865;1927.9744214346476
1.9997733598593577;449.8429901424335;-192.6833855120587
0.0
63.74143066866174;-15.33620132263555;-2518.1773280020243
73.25327748642397;42846.37980951369;1928.4088270915076
1.9991975962116577;449.98744246126984;-192.65295152234893
0.0
63.74553318179375;-15.332508654623657;-2521.645624538986
73.25331575561833;42842.095884888724;1928.3054244641196
1.9992704754056727;449.97515705312725;-192.6135727419556
0.0
63.78851069539926;-15.37499156105678;-2529.729196633976
73.25296926873477;42867.59131105618;1929.9321783735202
1.9998690217347077;449.7343145025606;-192.48896716908328
0.0
64.67004364226595;-15.40406372425202;-2521.562193350871
73.25179560372048;42900.651739033856;1931.369562848255
1.9999813555081714;449.48448869405433;-192.47010499349093
0.0
63.79631229017418;-15.371892235439011;-2530.675187477173
73.25293292327893;42867.4058862392;1929.9900901548754
1.9997696922776467;449.7461787978335;-192.46505624775196
0.0
64.67496154182122;-15.403311806892733;-2521.9377415256668
73.25180355866115;42900.22120915743;1931.3655603663738
1.9998882745304427;449.4961992057301;-192.46410638710844
0.0
63.79907119402666;-15.372541515514426;-2533.4126883019862
73.25293793606166;42866.860821320486;1930.0576678157358
1.999668817048698;449.6683074404619;-192.43300746765422
0.0
66.51877032620321;-15.425932386834939;-2522.4374282222334
73.25059672366226;42943.507492801036;1933.704755792599
1.9998437815127916;448.8138654977614;-192.2710774056405
0.0
65.77977796531536;-15.411460601555666;-2535.263696134972
73.25087558940182;42912.8314896537;1932.4544198475373
1.999823099350354;449.138220680708;-192.20877612128922
0.0
63.35146142620622;-15.25771556267523;-2505.942013120008
73.28182927307775;42807.8743488545;1927.391318190175
1.9999377154809297;449.940332440478;-192.74311831098447
0.0
63.35146142620622;-15.25771556267523;-2505.942013120008
73.28182927307775;42807.8743488545;1927.391318190175
1.9999377154809297;449.940332440478;-192.74311831098447
0.0
66.80886610992472;-15.457230101766026;-2532.2308459659694
73.25073693768503;42942.40532394877;1933.8613727181619
1.9999536905566233;449.1028385313613;-192.22431790060662
0.0
63.8347910415689;-15.377067548976417;-2539.039994415593
73.25291455323475;42872.99028313678;1930.6678453743682
1.999872807215854;449.77154403972384;-192.32953406161175
0.0
63.7283182068846;-15.335239196429873;-2517.633468108996
73.25352035674456;42841.5814272793;1928.109976566574
1.999849969930967;449.85003687132354;-192.68120939495054
0.0
63.71921640755494;-15.322497141118136;-2514.090449927772
73.25401089106735;42838.62643697125;1927.8856243045223
1.9997315379877643;449.89272142626226;-192.70680375498807
0.0
63.35146142620622;-15.25771556267523;-2505.942013120008
73.28182927307775;42807.8743488545;1927.391318190175
1.9999377154809297;449.940332440478;-192.74311831098447
0.0
63.35146142620622;-15.25771556267523;-2505.942013120008
73.28182927307775;42807.8743488545;1927.391318190175
1.9999377154809297;449.940332440478;-192.74311831098447
0.0
63.35146142620622;-15.25771556267523;-2505.942013120008
73.28182927307775;42807.8743488545;1927.391318190175
1.9999377154809297;449.940332440478;-192.74311831098447
0.0
63.35146142620622;-15.25771556267523;-2505.942013120008
73.28182927307775;42807.8743488545;1927.391318190175
1.9999377154809297;449.940332440478;-192.74311831098447
0.0
63.35146142620622;-15.25771556267523;-2505.942013120008
73.28182927307775;42807.8743488545;1927.391318190175
1.9999377154809297;449.940332440478;-192.74311831098447
0.0
63.35146142620622;-15.25771556267523;-2505.942013120008
73.28182927307775;42807.8743488545;1927.391318190175
1.9999377154809297;449.940332440478;-192.74311831098447
0.0
63.35146142620622;-15.25771556267523;-2505.942013120008
73.28182927307775;42807.8743488545;1927.391318190175
1.9999377154809297;449.940332440478;-192.74311831098447
0.0
63.35146142620622;-15.25771556267523;-2505.942013120008
73.28182927307775;42807.8743488545;1927.391318190175
1.9999377154809297;449.940332440478;-192.74311831098447
0.0
63.35146142620622;-15.25771556267523;-2505.942013120008
73.28182927307775;42807.8743488545;1927.391318190175
1.9999377154809297;449.940332440478;-192.74311831098447
0.0
63.35146142620622;-15.25771556267523;-2505.942013120008
73.28182927307775;42807.8743488545;1927.391318190175
1.9999377154809297;449.940332440478;-192.74311831098447
0.0
63.35146142620622;-15.25771556267523;-2505.942013120008
73.28182927307775;42807.8743488545;1927.391318190175
1.9999377154809297;449.940332440478;-192.74311831098447
0.0
63.35146142620622;-15.25771556267523;-2505.942013120008
73.28182927307775;42807.8743488545;1927.391318190175
1.9999377154809297;449.940332440478;-192.74311831098447
0.0
63.35146142620622;-15.25771556267523;-2505.942013120008
73.28182927307775;42807.8743488545;1927.391318190175
1.9999377154809297;449.940332440478;-192.74311831098447
0.0
63.35146142620622;-15.25771556267523;-2505.942013120008
73.28182927307775;42807.8743488545;1927.391318190175
1.9999377154809297;449.940332440478;-192.74311831098447
0.0
63.35146142620622;-15.25771556267523;-2505.942013120008
73.28182927307775;42807.8743488545;1927.391318190175
1.9999377154809297;449.940332440478;-192.74311831098447
0.0
63.35146142620622;-15.25771556267523;-2505.942013120008
73.28182927307775;42807.8743488545;1927.391318190175
1.9999377154809297;449.940332440478;-192.74311831098447
0.0
63.35146142620622;-15.25771556267523;-2505.942013120008
73.28182927307775;42807.8743488545;1927.391318190175
1.9999377154809297;449.940332440478;-192.74311831098447
0.0
63.35146142620622;-15.25771556267523;-2505.942013120008
73.28182927307775;42807.8743488545;1927.391318190175
1.9999377154809297;449.940332440478;-192.74311831098447
0.0
63.35146142620622;-15.25771556267523;-2505.942013120008
73.28182927307775;42807.8743488545;1927.391318190175
1.9999377154809297;449.940332440478;-192.74311831098447
0.0
63.35146142620622;-15.25771556267523;-2505.942013120008
73.28182927307775;42807.8743488545;1927.391318190175
1.9999377154809297;449.940332440478;-192.74311831098447
0.0
63.35146142620622;-15.25771556267523;-2505.942013120008
73.28182927307775;42807.8743488545;1927.391318190175
1.9999377154809297;449.940332440478;-192.74311831098447
0.0
63.35146142620622;-15.25771556267523;-2505.942013120008
73.28182927307775;42807.8743488545;1927.391318190175
1.9999377154809297;449.940332440478;-192.74311831098447
0.0
63.35146142620622;-15.25771556267523;-2505.942013120008
73.28182927307775;42807.8743488545;1927.391318190175
1.9999377154809297;449.940332440478;-192.74311831098447
0.0
63.35146142620622;-15.25771556267523;-2505.942013120008
73.28182927307775;42807.8743488545;1927.391318190175
1.9999377154809297;449.940332440478;-192.74311831098447
0.0
63.35146142620622;-15.25771556267523;-2505.942013120008
73.28182927307775;42807.8743488545;1927.391318190175
1.9999377154809297;449.940332440478;-192.74311831098447
0.0
63.35146142620622;-15.25771556267523;-2505.942013120008
73.28182927307775;42807.8743488545;1927.391318190175
1.9999377154809297;449.940332440478;-192.74311831098447
0.0
63.35146142620622;-15.25771556267523;-2505.942013120008
73.28182927307775;42807.8743488545;1927.391318190175
1.9999377154809297;449.940332440478;-192.74311831098447
0.0
63.35146142620622;-15.25771556267523;-2505.942013120008
73.28182927307775;42807.8743488545;1927.391318190175
1.9999377154809297;449.940332440478;-192.74311831098447
0.0
63.35146142620622;-15.25771556267523;-2505.942013120008
73.28182927307775;42807.8743488545;1927.391318190175
1.9999377154809297;449.940332440478;-192.74311831098447
0.0
63.35146142620622;-15.25771556267523;-2505.942013120008
73.28182927307775;42807.8743488545;1927.391318190175
1.9999377154809297;449.940332440478;-192.74311831098447
0.0
63.35146142620622;-15.25771556267523;-2505.942013120008
73.28182927307775;42807.8743488545;1927.391318190175
1.9999377154809297;449.940332440478;-192.74311831098447
0.0
63.35146142620622;-15.25771556267523;-2505.942013120008
73.28182927307775;42807.8743488545;1927.391318190175
1.9999377154809297;449.940332440478;-192.74311831098447
0.0
63.35146142620622;-15.25771556267523;-2505.942013120008
73.28182927307775;42807.8743488545;1927.391318190175
1.9999377154809297;449.940332440478;-192.74311831098447
0.0
63.35146142620622;-15.25771556267523;-2505.942013120008
73.28182927307775;42807.8743488545;1927.391318190175
1.9999377154809297;449.940332440478;-192.74311831098447
0.0
63.35146142620622;-15.25771556267523;-2505.942013120008
73.28182927307775;42807.8743488545;1927.391318190175
1.9999377154809297;449.940332440478;-192.74311831098447
0.0
63.35146142620622;-15.25771556267523;-2505.942013120008
73.28182927307775;42807.8743488545;1927.391318190175
1.9999377154809297;449.940332440478;-192.74311831098447
0.0
63.35146142620622;-15.25771556267523;-2505.942013120008
73.28182927307775;42807.8743488545;1927.391318190175
1.9999377154809297;449.940332440478;-192.74311831098447
0.0
63.35146142620622;-15.25771556267523;-2505.942013120008
73.28182927307775;42807.8743488545;1927.391318190175
1.9999377154809297;449.940332440478;-192.74311831098447
0.0
63.35146142620622;-15.25771556267523;-2505.942013120008
73.28182927307775;42807.8743488545;1927.391318190175
1.9999377154809297;449.940332440478;-192.74311831098447
0.0
63.35146142620622;-15.25771556267523;-2505.942013120008
73.28182927307775;42807.8743488545;1927.391318190175
1.9999377154809297;449.940332440478;-192.74311831098447
0.0
63.35146142620622;-15.25771556267523;-2505.942013120008
73.28182927307775;42807.8743488545;1927.391318190175
1.9999377154809297;449.940332440478;-192.74311831098447
0.0
63.35146142620622;-15.25771556267523;-2505.942013120008
73.28182927307775;42807.8743488545;1927.391318190175
1.9999377154809297;449.940332440478;-192.74311831098447
0.0
63.35146142620622;-15.25771556267523;-2505.942013120008
73.28182927307775;42807.8743488545;1927.391318190175
1.9999377154809297;449.940332440478;-192.74311831098447
0.0
63.35146142620622;-15.25771556267523;-2505.942013120008
73.28182927307775;42807.8743488545;1927.391318190175
1.9999377154809297;449.940332440478;-192.74311831098447
0.0
63.35146142620622;-15.25771556267523;-2505.942013120008
73.28182927307775;42807.8743488545;1927.391318190175
1.9999377154809297;449.940332440478;-192.74311831098447
0.0
63.35146142620622;-15.25771556267523;-2505.942013120008
73.28182927307775;42807.8743488545;1927.391318190175
1.9999377154809297;449.940332440478;-192.74311831098447
0.0
63.35146142620622;-15.25771556267523;-2505.942013120008
73.28182927307775;42807.8743488545;1927.391318190175
1.9999377154809297;449.940332440478;-192.74311831098447
0.0
63.35146142620622;-15.25771556267523;-2505.942013120008
73.28182927307775;42807.8743488545;1927.391318190175
1.9999377154809297;449.940332440478;-192.74311831098447
0.0
63.35146142620622;-15.25771556267523;-2505.942013120008
73.28182927307775;42807.8743488545;1927.391318190175
1.9999377154809297;449.940332440478;-192.74311831098447
0.0
63.35146142620622;-15.25771556267523;-2505.942013120008
73.28182927307775;42807.8743488545;1927.391318190175
1.9999377154809297;449.940332440478;-192.74311831098447
0.0
63.35146142620622;-15.25771556267523;-2505.942013120008
73.28182927307775;42807.8743488545;1927.391318190175
1.9999377154809297;449.940332440478;-192.74311831098447
0.0
63.35146142620622;-15.25771556267523;-2505.942013120008
73.28182927307775;42807.8743488545;1927.391318190175
1.9999377154809297;449.940332440478;-192.74311831098447
0.0
63.35146142620622;-15.25771556267523;-2505.942013120008
73.28182927307775;42807.8743488545;1927.391318190175
1.9999377154809297;449.940332440478;-192.74311831098447
0.0
63.35146142620622;-15.25771556267523;-2505.942013120008
73.28182927307775;42807.8743488545;1927.391318190175
1.9999377154809297;449.940332440478;-192.74311831098447
0.0
63.35146142620622;-15.25771556267523;-2505.942013120008
73.28182927307775;42807.8743488545;1927.391318190175
1.9999377154809297;449.940332440478;-192.74311831098447
0.0
63.35146142620622;-15.25771556267523;-2505.942013120008
73.28182927307775;42807.8743488545;1927.391318190175
1.9999377154809297;449.940332440478;-192.74311831098447
0.0
63.35146142620622;-15.25771556267523;-2505.942013120008
73.28182927307775;42807.8743488545;1927.391318190175
1.9999377154809297;449.940332440478;-192.74311831098447
0.0
63.35146142620622;-15.25771556267523;-2505.942013120008
73.28182927307775;42807.8743488545;1927.391318190175
1.9999377154809297;449.940332440478;-192.74311831098447
0.0
63.35146142620622;-15.25771556267523;-2505.942013120008
73.28182927307775;42807.8743488545;1927.391318190175
1.9999377154809297;449.940332440478;-192.74311831098447
0.0
63.35146142620622;-15.25771556267523;-2505.942013120008
73.28182927307775;42807.8743488545;1927.391318190175
1.9999377154809297;449.940332440478;-192.74311831098447
0.0
63.35146142620622;-15.25771556267523;-2505.942013120008
73.28182927307775;42807.8743488545;1927.391318190175
1.9999377154809297;449.940332440478;-192.74311831098447
0.0
63.35146142620622;-15.25771556267523;-2505.942013120008
73.28182927307775;42807.8743488545;1927.391318190175
1.9999377154809297;449.940332440478;-192.74311831098447
0.0
63.35146142620622;-15.25771556267523;-2505.942013120008
73.28182927307775;42807.8743488545;1927.391318190175
1.9999377154809297;449.940332440478;-192.74311831098447
0.0
63.35146142620622;-15.25771556267523;-2505.942013120008
73.28182927307775;42807.8743488545;1927.391318190175
1.9999377154809297;449.940332440478;-192.74311831098447
0.0
63.35146142620622;-15.25771556267523;-2505.942013120008
73.28182927307775;42807.8743488545;1927.391318190175
1.9999377154809297;449.940332440478;-192.74311831098447
0.0
63.35146142620622;-15.25771556267523;-2505.942013120008
73.28182927307775;42807.8743488545;1927.391318190175
1.9999377154809297;449.940332440478;-192.74311831098447
0.0
63.35146142620622;-15.25771556267523;-2505.942013120008
73.28182927307775;42807.8743488545;1927.391318190175
1.9999377154809297;449.940332440478;-192.74311831098447
0.0
63.35146142620622;-15.25771556267523;-2505.942013120008
73.28182927307775;42807.8743488545;1927.391318190175
1.9999377154809297;449.940332440478;-192.74311831098447
0.0
63.35146142620622;-15.25771556267523;-2505.942013120008
73.28182927307775;42807.8743488545;1927.391318190175
1.9999377154809297;449.940332440478;-192.74311831098447
0.0
63.35146142620622;-15.25771556267523;-2505.942013120008
73.28182927307775;42807.8743488545;1927.391318190175
1.9999377154809297;449.940332440478;-192.74311831098447
0.0
63.35146142620622;-15.25771556267523;-2505.942013120008
73.28182927307775;42807.8743488545;1927.391318190175
1.9999377154809297;449.940332440478;-192.74311831098447
0.0
63.35146142620622;-15.25771556267523;-2505.942013120008
73.28182927307775;42807.8743488545;1927.391318190175
1.9999377154809297;449.940332440478;-192.74311831098447
0.0
63.35146142620622;-15.25771556267523;-2505.942013120008
73.28182927307775;42807.8743488545;1927.391318190175
1.9999377154809297;449.940332440478;-192.74311831098447
0.0
63.35146142620622;-15.25771556267523;-2505.942013120008
73.28182927307775;42807.8743488545;1927.391318190175
1.9999377154809297;449.940332440478;-192.74311831098447
0.0
63.35146142620622;-15.25771556267523;-2505.942013120008
73.28182927307775;42807.8743488545;1927.391318190175
1.9999377154809297;449.940332440478;-192.74311831098447
0.0
63.35146142620622;-15.25771556267523;-2505.942013120008
73.28182927307775;42807.8743488545;1927.391318190175
1.9999377154809297;449.940332440478;-192.74311831098447
0.0
63.35146142620622;-15.25771556267523;-2505.942013120008
73.28182927307775;42807.8743488545;1927.391318190175
1.9999377154809297;449.940332440478;-192.74311831098447
0.0
63.35146142620622;-15.25771556267523;-2505.942013120008
73.28182927307775;42807.8743488545;1927.391318190175
1.9999377154809297;449.940332440478;-192.74311831098447
0.0
63.35146142620622;-15.25771556267523;-2505.942013120008
73.28182927307775;42807.8743488545;1927.391318190175
1.9999377154809297;449.940332440478;-192.74311831098447
0.0
63.35146142620622;-15.25771556267523;-2505.942013120008
73.28182927307775;42807.8743488545;1927.391318190175
1.9999377154809297;449.940332440478;-192.74311831098447
0.0
63.35146142620622;-15.25771556267523;-2505.942013120008
73.28182927307775;42807.8743488545;1927.391318190175
1.9999377154809297;449.940332440478;-192.74311831098447
0.0
63.35146142620622;-15.25771556267523;-2505.942013120008
73.28182927307775;42807.8743488545;1927.391318190175
1.9999377154809297;449.940332440478;-192.74311831098447
0.0
63.35146142620622;-15.25771556267523;-2505.942013120008
73.28182927307775;42807.8743488545;1927.391318190175
1.9999377154809297;449.940332440478;-192.74311831098447
0.0
63.35146142620622;-15.25771556267523;-2505.942013120008
73.28182927307775;42807.8743488545;1927.391318190175
1.9999377154809297;449.940332440478;-192.74311831098447
0.0
63.35146142620622;-15.25771556267523;-2505.942013120008
73.28182927307775;42807.8743488545;1927.391318190175
1.9999377154809297;449.940332440478;-192.74311831098447
0.0
63.35146142620622;-15.25771556267523;-2505.942013120008
73.28182927307775;42807.8743488545;1927.391318190175
1.9999377154809297;449.940332440478;-192.74311831098447
0.0
63.35146142620622;-15.25771556267523;-2505.942013120008
73.28182927307775;42807.8743488545;1927.391318190175
1.9999377154809297;449.940332440478;-192.74311831098447
0.0
63.35146142620622;-15.25771556267523;-2505.942013120008
73.28182927307775;42807.8743488545;1927.391318190175
1.9999377154809297;449.940332440478;-192.74311831098447
0.0
63.35146142620622;-15.25771556267523;-2505.942013120008
73.28182927307775;42807.8743488545;1927.391318190175
1.9999377154809297;449.940332440478;-192.74311831098447
0.0
63.35146142620622;-15.25771556267523;-2505.942013120008
73.28182927307775;42807.8743488545;1927.391318190175
1.9999377154809297;449.940332440478;-192.74311831098447
0.0
63.35146142620622;-15.25771556267523;-2505.942013120008
73.28182927307775;42807.8743488545;1927.391318190175
1.9999377154809297;449.940332440478;-192.74311831098447
0.0
63.35146142620622;-15.25771556267523;-2505.942013120008
73.28182927307775;42807.8743488545;1927.391318190175
1.9999377154809297;449.940332440478;-192.74311831098447
0.0
63.35146142620622;-15.25771556267523;-2505.942013120008
73.28182927307775;42807.8743488545;1927.391318190175
1.9999377154809297;449.940332440478;-192.74311831098447
0.0
63.35146142620622;-15.25771556267523;-2505.942013120008
73.28182927307775;42807.8743488545;1927.391318190175
1.9999377154809297;449.940332440478;-192.74311831098447
0.0
63.35146142620622;-15.25771556267523;-2505.942013120008
73.28182927307775;42807.8743488545;1927.391318190175
1.9999377154809297;449.940332440478;-192.74311831098447
0.0
63.35146142620622;-15.25771556267523;-2505.942013120008
73.28182927307775;42807.8743488545;1927.391318190175
1.9999377154809297;449.940332440478;-192.74311831098447
0.0
63.35146142620622;-15.25771556267523;-2505.942013120008
73.28182927307775;42807.8743488545;1927.391318190175
1.9999377154809297;449.940332440478;-192.74311831098447
0.0
63.35146142620622;-15.25771556267523;-2505.942013120008
73.28182927307775;42807.8743488545;1927.391318190175
1.9999377154809297;449.940332440478;-192.74311831098447
0.0
63.35146142620622;-15.25771556267523;-2505.942013120008
73.28182927307775;42807.8743488545;1927.391318190175
1.9999377154809297;449.940332440478;-192.74311831098447
0.0
63.35146142620622;-15.25771556267523;-2505.942013120008
73.28182927307775;42807.8743488545;1927.391318190175
1.9999377154809297;449.940332440478;-192.74311831098447
0.0
63.35146142620622;-15.25771556267523;-2505.942013120008
73.28182927307775;42807.8743488545;1927.391318190175
1.9999377154809297;449.940332440478;-192.74311831098447
0.0
63.35146142620622;-15.25771556267523;-2505.942013120008
73.28182927307775;42807.8743488545;1927.391318190175
1.9999377154809297;449.940332440478;-192.74311831098447
0.0
63.35146142620622;-15.25771556267523;-2505.942013120008
73.28182927307775;42807.8743488545;1927.391318190175
1.9999377154809297;449.940332440478;-192.74311831098447
0.0
63.35146142620622;-15.25771556267523;-2505.942013120008
73.28182927307775;42807.8743488545;1927.391318190175
1.9999377154809297;449.940332440478;-192.74311831098447
0.0
63.35146142620622;-15.25771556267523;-2505.942013120008
73.28182927307775;42807.8743488545;1927.391318190175
1.9999377154809297;449.940332440478;-192.74311831098447
0.0
63.35146142620622;-15.25771556267523;-2505.942013120008
73.28182927307775;42807.8743488545;1927.391318190175
1.9999377154809297;449.940332440478;-192.74311831098447
0.0
63.35146142620622;-15.25771556267523;-2505.942013120008
73.28182927307775;42807.8743488545;1927.391318190175
1.9999377154809297;449.940332440478;-192.74311831098447
0.0
63.35146142620622;-15.25771556267523;-2505.942013120008
73.28182927307775;42807.8743488545;1927.391318190175
1.9999377154809297;449.940332440478;-192.74311831098447
0.0
63.35146142620622;-15.25771556267523;-2505.942013120008
73.28182927307775;42807.8743488545;1927.391318190175
1.9999377154809297;449.940332440478;-192.74311831098447
0.0
63.35146142620622;-15.25771556267523;-2505.942013120008
73.28182927307775;42807.8743488545;1927.391318190175
1.9999377154809297;449.940332440478;-192.74311831098447
0.0
63.35146142620622;-15.25771556267523;-2505.942013120008
73.28182927307775;42807.8743488545;1927.391318190175
1.9999377154809297;449.940332440478;-192.74311831098447
0.0
63.35146142620622;-15.25771556267523;-2505.942013120008
73.28182927307775;42807.8743488545;1927.391318190175
1.9999377154809297;449.940332440478;-192.74311831098447
0.0
63.35146142620622;-15.25771556267523;-2505.942013120008
73.28182927307775;42807.8743488545;1927.391318190175
1.9999377154809297;449.940332440478;-192.74311831098447
0.0
63.35146142620622;-15.25771556267523;-2505.942013120008
73.28182927307775;42807.8743488545;1927.391318190175
1.9999377154809297;449.940332440478;-192.74311831098447
0.0
63.35146142620622;-15.25771556267523;-2505.942013120008
73.28182927307775;42807.8743488545;1927.391318190175
1.9999377154809297;449.940332440478;-192.74311831098447
0.0
63.35146142620622;-15.25771556267523;-2505.942013120008
73.28182927307775;42807.8743488545;1927.391318190175
1.9999377154809297;449.940332440478;-192.74311831098447
0.0
63.35146142620622;-15.25771556267523;-2505.942013120008
73.28182927307775;42807.8743488545;1927.391318190175
1.9999377154809297;449.940332440478;-192.74311831098447
0.0
63.35146142620622;-15.25771556267523;-2505.942013120008
73.28182927307775;42807.8743488545;1927.391318190175
1.9999377154809297;449.940332440478;-192.74311831098447
0.0
63.35146142620622;-15.25771556267523;-2505.942013120008
73.28182927307775;42807.8743488545;1927.391318190175
1.9999377154809297;449.940332440478;-192.74311831098447
0.0
63.35146142620622;-15.25771556267523;-2505.942013120008
73.28182927307775;42807.8743488545;1927.391318190175
1.9999377154809297;449.940332440478;-192.74311831098447
0.0
63.35146142620622;-15.25771556267523;-2505.942013120008
73.28182927307775;42807.8743488545;1927.391318190175
1.9999377154809297;449.940332440478;-192.74311831098447
0.0
63.35146142620622;-15.25771556267523;-2505.942013120008
73.28182927307775;42807.8743488545;1927.391318190175
1.9999377154809297;449.940332440478;-192.74311831098447
0.0
63.35146142620622;-15.25771556267523;-2505.942013120008
73.28182927307775;42807.8743488545;1927.391318190175
1.9999377154809297;449.940332440478;-192.74311831098447
0.0
63.35146142620622;-15.25771556267523;-2505.942013120008
73.28182927307775;42807.8743488545;1927.391318190175
1.9999377154809297;449.940332440478;-192.74311831098447
0.0
63.35146142620622;-15.25771556267523;-2505.942013120008
73.28182927307775;42807.8743488545;1927.391318190175
1.9999377154809297;449.940332440478;-192.74311831098447
0.0
63.35146142620622;-15.25771556267523;-2505.942013120008
73.28182927307775;42807.8743488545;1927.391318190175
1.9999377154809297;449.940332440478;-192.74311831098447
0.0
63.35146142620622;-15.25771556267523;-2505.942013120008
73.28182927307775;42807.8743488545;1927.391318190175
1.9999377154809297;449.940332440478;-192.74311831098447
0.0
63.35146142620622;-15.25771556267523;-2505.942013120008
73.28182927307775;42807.8743488545;1927.391318190175
1.9999377154809297;449.940332440478;-192.74311831098447
0.0
63.35146142620622;-15.25771556267523;-2505.942013120008
73.28182927307775;42807.8743488545;1927.391318190175
1.9999377154809297;449.940332440478;-192.74311831098447
0.0
63.35146142620622;-15.25771556267523;-2505.942013120008
73.28182927307775;42807.8743488545;1927.391318190175
1.9999377154809297;449.940332440478;-192.74311831098447
0.0
63.35146142620622;-15.25771556267523;-2505.942013120008
73.28182927307775;42807.8743488545;1927.391318190175
1.9999377154809297;449.940332440478;-192.74311831098447
